trialnum	Generated	Heard	Id(Bk)Syl1	now	Id(Bk)	now	*F1	now	*F3	now	*F4	now	*F5	now	*B1	now	*B2	now	*B3	now	*B5	now	*F1_B1	now	*F1..._B1	now	*F1_B2	now	*F1..._B2	now	*F1_B3	now	*F1..._B3	now	*F1_B5	now	*F1..._B5	now	*F3_B1	now	*F3..._B1	now	*F3_B2	now	*F3..._B2	now	*F3_B3	now	*F3..._B3	now	*F3_B5	now	*F3..._B5	now	*F4_B1	now	*F4..._B1	now	*F4_B2	now	*F4..._B2	now	*F4_B3	now	*F4..._B3	now	*F4_B5	now	*F4..._B5	now	*F5_B1	now	*F5..._B1	now	*F5_B2	now	*F5..._B2	now	*F5_B3	now	*F5..._B3	now	*F5_B5	now	*F5..._B5	now	*_B1F1	now	*_B1...F1	now	*_B1F3	now	*_B1...F3	now	*_B1F4	now	*_B1...F4	now	*_B1F5	now	*_B1...F5	now	*_B2F1	now	*_B2...F1	now	*_B2F3	now	*_B2...F3	now	*_B2F4	now	*_B2...F4	now	*_B2F5	now	*_B2...F5	now	*_B3F1	now	*_B3...F1	now	*_B3F3	now	*_B3...F3	now	*_B3F4	now	*_B3...F4	now	*_B3F5	now	*_B3...F5	now	*_B5F1	now	*_B5...F1	now	*_B5F3	now	*_B5...F3	now	*_B5F4	now	*_B5...F4	now	*_B5F5	now	*_B5...F5	now
				0		0		140		140		140		140		140		140		140		140		100		120		100		120		100		120		100		120		100		120		100		120		100		120		100		120		100		120		100		120		100		120		100		120		100		120		100		120		100		120		100		120		100		120		100		120		100		120		100		120		100		120		100		120		100		120		100		120		100		120		100		120		100		120		100		120		100		120		100		120		100		120		100		120
0	Apriori	Id(Bk)Syl1>>Id(Bk)	40	40																																																																																																																																																		
1	OiO	oio	3.3333333333333335	43.333333333333336	0	0	3.3333333333333335	143.33333333333334	3.3333333333333335	143.33333333333334	3.3333333333333335	143.33333333333334	3.3333333333333335	143.33333333333334					-2	138	-2	138																																																									-2	98	-2	118	-2	98	-2	118																																													-2	98	-2	118													-2	98	-2	118
2	Eau	eau	2.4	45.733333333333334	0	0					-2	141.33333333333334	-2	141.33333333333334			2.4	142.4	2.4	140.4	2.4	140.4																																													-2	98	-2	118													-2	96	-2	116																																																																
4	ooo	Ooo	10.0	55.733333333333334	0	0	-2	141.33333333333334	-2	141.33333333333334	-2	139.33333333333334	-2	139.33333333333334					10.0	150.4	10.0	150.4									-2	98	-2	118	-2	98	-2	118									-2	98	-2	118	-2	98	-2	118									-2	98	-2	118	-2	96	-2	116									-2	96	-2	116	-2	94	-2	114																																																																
5	yA	ua	0.4	56.13333333333333	0	0			0.4	141.73333333333335	0.4	139.73333333333335	0.4	139.73333333333335							-2	148.4																																																																																																																																
6	iyA	iua			1.2	1.2			1.2	142.93333333333334	1.2	140.93333333333334	1.2	140.93333333333334							-2	146.4																																																													-2	92	-2	112																																																																
7	iOy	iou			2.0	3.2	2.0	143.33333333333334	2.0	144.93333333333334	2.0	142.93333333333334	2.0	142.93333333333334					-2	148.4	-2	144.4																																																									-2	94	-2	114	-2	90	-2	110																																																																
8	aiu	Aiu	2.0	58.13333333333333	0	3.2			-2	142.93333333333334	-2	140.93333333333334	-2	140.93333333333334							2.0	146.4																															-2	116															-2	114																																																																													2.0	100.0	2.0	120.0
9	eOy	Eou	1.0	59.13333333333333	0	3.2	1.0	144.33333333333334	1.0	143.93333333333334	1.0	141.93333333333334	1.0	141.93333333333334			-2	140.4	-2	146.4	-2	144.4																																																																																																																																
10	OiA	oia	2.6666666666666665	61.8	0	3.2	2.6666666666666665	147.0	2.6666666666666665	146.6	2.6666666666666665	144.6	2.6666666666666665	144.6					-2	144.4	-2	142.4																																																													-2	88	-2	108																																													-2	96	-2	116													-2	98.0	-2	118.0
12	oaE	oae			3.2	6.4					-2	142.6	-2	142.6			3.2	143.6	3.2	147.6	3.2	145.6																																																																																																											-2	118			-2	114									-2	98	-2	118	-2	96.0	-2	116.0
13	uOa	uoa			0.18181818181818182	6.581818181818182	0.18181818181818182	147.1818181818182	0.18181818181818182	146.78181818181818	0.18181818181818182	142.78181818181818	0.18181818181818182	142.78181818181818					-2	145.6	-2	143.6													0.18181818181818182	98.18181818181819	0.18181818181818182	118.18181818181819													0.18181818181818182	98.18181818181819	0.18181818181818182	116.18181818181819													0.18181818181818182	96.18181818181819	0.18181818181818182	114.18181818181819													0.18181818181818182	88.18181818181819	0.18181818181818182	108.18181818181819																																																	0.18181818181818182	100.18181818181819	0.18181818181818182	120.18181818181819	0.18181818181818182	100.18181818181819	0.18181818181818182	120.18181818181819	0.18181818181818182	98.18181818181819	0.18181818181818182	118.18181818181819	0.18181818181818182	96.18181818181819	0.18181818181818182	116.18181818181819
14	eei	Eei	7.5	69.3	0	6.581818181818182					7.5	150.28181818181818	7.5	150.28181818181818			-2	141.6	-2	143.6	-2	141.6																																																																																									-2	98	-2	118	-2	98	-2	118									-2	98	-2	116	-2	94	-2	112									-2	96.18181818181819	-2	116.18181818181819	-2	94.18181818181819	-2	114.18181818181819
15	uEI	uei			2.0	8.581818181818182					-2	148.28181818181818	-2	148.28181818181818	2.0	142.0	2.0	143.6	2.0	145.6	2.0	143.6																																																																																																																									-2	94.18181818181819	-2	114.18181818181819	-2	92.18181818181819	-2	112.18181818181819
16	Eao	eao	3.2	72.5	0	8.581818181818182					-2	146.28181818181818	-2	146.28181818181818			3.2	146.79999999999998	3.2	148.79999999999998	3.2	146.79999999999998																																											-2	116	-2	94.18181818181819	-2	112.18181818181819											-2	112	-2	86.18181818181819	-2	106.18181818181819																																																																
18	IIo	iio	1.6666666666666667	74.16666666666667	0	8.581818181818182							-2	144.28181818181818	1.6666666666666667	143.66666666666666	1.6666666666666667	148.46666666666664	1.6666666666666667	150.46666666666664	1.6666666666666667	148.46666666666664																																																									-2	92	-2	110	-2	84.18181818181819	-2	104.18181818181819																																																																
19	Aoe	aoe	0.35294117647058826	74.51960784313727	0	8.581818181818182			0.35294117647058826	147.13475935828876	0.35294117647058826	146.63475935828876	0.35294117647058826	144.63475935828876							-2	146.46666666666664																									0.35294117647058826	98.3529411764706	0.35294117647058826	118.3529411764706	0.35294117647058826	98.53475935828878	0.35294117647058826	116.53475935828878									0.35294117647058826	98.3529411764706	0.35294117647058826	116.3529411764706	0.35294117647058826	94.53475935828878	0.35294117647058826	112.53475935828878									0.35294117647058826	92.3529411764706	0.35294117647058826	110.3529411764706	0.35294117647058826	84.53475935828878	0.35294117647058826	104.53475935828878																																																											-2	112.18181818181819			-2	110.18181818181819
22	ua	ya	6.0	80.51960784313727	0	8.581818181818182			-2	145.13475935828876	-2	144.63475935828876	-2	142.63475935828876							6.0	152.46666666666664																													-2	96.53475935828878	-2	114.53475935828878													-2	92.53475935828878	-2	110.53475935828878													-2	82.53475935828878	-2	102.53475935828878																																																																
23	yO	yo			4.666666666666667	13.24848484848485	4.666666666666667	151.84848484848484	4.666666666666667	149.80142602495542	4.666666666666667	149.30142602495542	4.666666666666667	147.30142602495542					-2	148.46666666666664	-2	150.46666666666664																									-2	96.3529411764706	-2	116.3529411764706	-2	94.53475935828878	-2	112.53475935828878									-2	96.3529411764706	-2	114.3529411764706	-2	90.53475935828878	-2	108.53475935828878									-2	90.3529411764706	-2	108.3529411764706	-2	80.53475935828878	-2	100.53475935828878																																																																
25	auo	Auo	8.0	88.51960784313727	0	13.24848484848485			-2	147.80142602495542	-2	147.30142602495542	-2	145.30142602495542							8.0	158.46666666666664																											-2	114.3529411764706	-2	92.53475935828878	-2	110.53475935828878											-2	112.3529411764706	-2	88.53475935828878	-2	106.53475935828878											-2	106.3529411764706	-2	78.53475935828878	-2	98.53475935828878																																																																
26	Ayi	Aui			3.6	16.84848484848485			3.6	151.4014260249554	3.6	150.9014260249554	3.6	148.9014260249554							-2	156.46666666666664																													-2	90.53475935828878	-2	108.53475935828878													-2	86.53475935828878	-2	104.53475935828878													-2	76.53475935828878	-2	96.53475935828878																																																													-2	90.18181818181819	-2	108.18181818181819
27	eei	Eei	7.5	96.01960784313727	0	16.84848484848485					7.5	158.4014260249554	7.5	156.4014260249554			-2	146.46666666666664	-2	146.46666666666664	-2	154.46666666666664																																																																																									-2	96	-2	116	-2	96	-2	116									-2	96	-2	114	-2	92	-2	110									-2	92.18181818181819	-2	110.18181818181819	-2	88.18181818181819	-2	106.18181818181819
28	oEu	Oeu	4.0	100.01960784313727	0	16.84848484848485	-2	149.84848484848484	-2	149.4014260249554	-2	156.4014260249554	-2	154.4014260249554			4.0	150.46666666666664	4.0	150.46666666666664	4.0	158.46666666666664															-2	116.18181818181819															-2	106.53475935828878													-2	84.53475935828878	-2	102.53475935828878													-2	74.53475935828878	-2	94.53475935828878																																																																
29	yAe	uae	2.0	102.01960784313727	0	16.84848484848485			2.0	151.4014260249554	2.0	158.4014260249554	2.0	156.4014260249554							-2	156.46666666666664																																																																																																																									-2	90.18181818181819	-2	108.18181818181819	-2	86.18181818181819	-2	104.18181818181819
30	IoI	ioi	3.0	105.01960784313727	0	16.84848484848485							-2	154.4014260249554	3.0	146.66666666666666	3.0	153.46666666666664	3.0	153.46666666666664	3.0	159.46666666666664																																																									-2	88.3529411764706	-2	104.3529411764706	-2	72.53475935828878	-2	92.53475935828878																																													-2	90	-2	108													-2	84.18181818181819	-2	102.18181818181819
32	AO	ao	0.6666666666666666	105.68627450980394	0	16.84848484848485	0.6666666666666666	150.5151515151515	0.6666666666666666	152.06809269162207	0.6666666666666666	159.06809269162207	0.6666666666666666	155.06809269162207					-2	151.46666666666664	-2	157.46666666666664																																																																																																																																
33	uII	yii	1.0	106.68627450980394	0	16.84848484848485			-2	150.06809269162207	-2	157.06809269162207	-2	153.06809269162207	1.0	147.66666666666666	1.0	154.46666666666664	1.0	152.46666666666664	1.0	158.46666666666664																																																																																																																																
34	Oei	oei	3.3333333333333335	110.01960784313727	0	16.84848484848485	3.3333333333333335	153.84848484848484	3.3333333333333335	153.4014260249554	3.3333333333333335	160.4014260249554	3.3333333333333335	156.4014260249554					-2	150.46666666666664	-2	156.46666666666664																																																																																																									-2	94	-2	112	-2	88	-2	106									-2	88.18181818181819	-2	106.18181818181819	-2	82.18181818181819	-2	100.18181818181819
36	auE	aue			2.4	19.24848484848485					-2	158.4014260249554	-2	154.4014260249554			2.4	156.86666666666665	2.4	152.86666666666665	2.4	158.86666666666665																																																																																																																									-2	86.18181818181819	-2	104.18181818181819	-2	80.18181818181819	-2	98.18181818181819
37	uEE	yee	1.2	111.21960784313727	0	19.24848484848485			-2	151.4014260249554	-2	156.4014260249554	-2	152.4014260249554			1.2	158.06666666666663	1.2	154.06666666666663	1.2	160.06666666666663																																																																																																																																
38	eAi	Eai	2.8	114.01960784313727	0	19.24848484848485			2.8	154.20142602495542	2.8	159.20142602495542	2.8	155.20142602495542			-2	156.06666666666663	-2	152.06666666666663	-2	158.06666666666663																																																																																															-2	114															-2	104													-2	78.18181818181819	-2	96.18181818181819
39	iuE	iue			1.5	20.74848484848485					-2	157.20142602495542	-2	153.20142602495542			1.5	157.56666666666663	1.5	153.56666666666663	1.5	159.56666666666663																																																							1.5	121.5			1.5	105.8529411764706			1.5	94.03475935828878																																																									-2	84.18181818181819	-2	102.18181818181819	-2	76.18181818181819	-2	94.18181818181819
40	AOe	aoe	3.3333333333333335	117.3529411764706	0	20.74848484848485	3.3333333333333335	157.1818181818182	3.3333333333333335	157.53475935828877	3.3333333333333335	160.53475935828877	3.3333333333333335	156.53475935828877					-2	151.56666666666663	-2	157.56666666666663																																																																																																									-2	92	-2	110	-2	86	-2	102									-2	82.18181818181819	-2	100.18181818181819	-2	74.18181818181819	-2	92.18181818181819
42	uoa	yoa	10.0	127.3529411764706	0	20.74848484848485			-2	155.53475935828877	-2	158.53475935828877	-2	154.53475935828877							10.0	167.56666666666663																									-2	94.3529411764706	-2	112.3529411764706	-2	88.53475935828878	-2	104.53475935828878									-2	94.3529411764706	-2	110.3529411764706	-2	82.53475935828878	-2	100.53475935828878									-2	86.3529411764706	-2	103.8529411764706	-2	70.53475935828878	-2	92.03475935828878																																																																
43	OOA	Ooa			6.0	26.74848484848485	6.0	163.1818181818182	6.0	161.53475935828877	6.0	164.53475935828877	6.0	160.53475935828877					-2	149.56666666666663	-2	165.56666666666663									-2	96	-2	116	-2	96.18181818181819	-2	114.18181818181819									-2	92.3529411764706	-2	110.3529411764706	-2	86.53475935828878	-2	102.53475935828878									-2	92.3529411764706	-2	108.3529411764706	-2	80.53475935828878	-2	98.53475935828878									-2	84.3529411764706	-2	101.8529411764706	-2	68.53475935828878	-2	90.03475935828878																																																																
44	AAO	aao	0.6666666666666666	128.01960784313727	0	26.74848484848485	0.6666666666666666	163.84848484848484	0.6666666666666666	162.20142602495542	0.6666666666666666	165.20142602495542	0.6666666666666666	161.20142602495542					-2	147.56666666666663	-2	163.56666666666663																																																																																																																																
47	aIa	aia			1.6666666666666667	28.415151515151518							-2	159.20142602495542	1.6666666666666667	149.33333333333331	1.6666666666666667	159.2333333333333	1.6666666666666667	149.2333333333333	1.6666666666666667	165.2333333333333																																																													-2	66.53475935828878	-2	88.03475935828878																																																													-2	72.18181818181819	-2	90.18181818181819
48	eii	Eii	4.5	132.51960784313727	0	28.415151515151518					4.5	169.70142602495542	4.5	163.70142602495542			-2	157.2333333333333	-2	147.2333333333333	-2	163.2333333333333																																																																																													-2	94	-2	112													-2	84	-2	100													-2	70.18181818181819	-2	88.18181818181819
50	oEu	Oeu	4.0	136.51960784313727	0	28.415151515151518	-2	161.84848484848484	-2	160.20142602495542	-2	167.70142602495542	-2	161.70142602495542			4.0	161.2333333333333	4.0	151.2333333333333	4.0	167.2333333333333															-2	112.18181818181819															-2	100.53475935828878													-2	78.53475935828878	-2	96.53475935828878													-2	64.53475935828878	-2	86.03475935828878																																																																
51	AiA	aia	2.0	138.51960784313727	0	28.415151515151518			2.0	162.20142602495542	2.0	169.70142602495542	2.0	163.70142602495542							-2	165.2333333333333																																																													-2	62.53475935828878	-2	84.03475935828878																																																													-2	68.18181818181819	-2	86.18181818181819
52	aIa	aia			1.6666666666666667	30.081818181818186							-2	161.70142602495542	1.6666666666666667	150.99999999999997	1.6666666666666667	162.89999999999995	1.6666666666666667	152.89999999999995	1.6666666666666667	166.89999999999995																																																													-2	60.53475935828878	-2	82.03475935828878																																																													-2	66.18181818181819	-2	84.18181818181819
53	Eii	eii	0.36363636363636365	138.88324420677364	0	30.081818181818186					-2	167.70142602495542	-2	159.70142602495542			0.36363636363636365	163.26363636363632	0.36363636363636365	153.26363636363632	0.36363636363636365	167.26363636363632																																																																																													0.36363636363636365	94.36363636363636	0.36363636363636365	112.36363636363636													0.36363636363636365	84.36363636363636	0.36363636363636365	100.36363636363636													0.36363636363636365	66.54545454545455	0.36363636363636365	84.54545454545455
54	auE	Aue	5.2	144.08324420677363	0	30.081818181818186			-2	160.20142602495542	-2	165.70142602495542	-2	157.70142602495542			5.2	168.4636363636363	5.2	158.4636363636363	5.2	172.4636363636363																													-2	84.53475935828878	-2	98.53475935828878													-2	76.53475935828878	-2	94.53475935828878													-2	58.53475935828878	-2	80.03475935828878																																																									-2	80.18181818181819	-2	98.18181818181819	-2	64.54545454545455	-2	82.54545454545455
57	eeA	eea			2.0	32.081818181818186			2.0	162.20142602495542	2.0	167.70142602495542	2.0	159.70142602495542							-2	170.4636363636363																																													-2	74.53475935828878	-2	92.53475935828878													-2	56.53475935828878	-2	78.03475935828878																																																																
58	AOA	Aoa			4.666666666666667	36.74848484848485	4.666666666666667	166.5151515151515	4.666666666666667	166.86809269162208	4.666666666666667	172.36809269162208	4.666666666666667	164.36809269162208					-2	156.4636363636363	-2	168.4636363636363																									-2	90.3529411764706	-2	108.3529411764706	-2	82.53475935828878	-2	96.53475935828878									-2	90.3529411764706	-2	106.3529411764706	-2	72.53475935828878	-2	90.53475935828878									-2	82.3529411764706	-2	99.8529411764706	-2	54.53475935828878	-2	76.03475935828878																																																																
59	EiE	eie	0.23529411764705882	144.3185383244207	0	36.74848484848485					-2	170.36809269162208	-2	162.36809269162208			0.23529411764705882	168.69893048128338	0.23529411764705882	156.69893048128338	0.23529411764705882	168.69893048128338																																																					0.23529411764705882	100.23529411764706	0.23529411764705882	121.73529411764706	0.23529411764705882	82.58823529411765	0.23529411764705882	100.08823529411765	0.23529411764705882	54.77005347593584	0.23529411764705882	76.27005347593584																													0.23529411764705882	94.59893048128342	0.23529411764705882	112.59893048128342													0.23529411764705882	84.59893048128342	0.23529411764705882	100.59893048128342													0.23529411764705882	64.7807486631016	0.23529411764705882	82.7807486631016
60	uou	you	10.0	154.3185383244207	0	36.74848484848485			-2	164.86809269162208	-2	168.36809269162208	-2	160.36809269162208							10.0	178.69893048128338																									-2	88.3529411764706	-2	106.3529411764706	-2	80.53475935828878	-2	94.53475935828878									-2	88.3529411764706	-2	104.3529411764706	-2	70.53475935828878	-2	88.53475935828878									-2	80.58823529411765	-2	98.08823529411765	-2	52.77005347593584	-2	74.27005347593584																																																																
61	OAi	oai	1.6666666666666667	155.98520499108736	0	36.74848484848485	1.6666666666666667	168.18181818181816	1.6666666666666667	166.53475935828874	1.6666666666666667	170.03475935828874	1.6666666666666667	162.03475935828874					-2	154.69893048128338	-2	176.69893048128338																																																																																																															-2	98.59893048128342													-2	62.780748663101605	-2	80.7807486631016
62	OOi	Ooi			7.333333333333333	44.081818181818186	7.333333333333333	175.5151515151515	7.333333333333333	173.86809269162208	7.333333333333333	177.36809269162208	7.333333333333333	169.36809269162208					-2	152.69893048128338	-2	174.69893048128338									-2	94	-2	114	-2	94.18181818181819	-2	110.18181818181819									-2	86.3529411764706	-2	104.3529411764706	-2	78.53475935828878	-2	92.53475935828878									-2	86.3529411764706	-2	102.3529411764706	-2	68.53475935828878	-2	86.53475935828878									-2	78.58823529411765	-2	96.08823529411765	-2	50.77005347593584	-2	72.27005347593584																																													-2	82.59893048128342	-2	96.59893048128342													-2	60.780748663101605	-2	78.7807486631016
63	oEE	Oee	1.6	157.58520499108735	0	44.081818181818186	-2	173.5151515151515	-2	171.86809269162208	-2	175.36809269162208	-2	167.36809269162208			1.6	170.29893048128338	1.6	154.29893048128338	1.6	176.29893048128338																																																																																																																																
66	EE	Ee			5.6	49.68181818181819					-2	173.36809269162208	-2	165.36809269162208			5.6	175.89893048128337	5.6	159.89893048128337	5.6	181.89893048128337																																																																																									-2	94	-2	114	-2	92.59893048128342	-2	110.59893048128342									-2	90	-2	108	-2	80.59893048128342	-2	94.59893048128342									-2	78.18181818181819	-2	96.18181818181819	-2	58.780748663101605	-2	76.7807486631016
67	Aie	aie	1.6	159.18520499108735	0	49.68181818181819			1.6	173.46809269162208	1.6	174.96809269162208	1.6	166.96809269162208							-2	179.89893048128337																																																																																																																											-2	94.18181818181819	-2	56.780748663101605	-2	74.7807486631016
68	AAy	aau	0.4	159.58520499108735	0	49.68181818181819			0.4	173.86809269162208	0.4	175.36809269162208	0.4	167.36809269162208							-2	177.89893048128337																																																																																																																																
69	AiA	aia	2.0	161.58520499108735	0	49.68181818181819			2.0	175.86809269162208	2.0	177.36809269162208	2.0	169.36809269162208							-2	175.89893048128337																																																													-2	48.77005347593584	-2	70.27005347593584																																																													-2	54.780748663101605	-2	72.7807486631016
70	aoa	Aoa	10.0	171.58520499108735	0	49.68181818181819			-2	173.86809269162208	-2	175.36809269162208	-2	167.36809269162208							10.0	185.89893048128337																									-2	84.3529411764706	-2	102.3529411764706	-2	76.53475935828878	-2	90.53475935828878									-2	84.3529411764706	-2	100.3529411764706	-2	66.53475935828878	-2	84.53475935828878									-2	76.58823529411765	-2	94.08823529411765	-2	46.77005347593584	-2	68.27005347593584																																																																
71	OOA	ooa	0.6666666666666666	172.251871657754	0	49.68181818181819	0.6666666666666666	174.18181818181816	0.6666666666666666	174.53475935828874	0.6666666666666666	176.03475935828874	0.6666666666666666	168.03475935828874					-2	157.89893048128337	-2	183.89893048128337																																																																																																																																
72	yOi	uoi	2.0	174.251871657754	0	49.68181818181819	2.0	176.18181818181816	2.0	176.53475935828874	2.0	178.03475935828874	2.0	170.03475935828874					-2	155.89893048128337	-2	181.89893048128337																																																																																																													-2	78.59893048128342	-2	92.59893048128342													-2	52.780748663101605	-2	70.7807486631016
73	yyi	uui	1.2	175.451871657754	0	49.68181818181819			1.2	177.73475935828873	1.2	179.23475935828873	1.2	171.23475935828873							-2	179.89893048128337																																																																																																																													-2	50.780748663101605	-2	68.7807486631016
74	uuo	yuo	8.0	183.451871657754	0	49.68181818181819			-2	175.73475935828873	-2	177.23475935828873	-2	169.23475935828873							8.0	187.89893048128337																											-2	100.3529411764706	-2	74.53475935828878	-2	88.53475935828878											-2	98.3529411764706	-2	64.53475935828878	-2	82.53475935828878											-2	92.08823529411765	-2	44.77005347593584	-2	66.27005347593584																																																																
76	Oii	oii	2.0	185.451871657754	0	49.68181818181819	2.0	178.18181818181816	2.0	177.73475935828873	2.0	179.23475935828873	2.0	171.23475935828873					-2	153.89893048128337	-2	185.89893048128337																																																																																																													-2	76.59893048128342	-2	90.59893048128342													-2	48.780748663101605	-2	66.7807486631016
77	ieO	ieo			3.3333333333333335	53.01515151515152	3.3333333333333335	181.5151515151515	3.3333333333333335	181.06809269162207	3.3333333333333335	182.56809269162207	3.3333333333333335	174.56809269162207					-2	151.89893048128337	-2	183.89893048128337																																									-2	82.3529411764706	-2	96.3529411764706	-2	62.53475935828878	-2	80.53475935828878									-2	74.58823529411765	-2	90.08823529411765	-2	42.77005347593584	-2	64.27005347593584																																																																
78	yAe	yae			4.4	57.41515151515152			4.4	185.46809269162208	4.4	186.96809269162208	4.4	178.96809269162208							-2	181.89893048128337																													-2	72.53475935828878	-2	86.53475935828878													-2	60.53475935828878	-2	78.53475935828878													-2	40.77005347593584	-2	62.27005347593584																																																									-2	76.18181818181819	-2	92.18181818181819	-2	46.780748663101605	-2	64.7807486631016
80	aii	Aii	1.2	186.651871657754	0	57.41515151515152			-2	183.46809269162208	-2	184.96809269162208	-2	176.96809269162208							1.2	183.09893048128336																																																																																																																													1.2	47.98074866310161	1.2	65.98074866310161
81	aAA	aaa			0.18181818181818182	57.5969696969697			0.18181818181818182	183.64991087344026	0.18181818181818182	185.14991087344026	0.18181818181818182	177.14991087344026							-2	181.09893048128336																																																																																																																					0.18181818181818182	100.36363636363637	0.18181818181818182	120.36363636363637	0.18181818181818182	76.36363636363637	0.18181818181818182	92.36363636363637	0.18181818181818182	48.16256684491979	0.18181818181818182	66.1625668449198
85	uEo	ueo			5.6	63.1969696969697					-2	183.14991087344026	-2	175.14991087344026			5.6	181.49893048128337	5.6	157.49893048128337	5.6	186.69893048128336																																									-2	80.3529411764706	-2	94.3529411764706	-2	58.53475935828878	-2	76.53475935828878									-2	72.58823529411765	-2	88.08823529411765	-2	38.77005347593584	-2	60.27005347593584																																																									-2	74.36363636363637	-2	90.36363636363637	-2	46.16256684491979	-2	64.1625668449198
86	oE	oe			4.0	67.1969696969697					-2	181.14991087344026	-2	173.14991087344026			4.0	185.49893048128337	4.0	161.49893048128337	4.0	190.69893048128336																																																																																																									-2	88	-2	106	-2	74.59893048128342	-2	88.59893048128342									-2	72.36363636363637	-2	88.36363636363637	-2	44.16256684491979	-2	62.162566844919795
87	AOe	Aoe			7.333333333333333	74.53030303030303	7.333333333333333	188.84848484848484	7.333333333333333	190.9832442067736	7.333333333333333	188.4832442067736	7.333333333333333	180.4832442067736					-2	159.49893048128337	-2	188.69893048128336																									-2	82.3529411764706	-2	98.3529411764706	-2	70.53475935828878	-2	84.53475935828878									-2	78.3529411764706	-2	92.3529411764706	-2	56.53475935828878	-2	74.53475935828878									-2	70.58823529411765	-2	86.08823529411765	-2	36.77005347593584	-2	58.27005347593584																																									-2	86	-2	104	-2	72.59893048128342	-2	86.59893048128342									-2	70.36363636363637	-2	86.36363636363637	-2	42.16256684491979	-2	60.162566844919795
89	yOi	uoi	2.0	188.651871657754	0	74.53030303030303	2.0	190.84848484848484	2.0	192.9832442067736	2.0	190.4832442067736	2.0	182.4832442067736					-2	157.49893048128337	-2	186.69893048128336																																																																																																													-2	70.59893048128342	-2	84.59893048128342													-2	40.16256684491979	-2	58.162566844919795
90	au	Au	6.0	194.651871657754	0	74.53030303030303			-2	190.9832442067736	-2	188.4832442067736	-2	180.4832442067736							6.0	192.69893048128336																													-2	68.53475935828878	-2	82.53475935828878													-2	54.53475935828878	-2	72.53475935828878													-2	34.77005347593584	-2	56.27005347593584																																																																
91	yyi	yui			3.6	78.13030303030303			3.6	194.5832442067736	3.6	192.0832442067736	3.6	184.0832442067736							-2	190.69893048128336																													-2	66.53475935828878	-2	80.53475935828878													-2	52.53475935828878	-2	70.53475935828878													-2	32.77005347593584	-2	54.27005347593584																																																													-2	38.16256684491979	-2	56.162566844919795
92	oEu	oeu			5.6	83.73030303030302					-2	190.0832442067736	-2	182.0832442067736			5.6	191.09893048128336	5.6	163.09893048128336	5.6	196.29893048128335																																													-2	50.53475935828878	-2	68.53475935828878													-2	30.77005347593584	-2	52.27005347593584																																									-2	84	-2	102	-2	68.59893048128342	-2	82.59893048128342									-2	68.36363636363637	-2	84.36363636363637	-2	36.16256684491979	-2	54.162566844919795
93	eA	Ea	1.2	195.85187165775397	0	83.73030303030302			1.2	195.7832442067736	1.2	191.2832442067736	1.2	183.2832442067736			-2	189.09893048128336	-2	161.09893048128336	-2	194.29893048128335																																																																																																																																
95	uai	yai	4.5	200.35187165775397	0	83.73030303030302			-2	193.7832442067736	-2	189.2832442067736	-2	181.2832442067736							4.5	198.79893048128335																													-2	64.53475935828878	-2	78.53475935828878													-2	48.53475935828878	-2	66.53475935828878													-2	28.77005347593584	-2	50.27005347593584																																																															4.5	58.662566844919795
96	yyO	yuo			3.6666666666666665	87.39696969696969	3.6666666666666665	194.5151515151515	3.6666666666666665	197.44991087344025	3.6666666666666665	192.94991087344025	3.6666666666666665	184.94991087344025					-2	159.09893048128336	-2	196.79893048128335																											-2	96.3529411764706	-2	62.53475935828878	-2	76.53475935828878											-2	90.3529411764706	-2	46.53475935828878	-2	64.53475935828878											-2	84.08823529411765	-2	26.77005347593584	-2	48.27005347593584																																																																
97	oAO	oao			0.2	87.5969696969697	0.2	194.7151515151515	0.2	197.64991087344023	0.2	193.14991087344023	0.2	185.14991087344023					-2	157.09893048128336	-2	194.79893048128335																																																																																																			0.2	120.2	0.2	100.2	0.2	120.2	0.2	84.2	0.2	102.2	0.2	68.79893048128342	0.2	82.79893048128342			0.2	120.38181818181819	0.2	100.56363636363638	0.2	120.56363636363638	0.2	68.56363636363638	0.2	84.56363636363638	0.2	36.36256684491979	0.2	58.8625668449198
102	aoi	Aoi	7.5	207.85187165775397	0	87.5969696969697			-2	195.64991087344023	-2	191.14991087344023	-2	183.14991087344023							7.5	202.29893048128335																									-2	80.3529411764706	-2	94.3529411764706	-2	60.53475935828878	-2	74.53475935828878									-2	76.3529411764706	-2	88.3529411764706	-2	44.53475935828878	-2	62.53475935828878									-2	68.58823529411765	-2	82.08823529411765	-2	24.77005347593584	-2	46.27005347593584																																																															7.5	66.3625668449198
103	oAe	oae			0.5454545454545454	88.14242424242424			0.5454545454545454	196.19536541889477	0.5454545454545454	191.69536541889477	0.5454545454545454	183.69536541889477							-2	200.29893048128335																																																																																																					0.5454545454545454	100.74545454545455	0.5454545454545454	120.74545454545455	0.5454545454545454	84.74545454545455			0.5454545454545454	69.34438502673797							0.5454545454545454	101.10909090909092	0.5454545454545454	121.10909090909092			-2	82.56363636363638			-2	64.3625668449198
105	oOe	ooe			0.8571428571428571	88.9995670995671	0.8571428571428571	195.57229437229435	0.8571428571428571	197.05250827603763	0.8571428571428571	192.55250827603763	0.8571428571428571	184.55250827603763					-2	155.09893048128336	-2	198.29893048128335																																																																																																	0.8571428571428571	100.85714285714286	0.8571428571428571	121.05714285714286	0.8571428571428571	101.60259740259741	0.8571428571428571	121.60259740259741			-2	100.2			-2	80.79893048128342	0.8571428571428571	101.03896103896105	0.8571428571428571	121.23896103896105	0.8571428571428571	101.96623376623378	0.8571428571428571	121.96623376623378			-2	80.56363636363638			-2	62.3625668449198
106	oyO	ouo			0.2	89.1995670995671	0.2	195.77229437229434	0.2	197.25250827603762	0.2	192.75250827603762	0.2	184.75250827603762					-2	153.09893048128336	-2	196.29893048128335																																																																																																			0.2	121.25714285714287	0.2	101.80259740259741	0.2	121.80259740259741	0.2	84.94545454545455	0.2	100.4	0.2	69.54438502673797	0.2	80.99893048128342			0.2	121.43896103896105	0.2	102.16623376623379	0.2	122.16623376623379	0.2	68.76363636363638	0.2	80.76363636363638	0.2	36.56256684491979	0.2	62.5625668449198
111	AOi	Aoi			6.0	95.1995670995671	6.0	201.77229437229434	6.0	203.25250827603762	6.0	198.75250827603762	6.0	190.75250827603762					-2	151.09893048128336	-2	194.29893048128335																									-2	78.3529411764706	-2	92.3529411764706	-2	58.53475935828878	-2	72.53475935828878									-2	74.3529411764706	-2	86.3529411764706	-2	42.53475935828878	-2	60.53475935828878									-2	66.58823529411765	-2	80.08823529411765	-2	22.77005347593584	-2	44.27005347593584																																													-2	67.54438502673797	-2	78.99893048128342													-2	34.56256684491979	-2	60.5625668449198
112	uEE	uee			2.4	97.59956709956711					-2	196.75250827603762	-2	188.75250827603762			2.4	191.49893048128337	2.4	153.49893048128337	2.4	196.69893048128336																																																																																																																									-2	66.76363636363638	-2	78.76363636363638	-2	32.56256684491979	-2	58.5625668449198
113	OEE	Oee			0.13793103448275862	97.73749813404987					-2	194.75250827603762	-2	186.75250827603762			0.13793103448275862	191.63686151576613	0.13793103448275862	153.63686151576613	0.13793103448275862	196.83686151576612					0.13793103448275862	100.13793103448276	0.13793103448275862	120.13793103448276	0.13793103448275862	94.13793103448276	0.13793103448275862	114.13793103448276	0.13793103448275862	94.31974921630095	0.13793103448275862	110.31974921630095					0.13793103448275862	100.13793103448276	0.13793103448275862	120.13793103448276	0.13793103448275862	78.49087221095336	0.13793103448275862	92.49087221095336	0.13793103448275862	58.67269039277154	0.13793103448275862	72.67269039277154					0.13793103448275862	100.13793103448276	0.13793103448275862	120.13793103448276	0.13793103448275862	74.49087221095336	0.13793103448275862	86.49087221095336	0.13793103448275862	42.67269039277154	0.13793103448275862	60.67269039277154					0.13793103448275862	100.37322515212982	0.13793103448275862	121.87322515212982	0.13793103448275862	66.72616632860041	0.13793103448275862	80.22616632860041	0.13793103448275862	22.907984510418597	0.13793103448275862	44.4079845104186																																																																
118	yiE	yie			0.23529411764705882	97.97279225169693					-2	192.75250827603762	-2	184.75250827603762			0.23529411764705882	191.8721556334132	0.23529411764705882	153.8721556334132	0.23529411764705882	197.0721556334132																							0.23529411764705882	120.37322515212982			0.23529411764705882	92.72616632860041			0.23529411764705882	72.9079845104186							0.23529411764705882	120.37322515212982			0.23529411764705882	86.72616632860041			0.23529411764705882	60.9079845104186					0.23529411764705882	100.60851926977688	0.23529411764705882	122.10851926977688	0.23529411764705882	66.96146044624747	0.23529411764705882	80.46146044624747	0.23529411764705882	23.143278628065655	0.23529411764705882	44.64327862806566																																																																
137	ooE	ooe			4.0	101.97279225169693					-2	190.75250827603762	-2	182.75250827603762			4.0	195.8721556334132	4.0	157.8721556334132	4.0	201.0721556334132																																																																																																									-2	82.94545454545455	-2	98.4	-2	65.54438502673797	-2	76.99893048128342									-2	64.76363636363638	-2	76.76363636363638	-2	30.562566844919793	-2	56.5625668449198
144	Ayo	Auo			1.0	102.97279225169693			1.0	204.25250827603762	1.0	191.75250827603762	1.0	183.75250827603762							-2	199.0721556334132																									1.0	79.49087221095336					-2	70.9079845104186									1.0	75.49087221095336					-2	58.9079845104186									1.0	67.96146044624747					-2	42.64327862806566																																																																
175	aui	Aui	4.5	212.35187165775397	0	102.97279225169693			-2	202.25250827603762	-2	189.75250827603762	-2	181.75250827603762							4.5	203.5721556334132																													-2	56.67269039277154	-2	68.9079845104186													-2	40.67269039277154	-2	56.9079845104186													-2	21.143278628065655	-2	40.64327862806566																																																															4.5	61.0625668449198
176	OO	Oo			6.0	108.97279225169693	6.0	207.77229437229434	6.0	208.25250827603762	6.0	195.75250827603762	6.0	187.75250827603762					-2	155.8721556334132	-2	201.5721556334132									-2	92.13793103448276	-2	112.13793103448276	-2	92.31974921630095	-2	108.31974921630095									-2	77.49087221095336	-2	90.72616632860041	-2	54.67269039277154	-2	66.9079845104186									-2	73.49087221095336	-2	84.72616632860041	-2	38.67269039277154	-2	54.9079845104186									-2	65.96146044624747	-2	78.46146044624747	-2	19.143278628065655	-2	38.64327862806566																																																																
220	ouo	Ouo	8.0	220.35187165775397	0	108.97279225169693	-2	205.77229437229434	-2	206.25250827603762	-2	193.75250827603762	-2	185.75250827603762					8.0	163.8721556334132	8.0	209.5721556334132											-2	110.13793103448276	-2	90.31974921630095	-2	106.31974921630095											-2	88.72616632860041	-2	52.67269039277154	-2	64.9079845104186											-2	82.72616632860041	-2	36.67269039277154	-2	52.9079845104186											-2	76.46146044624747	-2	17.143278628065655	-2	36.64327862806566																																																																
221	OeA	Oea			2.8	111.77279225169693			2.8	209.05250827603763	2.8	196.55250827603763	2.8	188.55250827603763							-2	207.5721556334132															-2	104.31974921630095															-2	62.9079845104186													-2	34.67269039277154	-2	50.9079845104186													-2	15.143278628065655	-2	34.64327862806566																																																																
227	aO	ao			0.2857142857142857	112.05850653741122	0.2857142857142857	206.05800865800862	0.2857142857142857	209.3382225617519	0.2857142857142857	196.8382225617519	0.2857142857142857	188.8382225617519					-2	161.8721556334132	-2	205.5721556334132																																																																																																																	0.2857142857142857	101.32467532467534	0.2857142857142857	121.72467532467535	0.2857142857142857	102.45194805194808	0.2857142857142857	122.45194805194808	0.2857142857142857	65.04935064935067	0.2857142857142857	77.04935064935067	0.2857142857142857	30.848281130634078	0.2857142857142857	61.348281130634085
234	eOA	eoa			3.3333333333333335	115.39183987074455	3.3333333333333335	209.39134199134196	3.3333333333333335	212.67155589508525	3.3333333333333335	200.17155589508525	3.3333333333333335	192.17155589508525					-2	159.8721556334132	-2	203.5721556334132																																									-2	71.49087221095336	-2	80.72616632860041	-2	32.67269039277154	-2	48.9079845104186									-2	63.96146044624747	-2	74.46146044624747	-2	13.143278628065655	-2	32.64327862806566																																																																
273	eE	ee			0.23529411764705882	115.6271339883916					-2	198.17155589508525	-2	190.17155589508525			0.23529411764705882	196.10744975106027	0.23529411764705882	160.10744975106027	0.23529411764705882	203.80744975106026																																					0.23529411764705882	100.37322515212982	0.23529411764705882	120.60851926977688	0.23529411764705882	71.72616632860041	0.23529411764705882	80.96146044624747	0.23529411764705882	32.9079845104186	0.23529411764705882	49.14327862806566					0.23529411764705882	100.84381338742394	0.23529411764705882	122.34381338742394	0.23529411764705882	64.19675456389453	0.23529411764705882	74.69675456389453	0.23529411764705882	13.378572745712713	0.23529411764705882	32.87857274571272																																																																
386	uoE	uoe			4.0	119.6271339883916					-2	196.17155589508525	-2	188.17155589508525			4.0	200.10744975106027	4.0	164.10744975106027	4.0	207.80744975106026																																																																																																									-2	80.94545454545455	-2	96.4	-2	63.54438502673797	-2	74.99893048128342									-2	63.04935064935067	-2	75.04935064935067	-2	28.848281130634078	-2	59.348281130634085
495	ay	au			0.18181818181818182	119.80895217020979			0.18181818181818182	212.85337407690344	0.18181818181818182	196.35337407690344	0.18181818181818182	188.35337407690344							-2	205.80744975106026																																																																																																																					0.18181818181818182	102.63376623376627	0.18181818181818182	122.63376623376627	0.18181818181818182	63.23116883116885	0.18181818181818182	75.23116883116886	0.18181818181818182	29.03009931245226	0.18181818181818182	59.530099312452265
871	AyA	Aua			2.8	122.60895217020979			2.8	215.65337407690345	2.8	199.15337407690345	2.8	191.15337407690345							-2	203.80744975106026																													-2	50.67269039277154	-2	60.9079845104186													-2	30.9079845104186	-2	47.14327862806566													-2	11.378572745712713	-2	30.878572745712717																																																																
903	eEE	eee			0.23529411764705882	122.84424628785685					-2	197.15337407690345	-2	189.15337407690345			0.23529411764705882	200.34274386870734	0.23529411764705882	164.34274386870734	0.23529411764705882	204.04274386870733																																					0.23529411764705882	100.60851926977688	0.23529411764705882	120.84381338742394	0.23529411764705882	71.96146044624747	0.23529411764705882	81.19675456389453	0.23529411764705882	31.14327862806566	0.23529411764705882	47.37857274571272					0.23529411764705882	101.079107505071	0.23529411764705882	122.579107505071	0.23529411764705882	64.43204868154159	0.23529411764705882	74.93204868154159	0.23529411764705882	11.613866863359771	0.23529411764705882	31.113866863359775																																																																
996	aoa	Aoa	10.0	230.35187165775397	0	122.84424628785685			-2	213.65337407690345	-2	195.15337407690345	-2	187.15337407690345							10.0	214.04274386870733																									-2	75.49087221095336	-2	86.72616632860041	-2	48.67269039277154	-2	58.9079845104186									-2	69.96146044624747	-2	79.19675456389453	-2	29.14327862806566	-2	45.37857274571272									-2	62.43204868154159	-2	72.93204868154159	-2	9.613866863359771	-2	29.113866863359775																																																																
998	oAe	oae			0.5454545454545454	123.3897008333114			0.5454545454545454	214.19882862235798	0.5454545454545454	195.69882862235798	0.5454545454545454	187.69882862235798							-2	212.04274386870733																																																																																																					0.5454545454545454	102.34805194805196	0.5454545454545454	122.34805194805196	0.5454545454545454	81.4909090909091			0.5454545454545454	64.08983957219252							0.5454545454545454	103.17922077922081	0.5454545454545454	123.17922077922081			-2	73.23116883116886			-2	57.530099312452265
1005	EiO	Eio			0.8	124.18970083331139	0.8	210.19134199134197	0.8	214.998828622358	0.8	196.498828622358	0.8	188.498828622358					-2	162.34274386870734	-2	210.04274386870733																																																									-2	60.43204868154159	-2	70.93204868154159	-2	7.613866863359771	-2	27.113866863359775																			0.8	120.8			0.8	120.8			0.8	114.8							0.8	122.05714285714286			0.8	123.14805194805196			0.8	97.2							0.8	122.52467532467534			0.8	123.97922077922081			0.8	74.03116883116886				
1022	EyO	Euo			0.14814814814814814	124.33784898145954	0.14814814814814814	210.33949013949012	0.14814814814814814	215.14697677050614	0.14814814814814814	196.64697677050614	0.14814814814814814	188.64697677050614					-2	160.34274386870734	-2	208.04274386870733																																																																																			0.14814814814814814	120.94814814814815	0.14814814814814814	100.14814814814815	0.14814814814814814	120.94814814814815	0.14814814814814814	94.14814814814815	0.14814814814814814	114.94814814814815	0.14814814814814814	92.74707862943157	0.14814814814814814	110.74707862943157			0.14814814814814814	122.20529100529102	0.14814814814814814	102.49620009620011	0.14814814814814814	123.29620009620011	0.14814814814814814	81.63905723905725	0.14814814814814814	97.34814814814816	0.14814814814814814	64.23798772034067	0.14814814814814814	75.14707862943158			0.14814814814814814	122.6728234728235	0.14814814814814814	103.32736892736897	0.14814814814814814	124.12736892736896	0.14814814814814814	63.379316979317	0.14814814814814814	74.17931697931701	0.14814814814814814	29.17824746060041	0.14814814814814814	57.67824746060041
1088	eAy	eau			2.0	126.33784898145954			2.0	217.14697677050614	2.0	198.64697677050614	2.0	190.64697677050614							-2	206.04274386870733																																													-2	27.14327862806566	-2	43.37857274571272													-2	5.613866863359771	-2	25.113866863359775																																																																
1429	OEi	Oei			0.11428571428571428	126.45213469574526					-2	196.64697677050614	-2	188.64697677050614			0.11428571428571428	200.45702958299307	0.11428571428571428	160.45702958299307	0.11428571428571428	206.15702958299306					0.11428571428571428	100.25221674876848	0.11428571428571428	120.25221674876848	0.11428571428571428	92.25221674876848	0.11428571428571428	110.25221674876848	0.11428571428571428	90.43403493058666	0.11428571428571428	104.43403493058666					0.11428571428571428	100.25221674876848	0.11428571428571428	120.48751086641553	0.11428571428571428	75.60515792523907	0.11428571428571428	86.84045204288613	0.11428571428571428	48.78697610705726	0.11428571428571428	59.022270224704315					0.11428571428571428	100.72280498406259	0.11428571428571428	120.95809910170965	0.11428571428571428	70.07574616053319	0.11428571428571428	79.31104027818024	0.11428571428571428	27.257564342351372	0.11428571428571428	43.49285845999843					0.11428571428571428	101.19339321935671	0.11428571428571428	122.69339321935671	0.11428571428571428	60.5463343958273	0.11428571428571428	71.0463343958273	0.11428571428571428	5.728152577645485	0.11428571428571428	25.22815257764549																													0.11428571428571428	92.86136434371728	0.11428571428571428	110.86136434371728													0.11428571428571428	64.35227343462638	0.11428571428571428	75.26136434371729													0.11428571428571428	29.292533174886124	0.11428571428571428	57.792533174886124
12332	eiy	eiu			0.016	126.46813469574526			0.016	217.16297677050613	0.016	196.66297677050613	0.016	188.66297677050613							-0.02	206.13702958299305																																															-0.02	43.47285845999843													-0.02	5.708152577645485	-0.02	25.20815257764549																																																																
17605	eEE	eee			0.00023529411764705883	126.46836998986291					-0.002	196.66097677050612	-0.002	188.66097677050612			0.00023529411764705883	200.45726487711073	0.00023529411764705883	160.45726487711073	0.00023529411764705883	206.1372648771107																																					0.00023529411764705883	100.72304027818024	0.00023529411764705883	120.9583343958273	0.00023529411764705883	70.07598145465083	0.00023529411764705883	79.31127557229789	0.00023529411764705883	27.25779963646902	0.00023529411764705883	43.47309375411607					0.00023529411764705883	101.19362851347435	0.00023529411764705883	122.69362851347435	0.00023529411764705883	60.546569689944945	0.00023529411764705883	71.04656968994495	0.00023529411764705883	5.708387871763132	0.00023529411764705883	25.208387871763136																																																																
TOTAL				230.35187165775397		126.46836998986291		210.33949013949012		217.16297677050613		196.66097677050612		188.66097677050612		150.99999999999997		200.45726487711073		160.45726487711073		206.1372648771107		100		120		100.25221674876848		120.25221674876848		92.25221674876848		110.25221674876848		90.43403493058666		104.43403493058666		100		120		100.25221674876848		120.48751086641553		75.60515792523907		86.84045204288613		48.78697610705726		59.022270224704315		100		120		100.72304027818024		120.9583343958273		70.07598145465083		79.31127557229789		27.25779963646902		43.47309375411607		100		120		101.19362851347435		122.69362851347435		60.546569689944945		71.04656968994495		5.708387871763132		25.208387871763136		100		120		100		120		100		120		100		120		100		120.94814814814815		100.14814814814815		120.94814814814815		94.14814814814815		114.94814814814815		92.86136434371728		110.86136434371728		100.85714285714286		122.20529100529102		102.49620009620011		123.29620009620011		81.63905723905725		97.34814814814816		64.35227343462638		75.26136434371729		101.32467532467534		122.6728234728235		103.32736892736897		124.12736892736896		63.379316979317		74.17931697931701		29.292533174886124		57.792533174886124
