trialnum	Generated	Heard	Id(Bk)Syl1	now	Id(Bk)	now	*F1	now	*F3	now	*F4	now	*F5	now	*B1	now	*B2	now	*B3	now	*B5	now	*F1_B1	now	*F1..._B1	now	*F1_B2	now	*F1..._B2	now	*F1_B3	now	*F1..._B3	now	*F1_B5	now	*F1..._B5	now	*F3_B1	now	*F3..._B1	now	*F3_B2	now	*F3..._B2	now	*F3_B3	now	*F3..._B3	now	*F3_B5	now	*F3..._B5	now	*F4_B1	now	*F4..._B1	now	*F4_B2	now	*F4..._B2	now	*F4_B3	now	*F4..._B3	now	*F4_B5	now	*F4..._B5	now	*F5_B1	now	*F5..._B1	now	*F5_B2	now	*F5..._B2	now	*F5_B3	now	*F5..._B3	now	*F5_B5	now	*F5..._B5	now	*_B1F1	now	*_B1...F1	now	*_B1F3	now	*_B1...F3	now	*_B1F4	now	*_B1...F4	now	*_B1F5	now	*_B1...F5	now	*_B2F1	now	*_B2...F1	now	*_B2F3	now	*_B2...F3	now	*_B2F4	now	*_B2...F4	now	*_B2F5	now	*_B2...F5	now	*_B3F1	now	*_B3...F1	now	*_B3F3	now	*_B3...F3	now	*_B3F4	now	*_B3...F4	now	*_B3F5	now	*_B3...F5	now	*_B5F1	now	*_B5...F1	now	*_B5F3	now	*_B5...F3	now	*_B5F4	now	*_B5...F4	now	*_B5F5	now	*_B5...F5	now
				0		0		105.68		116.77		140.56		164.94		100.0		106.08		129.60999999999999		176.8		100.0		100.0		100.0		100.0		101.04		101.88		103.33		105.99		100.0		100.0		100.0		100.0		103.15		105.91		109.87		118.19		100.0		100.0		100.0		100.0		105.69		108.66		117.85		126.47999999999999		100.0		100.0		100.0		100.0		108.67		111.56		126.31		134.4		100.0		100.0		100.0		100.0		100.0		100.0		100.0		100.0		100.0		100.0		100.0		100.0		101.26		102.12		102.43		103.54		100.0		100.0		100.0		100.0		104.09		105.64		108.05		110.19		100.0		100.0		100.0		100.0		109.58		112.59		119.03		123.43
0	Apriori	Id(Bk)Syl1>>Id(Bk)	40	40																																																																																																																																																		
1	Ay	au	0.5	40.5	0	0			0.5	117.27	0.5	141.06	0.5	165.44							-2	174.8																																																																																																																																
2	yey	ueu	0.5	41.0	0	0			0.5	117.77	0.5	141.56	0.5	165.94							-2	172.8																																													-2	115.85	-2	124.47999999999999													-2	124.31	-2	132.4																																																									-2	107.58	-2	110.59	-2	117.03	-2	121.43
4	yiA	yia			0.5	0.5			0.5	118.27	0.5	142.06	0.5	166.44							-2	170.8																															-2	116.19															-2	122.47999999999999													-2	122.31	-2	130.4																																																																
5	OAy	oau	0.4	41.4	0	0.5	0.4	106.08000000000001	0.4	118.67	0.4	142.46	0.4	166.84					-2	127.60999999999999	-2	168.8																																																																																																																																
6	aua	Aua	1.0	42.4	0	0.5			-2	116.67	-2	140.46	-2	164.84							1.0	169.8																													-2	107.87	-2	114.19													-2	113.85	-2	120.47999999999999													-2	120.31	-2	128.4																																																																
7	Aei	aei	0.5	42.9	0	0.5			0.5	117.17	0.5	140.96	0.5	165.34							-2	167.8																																																																																																																									-2	105.58	-2	108.59	-2	115.03	-2	119.43
8	Aei	aei	0.5	43.4	0	0.5			0.5	117.67	0.5	141.46	0.5	165.84							-2	165.8																																																																																																																									-2	103.58	-2	106.59	-2	113.03	-2	117.43
9	aE	ae			0.5	1.0					-2	139.46	-2	163.84			0.5	106.58	0.5	128.10999999999999	0.5	166.3																																																																																																																									-2	101.58	-2	104.59	-2	111.03	-2	115.43
10	ye	ue	0.5	43.9	0	1.0			0.5	118.17	0.5	139.96	0.5	164.34							-2	164.3																																																																																																																									-2	99.58	-2	102.59	-2	109.03	-2	113.43
11	Eo	eo	0.5	44.4	0	1.0					-2	137.96	-2	162.34			0.5	107.08	0.5	128.60999999999999	0.5	164.8																																									-2	103.69	-2	106.66	-2	111.85	-2	118.47999999999999									-2	106.67	-2	109.56	-2	118.31	-2	126.4																																																																
12	eyO	Euo	0.4	44.8	0	1.0	0.4	106.48000000000002	0.4	118.57000000000001	0.4	138.36	0.4	162.74			-2	105.08	-2	126.60999999999999	-2	162.8																																																																																																																																
13	OOi	Ooi			0.4	1.4	0.4	106.88000000000002	0.4	118.97000000000001	0.4	138.76000000000002	0.4	163.14000000000001					-2	124.60999999999999	-2	160.8									-2	99.04	-2	99.88	-2	101.33	-2	103.99									-2	101.15	-2	103.91	-2	105.87	-2	112.19									-2	101.69	-2	104.66	-2	109.85	-2	116.47999999999999									-2	104.67	-2	107.56	-2	116.31	-2	124.4																																													-2	106.05	-2	108.19													-2	107.03	-2	111.43
14	ei	Ei	0.6666666666666666	45.46666666666666	0	1.4					0.6666666666666666	139.42666666666668	0.6666666666666666	163.80666666666667			-2	103.08	-2	122.60999999999999	-2	158.8																																																																																													-2	100.43	-2	101.54													-2	104.05	-2	106.19													-2	105.03	-2	109.43
16	oo	Oo	0.6666666666666666	46.133333333333326	0	1.4	-2	104.88000000000002	-2	116.97000000000001	-2	137.42666666666668	-2	161.80666666666667					0.6666666666666666	123.27666666666666	0.6666666666666666	159.46666666666667									-2	97.04	-2	97.88	-2	99.33	-2	101.99									-2	99.15	-2	101.91	-2	103.87	-2	110.19									-2	99.69	-2	102.66	-2	107.85	-2	114.47999999999999									-2	102.67	-2	105.56	-2	114.31	-2	122.4																																																																
17	oIu	oiu			0.4	1.7999999999999998							-2	159.80666666666667	0.4	100.4	0.4	103.48	0.4	123.67666666666666	0.4	159.86666666666667																																																													-2	112.31	-2	120.4																																													-2	102.05	-2	104.19													-2	103.03	-2	107.43
18	aEu	aeu			0.5	2.3					-2	135.42666666666668	-2	157.80666666666667			0.5	103.98	0.5	124.17666666666666	0.5	160.36666666666667																																													-2	105.85	-2	112.47999999999999													-2	110.31	-2	118.4																																																									-2	97.58	-2	100.59	-2	101.03	-2	105.43
19	uEu	yeu	0.5	46.633333333333326	0	2.3			-2	114.97000000000001	-2	133.42666666666668	-2	155.80666666666667			0.5	104.48	0.5	124.67666666666666	0.5	160.86666666666667																															-2	108.19													-2	103.85	-2	110.47999999999999													-2	108.31	-2	116.4																																																																
20	oE	oe			0.5	2.8					-2	131.42666666666668	-2	153.80666666666667			0.5	104.98	0.5	125.17666666666666	0.5	161.36666666666667																																																																																																									-2	102.09	-2	103.64	-2	100.05	-2	102.19									-2	95.58	-2	98.59	-2	99.03	-2	103.43
21	OOe	Ooe			0.4	3.1999999999999997	0.4	105.28000000000003	0.4	115.37000000000002	0.4	131.82666666666668	0.4	154.20666666666668					-2	123.17666666666666	-2	159.36666666666667									-2	95.04	-2	95.88	-2	97.33	-2	99.99									-2	97.15	-2	99.91	-2	101.87	-2	106.19									-2	97.69	-2	100.66	-2	101.85	-2	108.47999999999999									-2	100.67	-2	103.56	-2	106.31	-2	114.4																																									-2	100.09	-2	101.64	-2	98.05	-2	100.19									-2	93.58	-2	96.59	-2	97.03	-2	101.43
22	yAy	yau			0.5	3.6999999999999997			0.5	115.87000000000002	0.5	132.32666666666668	0.5	154.70666666666668							-2	157.36666666666667																													-2	99.87	-2	104.19													-2	99.85	-2	106.47999999999999													-2	104.31	-2	112.4																																																																
24	yiA	yia			0.5	4.199999999999999			0.5	116.37000000000002	0.5	132.82666666666668	0.5	155.20666666666668							-2	155.36666666666667																															-2	102.19															-2	104.47999999999999													-2	102.31	-2	110.4																																																																
25	Eao	eao	0.5	47.133333333333326	0	4.199999999999999					-2	130.82666666666668	-2	153.20666666666668			0.5	105.48	0.5	123.67666666666666	0.5	155.86666666666667																																											-2	98.66	-2	97.85	-2	102.47999999999999											-2	101.56	-2	100.31	-2	108.4																																																																
26	yAy	yau			0.5	4.699999999999999			0.5	116.87000000000002	0.5	131.32666666666668	0.5	153.70666666666668							-2	153.86666666666667																													-2	97.87	-2	100.19													-2	95.85	-2	100.47999999999999													-2	98.31	-2	106.4																																																																
27	iA	ia			0.5	5.199999999999999			0.5	117.37000000000002	0.5	131.82666666666668	0.5	154.20666666666668							-2	151.86666666666667																																																													-2	96.31	-2	104.4																																																																
28	yAO	uao	0.4	47.533333333333324	0	5.199999999999999	0.4	105.68000000000004	0.4	117.77000000000002	0.4	132.2266666666667	0.4	154.60666666666668					-2	121.67666666666666	-2	149.86666666666667																																																																																																																																
30	oua	Oua	0.6666666666666666	48.19999999999999	0	5.199999999999999	-2	103.68000000000004	-2	115.77000000000002	-2	130.2266666666667	-2	152.60666666666668					0.6666666666666666	122.34333333333333	0.6666666666666666	150.53333333333333													-2	95.33	-2	97.99													-2	95.87	-2	98.19													-2	93.85	-2	98.47999999999999													-2	94.31	-2	102.4																																																																
32	OOi	ooi	0.4	48.59999999999999	0	5.199999999999999	0.4	104.08000000000004	0.4	116.17000000000003	0.4	130.6266666666667	0.4	153.0066666666667					-2	120.34333333333333	-2	148.53333333333333																																																																																																													-2	96.05	-2	98.19													-2	95.03	-2	99.43
33	auI	Aui	0.4	48.999999999999986	0	5.199999999999999			-2	114.17000000000003	-2	128.6266666666667	-2	151.0066666666667	0.4	100.80000000000001	0.4	105.88000000000001	0.4	120.74333333333334	0.4	148.93333333333334																													-2	93.87	-2	96.19													-2	91.85	-2	96.47999999999999													-2	92.31	-2	100.4																																																													-2	93.03	-2	97.43
34	uao	yao	1.0	49.999999999999986	0	5.199999999999999			-2	112.17000000000003	-2	126.6266666666667	-2	149.0066666666667							1.0	149.93333333333334																											-2	97.91	-2	91.87	-2	94.19											-2	96.66	-2	89.85	-2	94.47999999999999											-2	99.56	-2	90.31	-2	98.4																																																																
35	OA	oa	0.4	50.399999999999984	0	5.199999999999999	0.4	104.48000000000005	0.4	112.57000000000004	0.4	127.0266666666667	0.4	149.4066666666667					-2	118.74333333333334	-2	147.93333333333334																																																																																																																																
36	EIo	Eio			0.4	5.6							-2	147.4066666666667	0.4	101.20000000000002	0.4	106.28000000000002	0.4	119.14333333333335	0.4	148.33333333333334																																																									-2	98.67	-2	97.56	-2	88.31	-2	96.4																													-2	98.43	-2	99.54													-2	94.05	-2	96.19													-2	91.03	-2	95.43
37	OOA	ooa	0.4	50.79999999999998	0	5.6	0.4	104.88000000000005	0.4	112.97000000000004	0.4	127.4266666666667	0.4	147.8066666666667					-2	117.14333333333335	-2	146.33333333333334																																																																																																																																
39	Eou	eou	0.5	51.29999999999998	0	5.6					-2	125.4266666666667	-2	145.8066666666667			0.5	106.78000000000002	0.5	117.64333333333335	0.5	146.83333333333334																																									-2	95.69	-2	94.66	-2	87.85	-2	92.47999999999999									-2	96.67	-2	95.56	-2	86.31	-2	94.4																																																																
40	oEa	oea			0.5	6.1					-2	123.4266666666667	-2	143.8066666666667			0.5	107.28000000000002	0.5	118.14333333333335	0.5	147.33333333333334																																													-2	85.85	-2	90.47999999999999													-2	84.31	-2	92.4																																									-2	98.09	-2	99.64	-2	92.05	-2	94.19									-2	91.58	-2	94.59	-2	89.03	-2	93.43
41	iAy	iau			0.5	6.6			0.5	113.47000000000004	0.5	123.9266666666667	0.5	144.3066666666667							-2	145.33333333333334																																																													-2	82.31	-2	90.4																																																																
42	uu	yu	1.0	52.29999999999998	0	6.6			-2	111.47000000000004	-2	121.9266666666667	-2	142.3066666666667							1.0	146.33333333333334																													-2	89.87	-2	92.19													-2	83.85	-2	88.47999999999999													-2	80.31	-2	88.4																																																																
43	Oy	Ou			0.5	7.1			0.5	111.97000000000004	0.5	122.4266666666667	0.5	142.8066666666667							-2	144.33333333333334													-2	93.33	-2	95.99													-2	87.87	-2	90.19													-2	81.85	-2	86.47999999999999													-2	78.31	-2	86.4																																																																
44	yO	yo			0.4	7.5	0.4	105.28000000000006	0.4	112.37000000000005	0.4	122.82666666666671	0.4	143.2066666666667					-2	116.14333333333335	-2	142.33333333333334																									-2	95.15	-2	95.91	-2	85.87	-2	88.19									-2	93.69	-2	92.66	-2	79.85	-2	84.47999999999999									-2	94.67	-2	93.56	-2	76.31	-2	84.4																																																																
45	aEo	aeo			0.5	8.0					-2	120.82666666666671	-2	141.2066666666667			0.5	107.78000000000002	0.5	116.64333333333335	0.5	142.83333333333334																																									-2	91.69	-2	90.66	-2	77.85	-2	82.47999999999999									-2	92.67	-2	91.56	-2	74.31	-2	82.4																																																									-2	89.58	-2	92.59	-2	87.03	-2	91.43
46	yyA	yua			0.5	8.5			0.5	112.87000000000005	0.5	121.32666666666671	0.5	141.7066666666667							-2	140.83333333333334																													-2	83.87	-2	86.19													-2	75.85	-2	80.47999999999999													-2	72.31	-2	80.4																																																																
47	eey	eeu			0.5	9.0			0.5	113.37000000000005	0.5	121.82666666666671	0.5	142.2066666666667							-2	138.83333333333334																																													-2	73.85	-2	78.47999999999999													-2	70.31	-2	78.4																																																																
48	IIE	iie	0.4	52.69999999999998	0	9.0					-2	119.82666666666671	-2	140.2066666666667	0.4	101.60000000000002	0.4	108.18000000000002	0.4	117.04333333333335	0.4	139.23333333333335																																																																																																																																
49	aEI	Aei	0.4	53.09999999999998	0	9.0			-2	111.37000000000005	-2	117.82666666666671	-2	138.2066666666667	0.4	102.00000000000003	0.4	108.58000000000003	0.4	117.44333333333336	0.4	139.63333333333335																																																																																																																																
50	yAi	yai			0.5	9.5			0.5	111.87000000000005	0.5	118.32666666666671	0.5	138.7066666666667							-2	137.63333333333335																													-2	81.87	-2	84.19													-2	71.85	-2	76.47999999999999													-2	68.31	-2	76.4																																																													-2	85.03	-2	89.43
51	oaI	Oai	0.4	53.49999999999998	0	9.5	-2	103.28000000000006	-2	109.87000000000005	-2	116.32666666666671	-2	136.7066666666667	0.4	102.40000000000003	0.4	108.98000000000003	0.4	117.84333333333336	0.4	138.03333333333336													-2	91.33	-2	93.99													-2	79.87	-2	82.19													-2	69.85	-2	74.47999999999999													-2	66.31	-2	74.4																																																													-2	83.03	-2	87.43
52	OeA	oea	0.4	53.89999999999998	0	9.5	0.4	103.68000000000006	0.4	110.27000000000005	0.4	116.72666666666672	0.4	137.1066666666667					-2	115.84333333333336	-2	136.03333333333336																																													-2	67.85	-2	72.47999999999999													-2	64.31	-2	72.4																																									-2	96.09	-2	97.64	-2	90.05	-2	92.19									-2	87.58	-2	90.59	-2	81.03	-2	85.43
53	uII	uii			0.4	9.9							-2	135.1066666666667	0.4	102.80000000000004	0.4	109.38000000000004	0.4	116.24333333333337	0.4	136.43333333333337																																																																																																																													-2	79.03	-2	83.43
54	uEI	yei	0.4	54.299999999999976	0	9.9			-2	108.27000000000005	-2	114.72666666666672	-2	133.1066666666667	0.4	103.20000000000005	0.4	109.78000000000004	0.4	116.64333333333337	0.4	136.83333333333337																																																																																																																																
55	Aee	aee	0.5	54.799999999999976	0	9.9			0.5	108.77000000000005	0.5	115.22666666666672	0.5	133.6066666666667							-2	134.83333333333337																																																																																																																									-2	85.58	-2	88.59	-2	77.03	-2	81.43
56	iey	ieu			0.5	10.4			0.5	109.27000000000005	0.5	115.72666666666672	0.5	134.1066666666667							-2	132.83333333333337																																													-2	65.85	-2	70.47999999999999													-2	62.31	-2	70.4																																																																
57	Ayy	auu	0.5	55.299999999999976	0	10.4			0.5	109.77000000000005	0.5	116.22666666666672	0.5	134.6066666666667							-2	130.83333333333337																																																																																																																																
58	EIa	Eia			0.4	10.8							-2	132.6066666666667	0.4	103.60000000000005	0.4	110.18000000000005	0.4	117.04333333333338	0.4	131.23333333333338																																																													-2	60.31	-2	68.4																													-2	96.43	-2	97.54													-2	88.05	-2	90.19													-2	75.03	-2	79.43
59	uEu	yeu	0.5	55.799999999999976	0	10.8			-2	107.77000000000005	-2	114.22666666666672	-2	130.6066666666667			0.5	110.68000000000005	0.5	117.54333333333338	0.5	131.73333333333338																															-2	80.19													-2	63.849999999999994	-2	68.47999999999999													-2	58.31	-2	66.4																																																																
60	yeA	yea			0.5	11.3			0.5	108.27000000000005	0.5	114.72666666666672	0.5	131.1066666666667							-2	129.73333333333338																															-2	78.19													-2	61.849999999999994	-2	66.47999999999999													-2	56.31	-2	64.4																																																																
62	OiA	Oia			0.5	11.8			0.5	108.77000000000005	0.5	115.22666666666672	0.5	131.6066666666667							-2	127.73333333333338															-2	91.99															-2	76.19															-2	64.47999999999999													-2	54.31	-2	62.400000000000006																																																																
64	uE	ye	0.5	56.299999999999976	0	11.8			-2	106.77000000000005	-2	113.22666666666672	-2	129.6066666666667			0.5	111.18000000000005	0.5	118.04333333333338	0.5	128.23333333333338																																																																																																																																
65	IEI	iei	0.4	56.699999999999974	0	11.8					-2	111.22666666666672	-2	127.60666666666671	0.4	104.00000000000006	0.4	111.58000000000006	0.4	118.44333333333338	0.4	128.63333333333338																																																																																																																																
66	yOe	yoe			0.4	12.200000000000001	0.4	104.08000000000007	0.4	107.17000000000006	0.4	111.62666666666672	0.4	128.00666666666672					-2	116.44333333333338	-2	126.63333333333338																									-2	93.15	-2	93.91	-2	77.87	-2	74.19									-2	89.69	-2	88.66	-2	59.849999999999994	-2	62.47999999999999									-2	90.67	-2	89.56	-2	52.31	-2	60.400000000000006																																									-2	94.09	-2	95.64	-2	86.05	-2	88.19									-2	83.58	-2	86.59	-2	73.03	-2	77.43
67	AeO	Aeo			0.4	12.600000000000001	0.4	104.48000000000008	0.4	107.57000000000006	0.4	112.02666666666673	0.4	128.40666666666672					-2	114.44333333333338	-2	124.63333333333338																											-2	91.91			-2	72.19									-2	87.69	-2	86.66	-2	57.849999999999994	-2	60.47999999999999									-2	88.67	-2	87.56	-2	50.31	-2	58.400000000000006																																																																
68	EIa	Eia			0.4	13.000000000000002							-2	126.40666666666672	0.4	104.40000000000006	0.4	111.98000000000006	0.4	114.84333333333339	0.4	125.03333333333339																																																													-2	48.31	-2	56.400000000000006																													-2	94.43	-2	95.54													-2	84.05	-2	86.19													-2	71.03	-2	75.43
69	yAO	yao			0.4	13.400000000000002	0.4	104.88000000000008	0.4	107.97000000000007	0.4	112.42666666666673	0.4	126.80666666666673					-2	112.84333333333339	-2	123.03333333333339																											-2	89.91	-2	75.87	-2	70.19											-2	84.66	-2	55.849999999999994	-2	58.47999999999999											-2	85.56	-2	46.31	-2	54.400000000000006																																																																
71	uuI	uui			0.4	13.800000000000002							-2	124.80666666666673	0.4	104.80000000000007	0.4	112.38000000000007	0.4	113.2433333333334	0.4	123.4333333333334																																																																																																																													-2	69.03	-2	73.43
72	EoI	eoi	0.4	57.09999999999997	0	13.800000000000002					-2	110.42666666666673	-2	122.80666666666673	0.4	105.20000000000007	0.4	112.78000000000007	0.4	113.6433333333334	0.4	123.8333333333334																																									-2	85.69	-2	82.66	-2	53.849999999999994	-2	56.47999999999999									-2	86.67	-2	83.56	-2	44.31	-2	52.400000000000006																																													-2	82.05	-2	84.19													-2	67.03	-2	71.43
73	IEI	iei	0.4	57.49999999999997	0	13.800000000000002					-2	108.42666666666673	-2	120.80666666666673	0.4	105.60000000000008	0.4	113.18000000000008	0.4	114.04333333333341	0.4	124.2333333333334																																																																																																																																
74	OA	Oa			0.5	14.300000000000002			0.5	108.47000000000007	0.5	108.92666666666673	0.5	121.30666666666673							-2	122.2333333333334													-2	89.33	-2	89.99													-2	73.87	-2	68.19													-2	51.849999999999994	-2	54.47999999999999													-2	42.31	-2	50.400000000000006																																																																
75	EIa	Eia			0.4	14.700000000000003							-2	119.30666666666673	0.4	106.00000000000009	0.4	113.58000000000008	0.4	114.44333333333341	0.4	122.63333333333341																																																													-2	40.31	-2	48.400000000000006																													-2	92.43	-2	93.54													-2	80.05	-2	82.19													-2	65.03	-2	69.43
76	eOO	eoo			0.4	15.100000000000003	0.4	105.28000000000009	0.4	108.87000000000008	0.4	109.32666666666674	0.4	119.70666666666673					-2	112.44333333333341	-2	120.63333333333341																																									-2	83.69	-2	80.66	-2	49.849999999999994	-2	52.47999999999999									-2	84.67	-2	81.56	-2	38.31	-2	46.400000000000006																																																																
78	OAy	Oau			0.5	15.600000000000003			0.5	109.37000000000008	0.5	109.82666666666674	0.5	120.20666666666673							-2	118.63333333333341													-2	87.33	-2	87.99													-2	71.87	-2	66.19													-2	47.849999999999994	-2	50.47999999999999													-2	36.31	-2	44.400000000000006																																																																
79	Iua	iua	0.4	57.89999999999997	0	15.600000000000003							-2	118.20666666666673	0.4	106.40000000000009	0.4	113.98000000000009	0.4	112.84333333333342	0.4	119.03333333333342																																																													-2	34.31	-2	42.400000000000006																																																																
80	eiy	Eiu	0.5	58.39999999999997	0	15.600000000000003			0.5	109.87000000000008	0.5	110.32666666666674	0.5	118.70666666666673			-2	111.98000000000009	-2	110.84333333333342	-2	117.03333333333342																																																													-2	32.31	-2	40.400000000000006																													-2	90.43	-2	91.54													-2	78.05	-2	80.19													-2	63.03	-2	67.43
81	Oei	oei	0.4	58.79999999999997	0	15.600000000000003	0.4	105.68000000000009	0.4	110.27000000000008	0.4	110.72666666666674	0.4	119.10666666666674					-2	108.84333333333342	-2	115.03333333333342																																																																																																									-2	92.09	-2	93.64	-2	76.05	-2	78.19									-2	81.58	-2	84.59	-2	61.03	-2	65.43
82	oIo	oio			0.4	16.000000000000004							-2	117.10666666666674	0.4	106.8000000000001	0.4	112.3800000000001	0.4	109.24333333333342	0.4	115.43333333333342																																																									-2	82.67	-2	79.56	-2	30.310000000000002	-2	38.400000000000006																																													-2	74.05	-2	76.19													-2	59.03	-2	63.43000000000001
84	aao	Aao	1.0	59.79999999999997	0	16.000000000000004			-2	108.27000000000008	-2	108.72666666666674	-2	115.10666666666674							1.0	116.43333333333342																											-2	87.91	-2	69.87	-2	64.19											-2	78.66	-2	45.849999999999994	-2	48.47999999999999											-2	77.56	-2	28.310000000000002	-2	36.400000000000006																																																																
85	EEa	eea	0.5	60.29999999999997	0	16.000000000000004					-2	106.72666666666674	-2	113.10666666666674			0.5	112.8800000000001	0.5	109.74333333333342	0.5	116.93333333333342																																													-2	43.849999999999994	-2	46.47999999999999													-2	26.310000000000002	-2	34.400000000000006																																																																
87	OyO	Ouo			0.4	16.400000000000002	0.4	106.0800000000001	0.4	108.67000000000009	0.4	107.12666666666675	0.4	113.50666666666675					-2	107.74333333333342	-2	114.93333333333342											-2	93.88	-2	85.33	-2	85.99											-2	85.91	-2	67.87	-2	62.19											-2	76.66	-2	41.849999999999994	-2	44.47999999999999											-2	75.56	-2	24.310000000000002	-2	32.400000000000006																																																																
89	OAe	Oae			0.5	16.900000000000002			0.5	109.17000000000009	0.5	107.62666666666675	0.5	114.00666666666675							-2	112.93333333333342													-2	83.33	-2	83.99													-2	65.87	-2	60.19													-2	39.849999999999994	-2	42.47999999999999													-2	22.310000000000002	-2	30.400000000000006																																																									-2	79.58	-2	82.59	-2	57.03	-2	61.43000000000001
90	AiA	Aia			0.5	17.400000000000002			0.5	109.67000000000009	0.5	108.12666666666675	0.5	114.50666666666675							-2	110.93333333333342																															-2	58.19															-2	40.47999999999999													-2	20.310000000000002	-2	28.400000000000006																																																																
93	ouE	Oue	0.5	60.79999999999997	0	17.400000000000002	-2	104.0800000000001	-2	107.67000000000009	-2	106.12666666666675	-2	112.50666666666675			0.5	113.3800000000001	0.5	108.24333333333342	0.5	111.43333333333342													-2	81.33	-2	81.99													-2	63.870000000000005	-2	56.19													-2	37.849999999999994	-2	38.47999999999999													-2	18.310000000000002	-2	26.400000000000006																																																									-2	77.58	-2	80.59	-2	55.03	-2	59.43000000000001
94	IuI	iui	0.4	61.19999999999997	0	17.400000000000002							-2	110.50666666666675	0.4	107.2000000000001	0.4	113.7800000000001	0.4	108.64333333333343	0.4	111.83333333333343																																																													-2	16.310000000000002	-2	24.400000000000006																																																													-2	53.03	-2	57.43000000000001
95	yyO	uuo	0.4	61.599999999999966	0	17.400000000000002	0.4	104.4800000000001	0.4	108.07000000000009	0.4	106.52666666666676	0.4	110.90666666666675					-2	106.64333333333343	-2	109.83333333333343																																																																																																																																
96	ei	Ei	0.6666666666666666	62.26666666666663	0	17.400000000000002					0.6666666666666666	107.19333333333343	0.6666666666666666	111.57333333333342			-2	111.7800000000001	-2	104.64333333333343	-2	107.83333333333343																																																																																													-2	88.43	-2	89.54													-2	72.05	-2	74.19													-2	51.03	-2	55.43000000000001
98	oau	Oau	0.6666666666666666	62.933333333333294	0	17.400000000000002	-2	102.4800000000001	-2	106.07000000000009	-2	105.19333333333343	-2	109.57333333333342					0.6666666666666666	105.3100000000001	0.6666666666666666	108.5000000000001													-2	79.33	-2	79.99													-2	61.870000000000005	-2	54.19													-2	35.849999999999994	-2	36.47999999999999													-2	14.310000000000002	-2	22.400000000000006																																																																
101	au	Au	1.0	63.933333333333294	0	17.400000000000002			-2	104.07000000000009	-2	103.19333333333343	-2	107.57333333333342							1.0	109.5000000000001																													-2	59.870000000000005	-2	52.19													-2	33.849999999999994	-2	34.47999999999999													-2	12.310000000000002	-2	20.400000000000006																																																																
102	Ay	au	0.5	64.4333333333333	0	17.400000000000002			0.5	104.57000000000009	0.5	103.69333333333343	0.5	108.07333333333342							-2	107.5000000000001																																																																																																																																
103	Aee	aee	0.5	64.9333333333333	0	17.400000000000002			0.5	105.07000000000009	0.5	104.19333333333343	0.5	108.57333333333342							-2	105.5000000000001																																																																																																																									-2	75.58	-2	78.59	-2	49.03	-2	53.43000000000001
104	yA	ua	0.5	65.4333333333333	0	17.400000000000002			0.5	105.57000000000009	0.5	104.69333333333343	0.5	109.07333333333342							-2	103.5000000000001																																																																																																																																
105	IEo	ieo	0.4	65.8333333333333	0	17.400000000000002					-2	102.69333333333343	-2	107.07333333333342	0.4	107.60000000000011	0.4	112.1800000000001	0.4	105.71000000000011	0.4	103.9000000000001																																									-2	81.69	-2	74.66	-2	31.849999999999994	-2	32.47999999999999									-2	80.67	-2	73.56	-2	10.310000000000002	-2	18.400000000000006																																																																
107	au	Au	1.0	66.8333333333333	0	17.400000000000002			-2	103.57000000000009	-2	100.69333333333343	-2	105.07333333333342							1.0	104.9000000000001																													-2	57.870000000000005	-2	50.19													-2	29.849999999999994	-2	30.47999999999999													-2	8.310000000000002	-2	16.400000000000006																																																																
108	eOy	eou			0.4	17.8	0.4	102.88000000000011	0.4	103.9700000000001	0.4	101.09333333333343	0.4	105.47333333333343					-2	103.71000000000011	-2	102.9000000000001																																									-2	79.69	-2	72.66	-2	27.849999999999994	-2	28.47999999999999									-2	78.67	-2	71.56	-2	6.310000000000002	-2	14.400000000000006																																																																
111	auu	Auu	1.0	67.8333333333333	0	17.8			-2	101.9700000000001	-2	99.09333333333343	-2	103.47333333333343							1.0	103.9000000000001																													-2	55.870000000000005	-2	48.19													-2	25.849999999999994	-2	26.47999999999999													-2	4.310000000000002	-2	12.400000000000006																																																																
112	ueo	yeo	0.3333333333333333	68.16666666666663	0	17.8			-2	99.9700000000001	-2	97.09333333333343	-2	101.47333333333343							0.3333333333333333	104.23333333333343																											-2	83.91			-2	46.19																																																																																									0.3333333333333333	75.91333333333333	0.3333333333333333	78.92333333333333	0.3333333333333333	49.36333333333334	0.3333333333333333	53.76333333333334
113	eeA	Eea	0.5	68.66666666666663	0	17.8			0.5	100.4700000000001	0.5	97.59333333333343	0.5	101.97333333333343			-2	110.1800000000001	-2	101.71000000000011	-2	102.23333333333343																																													-2	23.849999999999994	-2	24.47999999999999													-2	2.3100000000000023	-2	10.400000000000006																									-2	99.26	-2	100.12	-2	86.43	-2	87.54									-2	90.09	-2	91.64	-2	70.05	-2	72.19									-2	73.91333333333333	-2	76.92333333333333	-2	47.36333333333334	-2	51.76333333333334
115	iOy	iou			0.4	18.2	0.4	103.28000000000011	0.4	100.8700000000001	0.4	97.99333333333344	0.4	102.37333333333343					-2	99.71000000000011	-2	100.23333333333343																																																									-2	76.67	-2	69.56	-2	0.3100000000000023	-2	8.400000000000006																																																																
116	yOO	uoo	0.4	69.06666666666663	0	18.2	0.4	103.68000000000012	0.4	101.27000000000011	0.4	98.39333333333344	0.4	102.77333333333344					-2	97.71000000000011	-2	98.23333333333343																																																																																																																																
117	eeu	Eeu	0.6666666666666666	69.7333333333333	0	18.2					0.6666666666666666	99.06000000000012	0.6666666666666666	103.44000000000011			-2	108.1800000000001	-2	95.71000000000011	-2	96.23333333333343																																																																																									-2	97.26	-2	98.12	-2	84.43	-2	85.54									-2	88.09	-2	89.64	-2	68.05	-2	70.19									-2	71.91333333333333	-2	74.92333333333333	-2	45.36333333333334	-2	49.76333333333334
123	eie	Eie	0.6666666666666666	70.39999999999998	0	18.2					0.6666666666666666	99.72666666666679	0.6666666666666666	104.10666666666678			-2	106.1800000000001	-2	93.71000000000011	-2	94.23333333333343																																																																																											-2	96.12	-2	82.43	-2	83.54											-2	87.64	-2	66.05	-2	68.19											-2	72.92333333333333	-2	43.36333333333334	-2	47.76333333333334
125	oeu	Oeu	0.18181818181818182	70.58181818181816	0	18.2	-2	101.68000000000012	-2	99.27000000000011	-2	97.72666666666679	-2	102.10666666666678					0.18181818181818182	93.8918181818183	0.18181818181818182	94.41515151515162															-2	77.99															-2	44.19																																																																									0.18181818181818182	88.27181818181819	0.18181818181818182	87.82181818181819	0.18181818181818182	66.23181818181818	0.18181818181818182	68.37181818181818									0.18181818181818182	72.09515151515151	0.18181818181818182	73.10515151515152	0.18181818181818182	43.54515151515152	0.18181818181818182	47.94515151515152
126	aei	Aei	0.3333333333333333	70.91515151515149	0	18.2			-2	97.27000000000011	-2	95.72666666666679	-2	100.10666666666678							0.3333333333333333	94.74848484848495																																																																																																																									0.3333333333333333	72.42848484848484	0.3333333333333333	73.43848484848485	0.3333333333333333	43.87848484848485	0.3333333333333333	48.27848484848486
129	oau	Oau	0.6666666666666666	71.58181818181816	0	18.2	-2	99.68000000000012	-2	95.27000000000011	-2	93.72666666666679	-2	98.10666666666678					0.6666666666666666	94.55848484848497	0.6666666666666666	95.41515151515162													-2	77.33	-2	75.99													-2	53.870000000000005	-2	42.19													-2	21.849999999999994	-2	22.47999999999999													-2	0	-2	6.400000000000006																																																																
130	yiy	uiu	0.5	72.08181818181816	0	18.2			0.5	95.77000000000011	0.5	94.22666666666679	0.5	98.60666666666678							-2	93.41515151515162																																																													-2	0	-2	4.400000000000006																																																													-2	41.87848484848485	-2	46.27848484848486
131	eo	Eo	0.18181818181818182	72.26363636363635	0	18.2					0.18181818181818182	94.40848484848497	0.18181818181818182	98.78848484848497			-2	104.1800000000001	-2	92.55848484848497	-2	91.41515151515162																																									0.18181818181818182	79.87181818181818	0.18181818181818182	72.84181818181818	0.18181818181818182	22.031818181818178	0.18181818181818182	22.661818181818173									0.18181818181818182	76.85181818181819	0.18181818181818182	69.74181818181819	0.18181818181818182	0.18181818181818182	0.18181818181818182	4.581818181818187																																																																
134	auu	Auu	1.0	73.26363636363635	0	18.2			-2	93.77000000000011	-2	92.40848484848497	-2	96.78848484848497							1.0	92.41515151515162																													-2	51.870000000000005	-2	40.19													-2	20.031818181818178	-2	20.661818181818173													-2	0	-2	2.5818181818181873																																																																
138	uau	yau	1.0	74.26363636363635	0	18.2			-2	91.77000000000011	-2	90.40848484848497	-2	94.78848484848497							1.0	93.41515151515162																													-2	49.870000000000005	-2	38.19													-2	18.031818181818178	-2	18.661818181818173													-2	0	-2	0.5818181818181873																																																																
139	eea	Eea	0.6666666666666666	74.93030303030302	0	18.2					0.6666666666666666	91.07515151515165	0.6666666666666666	95.45515151515164			-2	102.1800000000001	-2	90.55848484848497	-2	91.41515151515162																																																																																									-2	95.26	-2	94.12	-2	80.43	-2	81.54									-2	86.27181818181819	-2	85.82181818181819	-2	64.23181818181818	-2	66.37181818181818									-2	70.42848484848484	-2	71.43848484848485	-2	39.87848484848485	-2	44.27848484848486
141	ai	Ai	0.5	75.43030303030302	0	18.2			-2	89.77000000000011	-2	89.07515151515165	-2	93.45515151515164							0.5	91.91515151515162																																																																																																																													0.5	40.37848484848485	0.5	44.77848484848486
143	ooe	Ooe	0.2857142857142857	75.71601731601731	0	18.2	-2	97.68000000000012	-2	87.77000000000011	-2	87.07515151515165	-2	91.45515151515164					0.2857142857142857	90.84419913419926	0.2857142857142857	92.20086580086591									-2	93.04	-2	91.88	-2	75.33	-2	73.99									-2	91.15	-2	81.91	-2	47.870000000000005	-2	36.19									-2	77.87181818181818	-2	70.84181818181818	-2	16.031818181818178	-2	16.661818181818173									-2	74.85181818181819	-2	67.74181818181819	-2	0	-2	0																																											0.2857142857142857	86.10753246753248			0.2857142857142857	66.65753246753248											0.2857142857142857	71.72419913419914			0.2857142857142857	45.06419913419914
144	ieA	iea			0.5	18.7			0.5	88.27000000000011	0.5	87.57515151515165	0.5	91.95515151515164							-2	90.20086580086591																																													-2	14.031818181818178	-2	14.661818181818173													-2	0	-2	0																																																																
145	yyo	uuo	0.125	75.84101731601731	0	18.7			0.125	88.39500000000011	0.125	87.70015151515165	0.125	92.08015151515164							-2	88.20086580086591																									0.125	91.275	0.125	82.035	0.125	47.995000000000005	0.125	36.315									0.125	77.99681818181818	0.125	70.96681818181818	0.125	14.156818181818178	0.125	14.786818181818173									0.125	74.97681818181819	0.125	67.86681818181819	0.125	0.125	0.125	0.125																																																																
149	aau	Aau	1.0	76.84101731601731	0	18.7			-2	86.39500000000011	-2	85.70015151515165	-2	90.08015151515164							1.0	89.20086580086591																													-2	45.995000000000005	-2	34.315													-2	12.156818181818178	-2	12.786818181818173													-2	0	-2	0																																																																
150	aia	Aia	0.5	77.34101731601731	0	18.7			-2	84.39500000000011	-2	83.70015151515165	-2	88.08015151515164							0.5	89.70086580086591																															-2	32.315															-2	10.786818181818173																																																																													0.5	40.87848484848485	0.5	45.56419913419914
151	oe	Oe	0.18181818181818182	77.5228354978355	0	18.7	-2	95.68000000000012	-2	82.39500000000011	-2	81.70015151515165	-2	86.08015151515164					0.18181818181818182	91.02601731601744	0.18181818181818182	89.8826839826841																																																																																																									0.18181818181818182	86.45363636363638	0.18181818181818182	86.28935064935067	0.18181818181818182	64.41363636363637	0.18181818181818182	66.83935064935066									0.18181818181818182	70.61030303030303	0.18181818181818182	71.90601731601733	0.18181818181818182	41.06030303030303	0.18181818181818182	45.74601731601732
155	yiy	yiu			0.5	19.2			0.5	82.89500000000011	0.5	82.20015151515165	0.5	86.58015151515164							-2	87.8826839826841																															-2	30.314999999999998															-2	8.786818181818173													-2	0	-2	0																																																																
156	iy	iu			0.5	19.7			0.5	83.39500000000011	0.5	82.70015151515165	0.5	87.08015151515164							-2	85.8826839826841																																																													-2	0	-2	0																																																																
157	oui	Oui	0.4	77.92283549783551	0	19.7	-2	93.68000000000012	-2	81.39500000000011	-2	80.70015151515165	-2	85.08015151515164					0.4	91.42601731601745	0.4	86.2826839826841													-2	73.33	-2	71.99													-2	43.995000000000005	-2	28.314999999999998													-2	10.156818181818178	-2	6.786818181818173													-2	0	-2	0																																															0.4	67.23935064935067															0.4	46.14601731601732
158	eyi	Eui	0.5	78.42283549783551	0	19.7			0.5	81.89500000000011	0.5	81.20015151515165	0.5	85.58015151515164			-2	100.1800000000001	-2	89.42601731601745	-2	84.2826839826841																																																																																															-2	79.54															-2	65.23935064935067													-2	39.06030303030303	-2	44.14601731601732
160	oeo	Oeo	0.18181818181818182	78.6046536796537	0	19.7	-2	91.68000000000012	-2	79.89500000000011	-2	79.20015151515165	-2	83.58015151515164					0.18181818181818182	89.60783549783564	0.18181818181818182	84.46450216450229											-2	89.88			-2	69.99											-2	80.035			-2	26.314999999999998																																																																									0.18181818181818182	86.63545454545456	0.18181818181818182	86.47116883116885	0.18181818181818182	64.59545454545456	0.18181818181818182	65.42116883116886									0.18181818181818182	70.79212121212122	0.18181818181818182	72.08783549783551	0.18181818181818182	39.24212121212121	0.18181818181818182	44.3278354978355
162	eie	Eie	0.6666666666666666	79.27132034632037	0	19.7					0.6666666666666666	79.86681818181832	0.6666666666666666	84.24681818181831			-2	98.1800000000001	-2	87.60783549783564	-2	82.46450216450229																																																																																											-2	92.12	-2	78.43	-2	77.54											-2	84.47116883116885	-2	62.59545454545456	-2	63.421168831168856											-2	70.08783549783551	-2	37.24212121212121	-2	42.3278354978355
164	oue	Oue	0.2857142857142857	79.55703463203466	0	19.7	-2	89.68000000000012	-2	77.89500000000011	-2	77.86681818181832	-2	82.24681818181831					0.2857142857142857	87.89354978354993	0.2857142857142857	82.75021645021658													-2	71.33	-2	67.99													-2	41.995000000000005	-2	24.314999999999998													-2	8.156818181818178	-2	4.786818181818173													-2	0	-2	0																																											0.2857142857142857	84.75688311688315			0.2857142857142857	63.70688311688314											0.2857142857142857	70.3735497835498			0.2857142857142857	42.613549783549786
166	yAA	yaa			0.5	20.2			0.5	78.39500000000011	0.5	78.36681818181832	0.5	82.74681818181831							-2	80.75021645021658																													-2	39.995000000000005	-2	22.314999999999998													-2	6.156818181818178	-2	2.786818181818173													-2	0	-2	0																																																																
167	eoi	Eoi	0.18181818181818182	79.73885281385284	0	20.2					0.18181818181818182	78.5486363636365	0.18181818181818182	82.9286363636365			-2	96.1800000000001	-2	85.89354978354993	-2	78.75021645021658																																									0.18181818181818182	78.17863636363637	0.18181818181818182	71.14863636363637	0.18181818181818182	6.338636363636359	0.18181818181818182	2.968636363636355									0.18181818181818182	75.15863636363638	0.18181818181818182	68.04863636363638	0.18181818181818182	0.18181818181818182	0.18181818181818182	0.18181818181818182																															-2	75.54															-2	61.70688311688314															-2	40.613549783549786
171	ueo	yeo	0.3333333333333333	80.07218614718617	0	20.2			-2	76.39500000000011	-2	76.5486363636365	-2	80.9286363636365							0.3333333333333333	79.08354978354991																											-2	78.035			-2	20.314999999999998																																																																																									0.3333333333333333	71.12545454545455	0.3333333333333333	70.70688311688313	0.3333333333333333	37.57545454545455	0.3333333333333333	40.94688311688312
172	yyy	uuu	0.5	80.57218614718617	0	20.2			0.5	76.89500000000011	0.5	77.0486363636365	0.5	81.4286363636365							-2	77.08354978354991																																																																																																																																
174	aaa	Aaa	1.0	81.57218614718617	0	20.2			-2	74.89500000000011	-2	75.0486363636365	-2	79.4286363636365							1.0	78.08354978354991																													-2	37.995000000000005	-2	18.314999999999998													-2	4.338636363636359	-2	0.9686363636363549													-2	0	-2	0																																																																
175	au	Au	1.0	82.57218614718617	0	20.2			-2	72.89500000000011	-2	73.0486363636365	-2	77.4286363636365							1.0	79.08354978354991																													-2	35.995000000000005	-2	16.314999999999998													-2	2.3386363636363594	-2	0													-2	0	-2	0																																																																
176	euo	Euo	0.2222222222222222	82.7944083694084	0	20.2					0.2222222222222222	73.27085858585873	0.2222222222222222	77.65085858585873			-2	94.1800000000001	-2	83.89354978354993	-2	77.08354978354991																																											0.2222222222222222	71.3708585858586	0.2222222222222222	2.5608585858585817	0.2222222222222222	0.2222222222222222											0.2222222222222222	68.2708585858586	0.2222222222222222	0.2222222222222222	0.2222222222222222	0.2222222222222222																																																																
177	uuo	yuo	1.0	83.7944083694084	0	20.2			-2	70.89500000000011	-2	71.27085858585873	-2	75.65085858585873							1.0	78.08354978354991																											-2	76.035	-2	33.995000000000005	-2	14.314999999999998											-2	69.3708585858586	-2	0.5608585858585817	-2	0											-2	66.2708585858586	-2	0	-2	0																																																																
180	eiA	eia			0.5	20.7			0.5	71.39500000000011	0.5	71.77085858585873	0.5	76.15085858585873							-2	76.08354978354991																																															-2	0													-2	0	-2	0																																																																
181	ey	Eu	0.5	84.2944083694084	0	20.7			0.5	71.89500000000011	0.5	72.27085858585873	0.5	76.65085858585873			-2	92.1800000000001	-2	81.89354978354993	-2	74.08354978354991																																																																																																																																
185	eia	Eia	0.5	84.7944083694084	0	20.7					0.5	72.77085858585873	0.5	77.15085858585873			-2	90.1800000000001	-2	79.89354978354993	-2	72.08354978354991																																															0.5	0.5																																													-2	76.43	-2	73.54													-2	60.59545454545456	-2	59.70688311688314													-2	35.57545454545455	-2	38.94688311688312
186	eui	Eui	0.2857142857142857	85.0801226551227	0	20.7					0.2857142857142857	73.05657287157302	0.2857142857142857	77.43657287157302			-2	88.1800000000001	-2	77.89354978354993	-2	70.08354978354991																																													0.2857142857142857	0.8465728715728674	0.2857142857142857	0.7857142857142857													0.2857142857142857	0.2857142857142857	0.2857142857142857	0.2857142857142857																															-2	71.54															-2	57.70688311688314															-2	36.94688311688312
191	uo	yo	1.0	86.0801226551227	0	20.7			-2	69.89500000000011	-2	71.05657287157302	-2	75.43657287157302							1.0	71.08354978354991																									-2	89.275	-2	74.035	-2	31.995000000000005	-2	12.314999999999998									-2	76.17863636363637	-2	67.3708585858586	-2	0	-2	0									-2	73.15863636363638	-2	64.2708585858586	-2	0	-2	0																																																																
194	eo	Eo	0.18181818181818182	86.26194083694088	0	20.7					0.18181818181818182	71.23839105339121	0.18181818181818182	75.6183910533912			-2	86.1800000000001	-2	75.89354978354993	-2	69.08354978354991																																									0.18181818181818182	76.36045454545456	0.18181818181818182	67.55267676767679	0.18181818181818182	0.18181818181818182	0.18181818181818182	0.18181818181818182									0.18181818181818182	73.34045454545456	0.18181818181818182	64.45267676767679	0.18181818181818182	0.18181818181818182	0.18181818181818182	0.18181818181818182																																																																
201	eo	Eo	0.18181818181818182	86.44375901875907	0	20.7					0.18181818181818182	71.4202092352094	0.18181818181818182	75.8002092352094			-2	84.1800000000001	-2	73.89354978354993	-2	67.08354978354991																																									0.18181818181818182	76.54227272727275	0.18181818181818182	67.73449494949497	0.18181818181818182	0.36363636363636365	0.18181818181818182	0.36363636363636365									0.18181818181818182	73.52227272727275	0.18181818181818182	64.63449494949498	0.18181818181818182	0.36363636363636365	0.18181818181818182	0.36363636363636365																																																																
207	eaa	Eaa	0.2857142857142857	86.72947330447336	0	20.7					0.2857142857142857	71.70592352092369	0.2857142857142857	76.08592352092369			-2	82.1800000000001	-2	71.89354978354993	-2	65.08354978354991																																													0.2857142857142857	0.6493506493506493	0.2857142857142857	0.6493506493506493													0.2857142857142857	0.6493506493506493	0.2857142857142857	0.6493506493506493																																																																
209	oui	Oui	0.4	87.12947330447336	0	20.7	-2	87.68000000000012	-2	67.89500000000011	-2	69.70592352092369	-2	74.08592352092369					0.4	72.29354978354993	0.4	65.48354978354992													-2	69.33	-2	65.99													-2	29.995000000000005	-2	10.314999999999998													-2	0	-2	0													-2	0	-2	0																																															0.4	58.10688311688314															0.4	37.34688311688312
211	OyO	Ouo			0.4	21.099999999999998	0.4	88.08000000000013	0.4	68.29500000000012	0.4	70.1059235209237	0.4	74.48592352092369					-2	70.29354978354993	-2	63.48354978354992											-2	87.88	-2	67.33	-2	63.989999999999995											-2	72.035	-2	27.995000000000005	-2	8.314999999999998											-2	65.73449494949497	-2	0	-2	0											-2	62.63449494949498	-2	0	-2	0																																																																
218	oEi	oei			0.25	21.349999999999998					-2	68.1059235209237	-2	72.48592352092369			0.25	82.4300000000001	0.25	70.54354978354993	0.25	63.73354978354992																																																																																													0.25	76.68	0.25	71.79									-2	84.63545454545456	-2	82.75688311688315			0.25	58.35688311688314									-2	69.12545454545455	-2	68.70688311688313			0.25	37.59688311688312
232	EEa	Eea			0.5	21.849999999999998					-2	66.1059235209237	-2	70.48592352092369			0.5	82.9300000000001	0.5	71.04354978354993	0.5	64.23354978354992																																													-2	0	-2	0													-2	0	-2	0																									-2	93.26	-2	90.12	-2	74.68	-2	69.79									-2	82.63545454545456	-2	80.75688311688315	-2	58.59545454545456	-2	56.35688311688314									-2	67.12545454545455	-2	66.70688311688313	-2	33.57545454545455	-2	35.59688311688312
233	oao	Oao	0.6666666666666666	87.79613997114004	0	21.849999999999998	-2	86.08000000000013	-2	66.29500000000012	-2	64.1059235209237	-2	68.48592352092369					0.6666666666666666	71.7102164502166	0.6666666666666666	64.90021645021659											-2	85.88	-2	65.33	-2	61.989999999999995											-2	70.035	-2	25.995000000000005	-2	6.314999999999998											-2	63.73449494949497	-2	0	-2	0											-2	60.63449494949498	-2	0	-2	0																																																																
241	OAO	Oao			0.4	22.249999999999996	0.4	86.48000000000013	0.4	66.69500000000012	0.4	64.5059235209237	0.4	68.8859235209237					-2	69.7102164502166	-2	62.90021645021659											-2	83.88	-2	63.33	-2	59.989999999999995											-2	68.035	-2	23.995000000000005	-2	4.314999999999998											-2	61.73449494949497	-2	0	-2	0											-2	58.63449494949498	-2	0	-2	0																																																																
242	EoE	Eoe			0.5	22.749999999999996					-2	62.5059235209237	-2	66.8859235209237			0.5	83.4300000000001	0.5	70.2102164502166	0.5	63.40021645021659																																																																																											-2	88.12			-2	67.79									-2	80.63545454545456	-2	78.75688311688315	-2	56.59545454545456	-2	54.35688311688314									-2	65.12545454545455	-2	64.70688311688313	-2	31.575454545454548	-2	33.59688311688312
244	oei	Oei	0.18181818181818182	87.97795815295822	0	22.749999999999996	-2	84.48000000000013	-2	64.69500000000012	-2	60.5059235209237	-2	64.8859235209237					0.18181818181818182	70.3920346320348	0.18181818181818182	63.58203463203477																																																																																																									0.18181818181818182	80.81727272727275	0.18181818181818182	78.93870129870133	0.18181818181818182	56.77727272727274	0.18181818181818182	54.53870129870132									0.18181818181818182	65.30727272727273	0.18181818181818182	64.88870129870132	0.18181818181818182	31.75727272727273	0.18181818181818182	33.7787012987013
250	EEi	Eei			0.2857142857142857	23.03571428571428					-2	58.5059235209237	-2	62.8859235209237			0.2857142857142857	83.7157142857144	0.2857142857142857	70.67774891774908	0.2857142857142857	63.867748917749054																																																																																									-2	91.26	-2	86.12			0.2857142857142857	68.0757142857143									-2	78.81727272727275	-2	76.93870129870133			0.2857142857142857	54.824415584415604									-2	63.30727272727273	-2	62.88870129870132			0.2857142857142857	34.064415584415585
274	eoo	Eoo	0.18181818181818182	88.15977633477641	0	23.03571428571428					0.18181818181818182	58.68774170274188	0.18181818181818182	63.06774170274188			-2	81.7157142857144	-2	68.67774891774908	-2	61.867748917749054																																									0.18181818181818182	76.72409090909093	0.18181818181818182	61.91631313131315	0.18181818181818182	0.18181818181818182	0.18181818181818182	0.18181818181818182									0.18181818181818182	73.70409090909094	0.18181818181818182	58.81631313131316	0.18181818181818182	0.18181818181818182	0.18181818181818182	0.18181818181818182																																																																
275	aoo	Aoo	1.0	89.15977633477641	0	23.03571428571428			-2	62.69500000000012	-2	56.68774170274188	-2	61.06774170274188							1.0	62.867748917749054																									-2	87.275	-2	66.035	-2	21.995000000000005	-2	2.3149999999999977									-2	74.72409090909093	-2	59.91631313131315	-2	0	-2	0									-2	71.70409090909094	-2	56.81631313131316	-2	0	-2	0																																																																
276	EEo	Eeo			0.5	23.53571428571428					-2	54.68774170274188	-2	59.06774170274188			0.5	82.2157142857144	0.5	69.17774891774908	0.5	63.367748917749054																																									-2	72.72409090909093	-2	57.91631313131315	-2	0	-2	0									-2	69.70409090909094	-2	54.81631313131316	-2	0	-2	0																									-2	89.26	-2	84.12	-2	72.68	-2	66.0757142857143									-2	76.81727272727275	-2	74.93870129870133	-2	54.77727272727274	-2	52.824415584415604									-2	61.30727272727273	-2	60.88870129870132	-2	29.75727272727273	-2	32.064415584415585
282	yAe	yae			0.5	24.03571428571428			0.5	63.19500000000012	0.5	55.18774170274188	0.5	59.56774170274188							-2	61.367748917749054																													-2	19.995000000000005	-2	0.3149999999999977													-2	0	-2	0													-2	0	-2	0																																																									-2	59.30727272727273	-2	58.88870129870132	-2	27.75727272727273	-2	30.064415584415585
285	AA	Aa			0.5	24.53571428571428			0.5	63.69500000000012	0.5	55.68774170274188	0.5	60.06774170274188							-2	59.367748917749054																													-2	17.995000000000005	-2	0													-2	0	-2	0													-2	0	-2	0																																																																
291	iyA	iua			0.5	25.03571428571428			0.5	64.19500000000012	0.5	56.18774170274188	0.5	60.56774170274188							-2	57.367748917749054																																																													-2	0	-2	0																																																																
298	AOu	Aou			0.2857142857142857	25.321428571428566	0.2857142857142857	84.76571428571442	0.2857142857142857	64.48071428571441	0.2857142857142857	56.473455988456166	0.2857142857142857	60.85345598845616					-2	67.17774891774908	-2	55.367748917749054													0.2857142857142857	63.61571428571428	0.2857142857142857	60.27571428571428									-2	85.275	-2	64.035			-2	0									-2	70.72409090909093	-2	55.91631313131315			-2	0									-2	67.70409090909094	-2	52.81631313131316			-2	0																																																																
315	OAi	Oai			0.5	25.821428571428566			0.5	64.98071428571441	0.5	56.973455988456166	0.5	61.35345598845616							-2	53.367748917749054													-2	61.61571428571428	-2	58.27571428571428													-2	15.995000000000005	-2	0													-2	0	-2	0													-2	0	-2	0																																																													-2	25.75727272727273	-2	28.064415584415585
321	AOa	Aoa			0.2857142857142857	26.10714285714285	0.2857142857142857	85.05142857142872	0.2857142857142857	65.2664285714287	0.2857142857142857	57.25917027417045	0.2857142857142857	61.639170274170446					-2	65.17774891774908	-2	51.367748917749054													0.2857142857142857	61.90142857142857	0.2857142857142857	58.561428571428564									-2	83.275	-2	62.035			-2	0									-2	68.72409090909093	-2	53.91631313131315			-2	0									-2	65.70409090909094	-2	50.81631313131316			-2	0																																																																
322	OOO	Ooo			0.4	26.50714285714285	0.4	85.45142857142872	0.4	65.66642857142871	0.4	57.65917027417045	0.4	62.039170274170445					-2	63.177748917749085	-2	49.367748917749054									-2	91.04	-2	81.88	-2	59.90142857142857	-2	56.561428571428564									-2	81.275	-2	60.035	-2	13.995000000000005	-2	0									-2	66.72409090909093	-2	51.91631313131315	-2	0	-2	0									-2	63.70409090909094	-2	48.81631313131316	-2	0	-2	0																																																																
326	OeO	Oeo			0.4	26.907142857142848	0.4	85.85142857142873	0.4	66.06642857142872	0.4	58.05917027417045	0.4	62.43917027417044					-2	61.177748917749085	-2	47.367748917749054											-2	79.88			-2	54.561428571428564											-2	58.035			-2	0									-2	64.72409090909093	-2	49.91631313131315	-2	0	-2	0									-2	61.70409090909094	-2	46.81631313131316	-2	0	-2	0																																																																
332	OOe	Ooe			0.4	27.307142857142846	0.4	86.25142857142873	0.4	66.46642857142872	0.4	58.45917027417045	0.4	62.83917027417044					-2	59.177748917749085	-2	45.367748917749054									-2	89.04	-2	77.88	-2	57.90142857142857	-2	52.561428571428564									-2	79.275	-2	56.035	-2	11.995000000000005	-2	0									-2	62.72409090909093	-2	47.91631313131315	-2	0	-2	0									-2	59.70409090909094	-2	44.81631313131316	-2	0	-2	0																																									-2	74.81727272727275	-2	72.93870129870133	-2	52.77727272727274	-2	50.824415584415604									-2	57.30727272727273	-2	56.88870129870132	-2	23.75727272727273	-2	26.064415584415585
345	oeo	Oeo	0.18181818181818182	89.3415945165946	0	27.307142857142846	-2	84.25142857142873	-2	64.46642857142872	-2	56.45917027417045	-2	60.83917027417044					0.18181818181818182	59.359567099567265	0.18181818181818182	45.549567099567234											-2	75.88			-2	50.561428571428564											-2	54.035			-2	0																																																																									0.18181818181818182	74.99909090909094	0.18181818181818182	73.12051948051952	0.18181818181818182	52.95909090909092	0.18181818181818182	51.006233766233784									0.18181818181818182	57.48909090909091	0.18181818181818182	57.0705194805195	0.18181818181818182	23.939090909090915	0.18181818181818182	26.246233766233768
365	EEu	Eeu			0.5	27.807142857142846					-2	54.45917027417045	-2	58.83917027417044			0.5	82.7157142857144	0.5	59.859567099567265	0.5	46.049567099567234																																													-2	0	-2	0													-2	0	-2	0																									-2	87.26	-2	82.12	-2	70.68	-2	64.0757142857143									-2	72.99909090909094	-2	71.12051948051952	-2	50.95909090909092	-2	49.006233766233784									-2	55.48909090909091	-2	55.0705194805195	-2	21.939090909090915	-2	24.246233766233768
366	ou	Ou	0.6666666666666666	90.00826118326127	0	27.807142857142846	-2	82.25142857142873	-2	62.46642857142872	-2	52.45917027417045	-2	56.83917027417044					0.6666666666666666	60.52623376623393	0.6666666666666666	46.7162337662339													-2	55.90142857142857	-2	48.561428571428564													-2	9.995000000000005	-2	0													-2	0	-2	0													-2	0	-2	0																																																																
393	OOe	Ooe			0.4	28.207142857142845	0.4	82.65142857142874	0.4	62.86642857142872	0.4	52.859170274170445	0.4	57.23917027417044					-2	58.52623376623393	-2	44.7162337662339									-2	87.04	-2	73.88	-2	53.90142857142857	-2	46.561428571428564									-2	77.275	-2	52.035	-2	7.9950000000000045	-2	0									-2	60.72409090909093	-2	45.91631313131315	-2	0	-2	0									-2	57.70409090909094	-2	42.81631313131316	-2	0	-2	0																																									-2	70.99909090909094	-2	69.12051948051952	-2	48.95909090909092	-2	47.006233766233784									-2	53.48909090909091	-2	53.0705194805195	-2	19.939090909090915	-2	22.246233766233768
445	EoE	Eoe			0.5	28.707142857142845					-2	50.859170274170445	-2	55.23917027417044			0.5	83.2157142857144	0.5	59.02623376623393	0.5	45.2162337662339																																																																																											-2	80.12			-2	62.0757142857143									-2	68.99909090909094	-2	67.12051948051952	-2	46.95909090909092	-2	45.006233766233784									-2	51.48909090909091	-2	51.0705194805195	-2	17.939090909090915	-2	20.246233766233768
450	OOe	Ooe			0.4	29.107142857142843	0.4	83.05142857142874	0.4	63.26642857142872	0.4	51.259170274170444	0.4	55.63917027417044					-2	57.02623376623393	-2	43.2162337662339									-2	85.04	-2	71.88	-2	51.90142857142857	-2	44.561428571428564									-2	75.275	-2	50.035	-2	5.9950000000000045	-2	0									-2	58.72409090909093	-2	43.91631313131315	-2	0	-2	0									-2	55.70409090909094	-2	40.81631313131316	-2	0	-2	0																																									-2	66.99909090909094	-2	65.12051948051952	-2	44.95909090909092	-2	43.006233766233784									-2	49.48909090909091	-2	49.0705194805195	-2	15.939090909090915	-2	18.246233766233768
474	EuE	Eue			0.5	29.607142857142843					-2	49.259170274170444	-2	53.63917027417044			0.5	83.7157142857144	0.5	57.52623376623393	0.5	43.7162337662339																																																																																											-2	78.12			-2	60.0757142857143											-2	63.12051948051952			-2	41.006233766233784									-2	47.48909090909091	-2	47.0705194805195	-2	13.939090909090915	-2	16.246233766233768
503	EE	Ee			0.5	30.107142857142843					-2	47.259170274170444	-2	51.63917027417044			0.5	84.2157142857144	0.5	58.02623376623393	0.5	44.2162337662339																																																																																									-2	85.26	-2	76.12	-2	68.68	-2	58.0757142857143									-2	64.99909090909094	-2	61.12051948051952	-2	42.95909090909092	-2	39.006233766233784									-2	45.48909090909091	-2	45.0705194805195	-2	11.939090909090915	-2	14.246233766233768
526	OO	Oo			0.4	30.507142857142842	0.4	83.45142857142875	0.4	63.66642857142872	0.4	47.65917027417044	0.4	52.03917027417044					-2	56.02623376623393	-2	42.2162337662339									-2	83.04	-2	69.88	-2	49.90142857142857	-2	42.561428571428564									-2	73.275	-2	48.035	-2	3.9950000000000045	-2	0									-2	56.72409090909093	-2	41.91631313131315	-2	0	-2	0									-2	53.70409090909094	-2	38.81631313131316	-2	0	-2	0																																																																
556	eoi	Eoi	0.18181818181818182	90.19007936507946	0	30.507142857142842					0.18181818181818182	47.84098845598862	0.18181818181818182	52.22098845598862			-2	82.2157142857144	-2	54.02623376623393	-2	40.2162337662339																																									0.18181818181818182	56.90590909090911	0.18181818181818182	42.09813131313133	0.18181818181818182	0.18181818181818182	0.18181818181818182	0.18181818181818182									0.18181818181818182	53.88590909090912	0.18181818181818182	38.99813131313134	0.18181818181818182	0.18181818181818182	0.18181818181818182	0.18181818181818182																															-2	56.0757142857143															-2	37.006233766233784															-2	12.246233766233768
587	EEi	Eei			0.2857142857142857	30.792857142857127					-2	45.84098845598862	-2	50.22098845598862			0.2857142857142857	82.50142857142869	0.2857142857142857	54.311948051948214	0.2857142857142857	40.50194805194818																																																																																									-2	83.26	-2	74.12			0.2857142857142857	56.36142857142858									-2	62.99909090909094	-2	59.12051948051952			0.2857142857142857	37.29194805194807									-2	43.48909090909091	-2	43.0705194805195			0.2857142857142857	12.531948051948055
647	OOa	Ooa			0.4	31.192857142857125	0.4	83.85142857142876	0.4	64.06642857142872	0.4	46.24098845598862	0.4	50.620988455988616					-2	52.311948051948214	-2	38.50194805194818									-2	81.04	-2	67.88			-2	40.561428571428564									-2	71.275	-2	46.035			-2	0									-2	54.90590909090911	-2	40.09813131313133			-2	0									-2	51.88590909090912	-2	36.99813131313134			-2	0																																																																
789	EEE	Eee			0.5	31.692857142857125					-2	44.24098845598862	-2	48.620988455988616			0.5	83.00142857142869	0.5	52.811948051948214	0.5	39.00194805194818																																																																																									-2	81.26	-2	72.12	-2	66.68	-2	54.36142857142858									-2	60.99909090909094	-2	57.12051948051952	-2	40.95909090909092	-2	35.29194805194807									-2	41.48909090909091	-2	41.0705194805195	-2	9.939090909090915	-2	10.531948051948055
917	OOe	Ooe			0.4	32.09285714285713	0.4	84.25142857142876	0.4	64.46642857142872	0.4	44.64098845598862	0.4	49.020988455988615					-2	50.811948051948214	-2	37.00194805194818									-2	79.04	-2	65.88	-2	47.90142857142857	-2	38.561428571428564									-2	69.275	-2	44.035	-2	1.9950000000000045	-2	0									-2	52.90590909090911	-2	38.09813131313133	-2	0	-2	0									-2	49.88590909090912	-2	34.99813131313134	-2	0	-2	0																																									-2	58.99909090909094	-2	55.12051948051952	-2	38.95909090909092	-2	33.29194805194807									-2	39.48909090909091	-2	39.0705194805195	-2	7.939090909090915	-2	8.531948051948055
1292	EEi	Eei			0.2857142857142857	32.37857142857141					-2	42.64098845598862	-2	47.020988455988615			0.2857142857142857	83.28714285714298	0.2857142857142857	51.0976623376625	0.2857142857142857	37.28766233766247																																																																																									-2	79.26	-2	70.12			0.2857142857142857	54.64714285714287									-2	56.99909090909094	-2	53.12051948051952			0.2857142857142857	33.57766233766235									-2	37.48909090909091	-2	37.0705194805195			0.2857142857142857	8.817662337662341
1702	OOi	Ooi			0.4	32.77857142857141	0.4	84.65142857142877	0.4	64.86642857142873	0.4	43.04098845598862	0.4	47.42098845598861					-2	49.0976623376625	-2	35.28766233766247									-2	77.04	-2	63.879999999999995	-2	45.90142857142857	-2	36.561428571428564									-2	67.275	-2	42.035	-2	0	-2	0									-2	50.90590909090911	-2	36.09813131313133	-2	0	-2	0									-2	47.88590909090912	-2	32.99813131313134	-2	0	-2	0																																													-2	36.95909090909092	-2	31.577662337662353													-2	5.939090909090915	-2	6.817662337662341
2139	oui	Oui	0.4	90.59007936507946	0	32.77857142857141	-2	82.65142857142877	-2	62.86642857142873	-2	41.04098845598862	-2	45.42098845598861					0.4	49.4976623376625	0.4	35.687662337662466													-2	43.90142857142857	-2	34.561428571428564													-2	0	-2	0													-2	0	-2	0													-2	0	-2	0																																															0.4	31.977662337662352															0.4	7.217662337662341
2646	EEE	Eee			0.5	33.27857142857141					-2	39.04098845598862	-2	43.42098845598861			0.5	83.78714285714298	0.5	49.9976623376625	0.5	36.187662337662466																																																																																									-2	77.26	-2	68.12	-2	64.68	-2	52.64714285714287									-2	54.99909090909094	-2	51.12051948051952	-2	34.95909090909092	-2	29.977662337662352									-2	35.48909090909091	-2	35.0705194805195	-2	3.9390909090909147	-2	5.217662337662341
2877	eiu	Eiu	0.5	91.09007936507946	0	33.27857142857141					0.5	39.54098845598862	0.5	43.92098845598861			-2	81.78714285714298	-2	47.9976623376625	-2	34.187662337662466																																															0.5	0.5																																													-2	62.68000000000001	-2	50.64714285714287													-2	32.95909090909092	-2	27.977662337662352													-2	1.9390909090909147	-2	3.2176623376623414
3109	EEE	Eee			0.5	33.77857142857141					-2	37.54098845598862	-2	41.92098845598861			0.5	82.28714285714298	0.5	48.4976623376625	0.5	34.687662337662466																																																																																									-2	75.26	-2	66.12	-2	60.68000000000001	-2	48.64714285714287									-2	52.99909090909094	-2	49.12051948051952	-2	30.959090909090918	-2	25.977662337662352									-2	33.48909090909091	-2	33.0705194805195	-2	0	-2	1.2176623376623414
3705	oao	Oao	0.6666666666666666	91.75674603174613	0	33.77857142857141	-2	80.65142857142877	-2	60.86642857142873	-2	35.54098845598862	-2	39.92098845598861					0.6666666666666666	49.16432900432916	0.6666666666666666	35.35432900432913											-2	61.879999999999995	-2	41.90142857142857	-2	32.561428571428564											-2	40.035	-2	0	-2	0											-2	34.09813131313133	-2	0	-2	0											-2	30.99813131313134	-2	0	-2	0																																																																
4287	OO	Oo			0.4	34.17857142857141	0.4	81.05142857142877	0.4	61.266428571428726	0.4	35.94098845598862	0.4	40.32098845598861					-2	47.16432900432916	-2	33.35432900432913									-2	75.04	-2	59.879999999999995	-2	39.90142857142857	-2	30.561428571428564									-2	65.275	-2	38.035	-2	0	-2	0									-2	48.90590909090911	-2	32.09813131313133	-2	0	-2	0									-2	45.88590909090912	-2	28.99813131313134	-2	0	-2	0																																																																
4696	EEa	Eea			0.5	34.67857142857141					-2	33.94098845598862	-2	38.32098845598861			0.5	82.78714285714298	0.5	47.66432900432916	0.5	33.85432900432913																																													-2	0	-2	0													-2	0	-2	0																									-2	73.26	-2	64.12	-2	58.68000000000001	-2	46.64714285714287									-2	50.99909090909094	-2	47.12051948051952	-2	28.959090909090918	-2	23.977662337662352									-2	31.489090909090912	-2	31.0705194805195	-2	0	-2	0
5530	OOO	Ooo			0.04000000000000001	34.71857142857141	0.04000000000000001	81.09142857142878	0.04000000000000001	61.306428571428725	0.04000000000000001	33.980988455988616	0.04000000000000001	38.36098845598861					-0.2	47.46432900432916	-0.2	33.65432900432913									-0.2	74.84	-0.2	59.67999999999999	-0.2	39.701428571428565	-0.2	30.361428571428565									-0.2	65.075	-0.2	37.834999999999994	-0.2	0	-0.2	0									-0.2	48.70590909090911	-0.2	31.898131313131334	-0.2	0	-0.2	0									-0.2	45.685909090909114	-0.2	28.79813131313134	-0.2	0	-0.2	0																																																																
5618	OOe	Ooe			0.04000000000000001	34.75857142857141	0.04000000000000001	81.13142857142878	0.04000000000000001	61.346428571428724	0.04000000000000001	34.020988455988615	0.04000000000000001	38.40098845598861					-0.2	47.264329004329156	-0.2	33.454329004329125									-0.2	74.64	-0.2	59.47999999999999	-0.2	39.50142857142856	-0.2	30.161428571428566									-0.2	64.875	-0.2	37.63499999999999	-0.2	0	-0.2	0									-0.2	48.50590909090911	-0.2	31.698131313131334	-0.2	0	-0.2	0									-0.2	45.48590909090911	-0.2	28.59813131313134	-0.2	0	-0.2	0																																									-0.2	50.799090909090935	-0.2	46.920519480519516	-0.2	28.75909090909092	-0.2	23.777662337662353									-0.2	31.289090909090913	-0.2	30.8705194805195	-0.2	0	-0.2	0
5730	eui	Eui	0.02857142857142857	91.78531746031756	0	34.75857142857141					0.02857142857142857	34.04955988456005	0.02857142857142857	38.42955988456004			-0.2	82.58714285714298	-0.2	47.06432900432915	-0.2	33.25432900432912																																													0.02857142857142857	0.02857142857142857	0.02857142857142857	0.02857142857142857													0.02857142857142857	0.02857142857142857	0.02857142857142857	0.02857142857142857																															-0.2	46.447142857142865															-0.2	23.577662337662353															-0.2	0
7753	oee	Oee	0.018181818181818184	91.80349927849937	0	34.75857142857141	-0.2	80.93142857142878	-0.2	61.14642857142872	-0.2	33.849559884560044	-0.2	38.22955988456004					0.018181818181818184	47.08251082251097	0.018181818181818184	33.27251082251094																																																																																																									0.018181818181818184	50.81727272727275	0.018181818181818184	46.93870129870133	0.018181818181818184	28.777272727272738	0.018181818181818184	23.595844155844173									0.018181818181818184	31.307272727272732	0.018181818181818184	30.88870129870132	0.018181818181818184	0.018181818181818184	0.018181818181818184	0.018181818181818184
10158	euu	Euu	0.002857142857142857	91.80635642135651	0	34.75857142857141					0.002857142857142857	33.85241702741719	0.002857142857142857	38.232417027417185			-0.02	82.56714285714298	-0.02	47.062510822510966	-0.02	33.252510822510935																																													0.002857142857142857	0.03142857142857143	0.002857142857142857	0.03142857142857143													0.002857142857142857	0.03142857142857143	0.002857142857142857	0.03142857142857143																																																																
11977	OOa	Ooa			0.004	34.762571428571405	0.004	80.93542857142879	0.004	61.15042857142872	0.004	33.85641702741719	0.004	38.23641702741718					-0.02	47.04251082251096	-0.02	33.23251082251093									-0.02	74.62	-0.02	59.45999999999999			-0.02	30.141428571428566									-0.02	64.855	-0.02	37.61499999999999			-0.02	0									-0.02	48.485909090909104	-0.02	31.678131313131335			-0.02	0.01142857142857143									-0.02	45.46590909090911	-0.02	28.57813131313134			-0.02	0.01142857142857143																																																																
12481	OOa	Ooa			0.004	34.7665714285714	0.004	80.93942857142879	0.004	61.15442857142872	0.004	33.860417027417185	0.004	38.24041702741718					-0.02	47.02251082251096	-0.02	33.21251082251093									-0.02	74.60000000000001	-0.02	59.43999999999998			-0.02	30.121428571428567									-0.02	64.83500000000001	-0.02	37.594999999999985			-0.02	0									-0.02	48.4659090909091	-0.02	31.658131313131335			-0.02	0									-0.02	45.445909090909105	-0.02	28.55813131313134			-0.02	0																																																																
13970	OOO	Ooo			0.004	34.7705714285714	0.004	80.9434285714288	0.004	61.158428571428715	0.004	33.86441702741718	0.004	38.24441702741718					-0.02	47.002510822510956	-0.02	33.192510822510926									-0.02	74.58000000000001	-0.02	59.41999999999998	-0.02	39.48142857142856	-0.02	30.101428571428567									-0.02	64.81500000000001	-0.02	37.57499999999998	-0.02	0	-0.02	0									-0.02	48.4459090909091	-0.02	31.638131313131336	-0.02	0.01142857142857143	-0.02	0									-0.02	45.4259090909091	-0.02	28.53813131313134	-0.02	0.01142857142857143	-0.02	0																																																																
18551	OOa	Ooa			0.0004	34.7709714285714	0.0004	80.9438285714288	0.0004	61.158828571428714	0.0004	33.86481702741718	0.0004	38.24481702741718					-0.002	47.000510822510954	-0.002	33.19051082251092									-0.002	74.57800000000002	-0.002	59.41799999999998			-0.002	30.099428571428568									-0.002	64.81300000000002	-0.002	37.57299999999998			-0.002	0									-0.002	48.443909090909095	-0.002	31.636131313131337			-0.002	0									-0.002	45.4239090909091	-0.002	28.536131313131342			-0.002	0																																																																
TOTAL				91.80635642135651		34.7709714285714		80.9438285714288		61.158828571428714		33.86481702741718		38.24481702741718		107.60000000000011		82.56714285714298		47.000510822510954		33.19051082251092		100.0		100.0		100.0		100.0		74.57800000000002		59.41799999999998		39.48142857142856		30.099428571428568		100.0		100.0		100.0		100.0		64.81300000000002		37.57299999999998		0		0		100.0		100.0		100.0		100.0		48.443909090909095		31.636131313131337		0.01142857142857143		0		100.0		100.0		100.0		100.0		45.4239090909091		28.536131313131342		0.01142857142857143		0		100.0		100.0		100.0		100.0		100.0		100.0		100.0		100.0		100.0		100.0		100.0		100.0		73.26		64.12		58.68000000000001		46.447142857142865		100.0		100.0		100.0		100.0		50.81727272727275		46.93870129870133		28.777272727272738		23.595844155844173		100.0		100.0		100.0		100.0		31.307272727272732		30.88870129870132		0.018181818181818184		0.018181818181818184
