trialnum	Generated	Heard	Id(Bk)Syl1	now	Id(Bk)	now	MaxIOSyl1	now	MaxIO	now	NonEmpty	now	*F1	now	*F3	now	*F4	now	*F5	now	*B1	now	*B2	now	*B3	now	*B5	now	*F1_B1	now	*F1..._B1	now	*F1_B2	now	*F1..._B2	now	*F1_B3	now	*F1..._B3	now	*F1_B5	now	*F1..._B5	now	*F3_B1	now	*F3..._B1	now	*F3_B2	now	*F3..._B2	now	*F3_B3	now	*F3..._B3	now	*F3_B5	now	*F3..._B5	now	*F4_B1	now	*F4..._B1	now	*F4_B2	now	*F4..._B2	now	*F4_B3	now	*F4..._B3	now	*F4_B5	now	*F4..._B5	now	*F5_B1	now	*F5..._B1	now	*F5_B2	now	*F5..._B2	now	*F5_B3	now	*F5..._B3	now	*F5_B5	now	*F5..._B5	now	*_B1F1	now	*_B1...F1	now	*_B1F3	now	*_B1...F3	now	*_B1F4	now	*_B1...F4	now	*_B1F5	now	*_B1...F5	now	*_B2F1	now	*_B2...F1	now	*_B2F3	now	*_B2...F3	now	*_B2F4	now	*_B2...F4	now	*_B2F5	now	*_B2...F5	now	*_B3F1	now	*_B3...F1	now	*_B3F3	now	*_B3...F3	now	*_B3F4	now	*_B3...F4	now	*_B3F5	now	*_B3...F5	now	*_B5F1	now	*_B5...F1	now	*_B5F3	now	*_B5...F3	now	*_B5F4	now	*_B5...F4	now	*_B5F5	now	*_B5...F5	now
				0		0		0		0		100		100		100		100		100		100		100		100		100		100		100		100		100		100		100		100		100		100		100		100		100		100		100		100		100		100		100		100		100		100		100		100		100		100		100		100		100		100		100		100		100		100		100		100		100		100		100		100		100		100		100		100		100		100		100		100		100		100		100		100		100		100		100		100		100		100		100		100		100		100		100		100		100
1	__	ua					0.6666666666666666	0.6666666666666666	0	0	0.6666666666666666	100.66666666666667															-2	98																																																																																																																																
2	u__	yoo	11.333333333333334	11.333333333333334	0	0			11.333333333333334	11.333333333333334					-2	98	-2	98	-2	98					-2	98	-2	96																									-2	98	-2	98	-2	98	-2	98									-2	98	-2	98	-2	98	-2	98									-2	98	-2	98	-2	98	-2	98																																																																
3	_u_	Oyo			12.666666666666666	12.666666666666666	12.666666666666666	13.333333333333332	0	11.333333333333334			-2	98	-2	96	-2	96	-2	96					-2	96													-2	98			-2	98									-2	96	-2	96	-2	96	-2	96									-2	96	-2	96	-2	96	-2	96									-2	96	-2	96	-2	96	-2	96																																																																
4	_i_	uiE					11.0	24.333333333333332	0	11.333333333333334													-2	98	-2	94	-2	94																																																					-2	98	-2	98	-2	94	-2	94	-2	94	-2	94																																																													-2	98	-2	98
5	a__	Aio	8.0	19.333333333333336	0	12.666666666666666			8.0	19.333333333333336					-2	94	-2	94	-2	94					-2	92																													-2	94			-2	94											-2	94			-2	94									-2	92	-2	92	-2	92	-2	92																																																																
6	u__	uuo							2.0	21.333333333333336															-2	90	-2	92																																																																																																																																
7	__u	OAy			2.0	14.666666666666666	2.0	26.333333333333332	0	21.333333333333336			-2	96	-2	92	-2	92	-2	92							2.0	94.0																																																																																																																																
8	__a	oEa					3.0	29.333333333333332	0	21.333333333333336													-2	96	-2	88	-2	92.0																																																																																																																																
9	_a	Ia					4.0	33.33333333333333	0	21.333333333333336											-2	98	-2	94	-2	86	-2	90.0																																																																																																																																
10	_a_	oau					2.0	35.33333333333333	0	21.333333333333336															-2	84	-2	88.0																																																																																																																																
11	_u_	Oye			2.0	16.666666666666664	2.0	37.33333333333333	0	21.333333333333336			-2	94	-2	90	-2	90	-2	90							2.0	90.0																																																																																																																																
12	i__	Iou	2.0	21.333333333333336	0	16.666666666666664			2.0	23.333333333333336									2.0	92.0	-2	96	-2	92	-2	82	-2	88.0																																																																																																																																
13	u__	yoa	11.333333333333334	32.66666666666667	0	16.666666666666664			11.333333333333334	34.66666666666667					-2	88	-2	88	-2	90.0					-2	80	-2	86.0																									-2	94	-2	92	-2	94	-2	92									-2	94	-2	92	-2	94	-2	92									-2	90	-2	90	-2	90	-2	90																																																																
14	u_	uu							1.0	35.66666666666667																	-2	84.0																																																																																																																																
15	u__	yie	1.5	34.16666666666667	0	16.666666666666664			1.5	37.16666666666667					-2	86	-2	86	-2	88.0							1.5	85.5																																																																																																																																
16	_u_	Iuo					4.0	41.33333333333333	0	37.16666666666667											-2	94	-2	90	-2	78	-2	83.5																																																																																																																																
17	E__	EiE							16.0	53.16666666666667									-2	86.0			-2	88	-2	76	-2	81.5																																																					-2	96	-2	96	-2	88	-2	88	-2	88	-2	88																													-2	98	-2	98													-2	98	-2	98													-2	96	-2	96
18	_u_	Oyi			2.0	18.666666666666664	2.0	43.33333333333333	0	53.16666666666667			-2	92	-2	84	-2	84	-2	84.0							2.0	83.5																																																																																																																																
19	_a_	OAe			2.0	20.666666666666664	2.0	45.33333333333333	0	53.16666666666667			-2	90	-2	82	-2	82	-2	82.0							2.0	85.5																																																																																																																																
20	A_	Ay							3.0	56.16666666666667					-2	80	-2	80	-2	80.0																																																																																																																																								
21	_i_	oia					8.0	53.33333333333333	0	56.16666666666667															-2	74	-2	83.5																																																													-2	86	-2	86																																													-2	96	-2	96													-2	94	-2	94
22	_i_	Oie					4.0	57.33333333333333	0	56.16666666666667			-2	88	-2	78	-2	78	-2	78.0																																																																																																																																								
23	A_	Ay							3.0	59.16666666666667					-2	76	-2	76	-2	76.0																																																																																																																																								
24	_e_	yey					3.0	60.33333333333333	0	59.16666666666667					-2	74	-2	74	-2	74.0																																																																																																																																								
25	_i_	yiA					3.0	63.33333333333333	0	59.16666666666667					-2	72	-2	72	-2	72.0																																																																																																																																								
26	__e	yye					3.0	66.33333333333333	0	59.16666666666667					-2	70	-2	70	-2	70.0																																																																																																																																								
27	y__	yoa							14.0	73.16666666666667															-2	72	-2	81.5																									-2	92	-2	90	-2	92	-2	90									-2	92	-2	90	-2	92	-2	90									-2	86	-2	86	-2	84	-2	84																																																																
28	_ye	ouE			1.0	21.666666666666664	1.0	67.33333333333333	0	73.16666666666667					1.0	71.0	1.0	71.0	1.0	71.0			-2	86	-2	70	-2	79.5																																																																																																																																
29	e__	EuE	1.2	35.366666666666674	0	21.666666666666664			1.2	74.36666666666667							1.2	72.2	1.2	72.2			-2	84	-2	68	-2	77.5																																																																																																																																
30	ie	IE	2.0	37.366666666666674	0	21.666666666666664											2.0	74.2	2.0	74.2	-2	92	-2	82	-2	66	-2	75.5																																																																																																																																
31	u_a	yiA	1.5	38.866666666666674	0	21.666666666666664			1.5	75.86666666666667					-2	69.0	-2	72.2	-2	72.2							1.5	77.0																																																																																																																																
32	AA_	aao	0.6666666666666666	39.53333333333334	0	21.666666666666664			0.6666666666666666	76.53333333333335					0.6666666666666666	69.66666666666667	0.6666666666666666	72.86666666666667	0.6666666666666666	72.86666666666667					-2	64	-2	75.0																																																																																																																																
33	iA_	Iao	1.3333333333333333	40.866666666666674	0	21.666666666666664			1.3333333333333333	77.86666666666667					1.3333333333333333	71.0	1.3333333333333333	74.2	1.3333333333333333	74.2	-2	90	-2	80	-2	62	-2	73.0																																																																																																																																
34	iey	IEu	1.6	42.466666666666676	0	21.666666666666664									1.6	72.6	1.6	75.8	1.6	75.8	-2	88	-2	78	-2	60	-2	71.0																																																																																																																																
35	i_i	Iui	4.5	46.966666666666676	0	21.666666666666664			4.5	82.36666666666667									4.5	80.3	-2	86	-2	76	-2	58	-2	69.0																																																																															-2	98															-2	96															-2	94													-2	92	-2	92
36	uEa	yeA	1.2	48.16666666666668	0	21.666666666666664									-2	70.6	-2	73.8	-2	78.3			1.2	77.2	1.2	59.2	1.2	70.2																																																																																																																																
37	uuE	yye	1.2	49.36666666666668	0	21.666666666666664									-2	68.6	-2	71.8	-2	76.3			1.2	78.4	1.2	60.400000000000006	1.2	71.4																																																																																																																																
38	oau	OAy	2.0	51.36666666666668	0	21.666666666666664							-2	86	-2	66.6	-2	69.8	-2	74.3					2.0	62.400000000000006	2.0	73.4																																																																																																																																
39	iii	Iii	8.0	59.36666666666668	0	21.666666666666664													8.0	82.3	-2	84	-2	76.4	-2	60.400000000000006	-2	71.4																																																																													-2	98	-2	96													-2	96	-2	94													-2	94	-2	92													-2	90	-2	90
40	u_E	yie	1.0	60.36666666666668	0	21.666666666666664			1.0	83.36666666666667					-2	64.6	-2	67.8	-2	80.3			1.0	77.4	1.0	61.400000000000006	1.0	72.4																																																																																																																																
41	oEI	oEi			2.3333333333333335	23.999999999999996													-2	78.3	2.3333333333333335	86.33333333333333	2.3333333333333335	79.73333333333333	2.3333333333333335	63.73333333333334	2.3333333333333335	74.73333333333333																																																																																													-2	94	-2	92													-2	92	-2	90													-2	88	-2	88
43	iee	IEE	2.0	62.36666666666668	0	23.999999999999996											2.0	69.8	2.0	80.3	-2	84.33333333333333	-2	77.73333333333333	-2	61.73333333333334	-2	72.73333333333333																																																																																																																																
44	uo	yo	10.0	72.36666666666667	0	23.999999999999996									-2	62.599999999999994	-2	67.8	-2	78.3							10.0	82.73333333333333																									-2	90	-2	88	-2	90	-2	88									-2	90	-2	88	-2	90	-2	88									-2	84	-2	84	-2	82	-2	82																																																																
45	Ayi	aui	1.2	73.56666666666668	0	23.999999999999996									1.2	63.8	1.2	69.0	1.2	79.5							-2	80.73333333333333																																																																																																																													-2	86	-2	86
46	yeA	uEa	1.2	74.76666666666668	0	23.999999999999996									1.2	65.0	1.2	70.2	1.2	80.7			-2	75.73333333333333	-2	59.73333333333334	-2	78.73333333333333																																																																																																																																
49	aau	AAy	2.0	76.76666666666668	0	23.999999999999996									-2	63.0	-2	68.2	-2	78.7							2.0	80.73333333333333																																																																																																																																
50	ei	Ei	4.5	81.26666666666668	0	23.999999999999996											4.5	72.7	4.5	83.2			-2	73.73333333333333	-2	57.73333333333334	-2	78.73333333333333																																																																																													-2	92	-2	90													-2	90	-2	88													-2	84	-2	84
52	aaa	AAA	2.0	83.26666666666668	0	23.999999999999996									-2	61.0	-2	70.7	-2	81.2							2.0	80.73333333333333																																																																																																																																
53	iuo	Iuo	1.3333333333333333	84.60000000000001	0	23.999999999999996													1.3333333333333333	82.53333333333333	-2	82.33333333333333	-2	71.73333333333333	-2	55.73333333333334	-2	78.73333333333333																																																											1.3333333333333333	85.33333333333333	1.3333333333333333	83.33333333333333	1.3333333333333333	83.33333333333333																																																																
54	o_	oi							5.0	88.36666666666667									-2	80.53333333333333																																																																																																																					-2	88	-2	86													-2	82	-2	82
56	oEo	Oeo	6.4	91.00000000000001	0	23.999999999999996							-2	84	-2	59.0	-2	68.7	-2	78.53333333333333			6.4	78.13333333333334	6.4	62.13333333333334	6.4	85.13333333333334											-2	96			-2	96											-2	86			-2	86									-2	88	-2	86	-2	88	-2	86									-2	82	-2	83.33333333333333	-2	81.33333333333333	-2	81.33333333333333																																																																
61	aIo	aio			2.3333333333333335	26.33333333333333													-2	76.53333333333333	2.3333333333333335	84.66666666666666	2.3333333333333335	80.46666666666667	2.3333333333333335	64.46666666666667	2.3333333333333335	87.46666666666667																																																									-2	80	-2	81.33333333333333	-2	79.33333333333333	-2	79.33333333333333																																																													-2	80	-2	80
62	IEI	IEi			2.6666666666666665	28.999999999999996													-2	74.53333333333333	2.6666666666666665	87.33333333333333	2.6666666666666665	83.13333333333334	2.6666666666666665	67.13333333333334	2.6666666666666665	90.13333333333334																																																																															-2	94													-2	90	-2	88													-2	86	-2	84													-2	78	-2	78
66	AOe	AoE			6.0	35.0							6.0	90.0	6.0	65.0	6.0	74.7	6.0	80.53333333333333			-2	81.13333333333334	-2	65.13333333333334	-2	88.13333333333334																							-2	98	-2	88	-2	84	-2	88	-2	84							-2	98	-2	86	-2	84	-2	86	-2	84							-2	94	-2	78	-2	79.33333333333333	-2	77.33333333333333	-2	77.33333333333333																																																																
67	oa	OA	2.0	93.00000000000001	0	35.0							-2	88.0	-2	63.0	-2	72.7	-2	78.53333333333333					2.0	67.13333333333334	2.0	90.13333333333334																																																																																																																																
68	__A	Ooa			12.666666666666666	47.666666666666664	12.666666666666666	80.0	0	88.36666666666667			-2	86.0											-2	65.13333333333334	-2	88.13333333333334									-2	98	-2	94	-2	98	-2	94									-2	86	-2	82	-2	86	-2	82									-2	84	-2	82	-2	84	-2	82									-2	76	-2	77.33333333333333	-2	75.33333333333333	-2	75.33333333333333																																																																
77	AOi	Aoi			6.0	53.666666666666664							6.0	92.0	6.0	69.0	6.0	78.7	6.0	84.53333333333333					-2	63.13333333333334	-2	86.13333333333334																									-2	84	-2	80	-2	84	-2	80									-2	82	-2	80	-2	82	-2	80									-2	74	-2	75.33333333333333	-2	73.33333333333333	-2	73.33333333333333																																													-2	84	-2	82													-2	76	-2	76
78	uIE	uiE			3.0	56.666666666666664													-2	82.53333333333333	3.0	90.33333333333333	3.0	84.13333333333334	3.0	66.13333333333334	3.0	89.13333333333334																																																					-2	94	-2	92	-2	72	-2	73.33333333333333	-2	71.33333333333333	-2	71.33333333333333																																																													-2	74	-2	74
81	__A	Eoa			1.0	57.666666666666664	1.0	81.0	0	88.36666666666667					1.0	70.0	1.0	79.7	1.0	83.53333333333333			-2	82.13333333333334	-2	64.13333333333334	-2	87.13333333333334																																																																																																																																
82	_ie	uiE			4.4	62.06666666666666	4.4	85.4	0	88.36666666666667							4.4	84.10000000000001	4.4	87.93333333333334			-2	80.13333333333334	-2	62.13333333333334	-2	85.13333333333334																																																					-2	92	-2	90	-2	70	-2	71.33333333333333	-2	69.33333333333333	-2	69.33333333333333																																																													-2	72	-2	72
83	__E	Aie			1.0	63.06666666666666	1.0	86.4	0	88.36666666666667					-2	68.0	-2	82.10000000000001	-2	85.93333333333334			1.0	81.13333333333334	1.0	63.13333333333334	1.0	86.13333333333334																																																																																																																																
92	_y_	Euo			1.0	64.06666666666666	1.0	87.4	0	88.36666666666667					1.0	69.0	1.0	83.10000000000001	1.0	86.93333333333334			-2	79.13333333333334	-2	61.13333333333334	-2	84.13333333333334																																																																																																																																
97	_ia	OiA			1.3333333333333333	65.39999999999999	1.3333333333333333	88.73333333333333	0	88.36666666666667			-2	90.0	-2	67.0	-2	81.10000000000001	-2	84.93333333333334							1.3333333333333333	85.46666666666667																																																													1.3333333333333333	70.66666666666666	1.3333333333333333	70.66666666666666																																																																
98	_i	Ii					12.0	100.73333333333333	0	88.36666666666667											-2	88.33333333333333	-2	77.13333333333334	-2	59.13333333333334	-2	83.46666666666667																																																																													-2	96	-2	92													-2	88	-2	86													-2	82	-2	80													-2	70	-2	70
103	ooa	Ooa	10.0	103.00000000000001	0	65.39999999999999							-2	88.0	-2	65.0	-2	79.10000000000001	-2	82.93333333333334					10.0	69.13333333333334	10.0	93.46666666666667									-2	96	-2	92	-2	96	-2	92									-2	82	-2	78	-2	82	-2	78									-2	80	-2	78	-2	80	-2	78									-2	68	-2	69.33333333333333	-2	68.66666666666666	-2	68.66666666666666																																																																
105	u_i	uui							2.0	90.36666666666667																	-2	91.46666666666667																																																																																																																															-2	68
107	I_	Ii							9.0	99.36666666666667									-2	80.93333333333334																																																																																					-2	94	-2	90													-2	86	-2	84													-2	80	-2	78													-2	68	-2	66
111	yOy	you			4.666666666666667	70.06666666666666							4.666666666666667	92.66666666666667	4.666666666666667	69.66666666666667	4.666666666666667	83.76666666666668	4.666666666666667	85.60000000000001					-2	67.13333333333334	-2	89.46666666666667																									-2	80	-2	76	-2	80	-2	76									-2	78	-2	76	-2	78	-2	76									-2	66	-2	67.33333333333333	-2	66.66666666666666	-2	66.66666666666666																																																																
146	yiO	yio			3.3333333333333335	73.39999999999999							3.3333333333333335	96.0	3.3333333333333335	73.0	3.3333333333333335	87.10000000000001	3.3333333333333335	88.93333333333334					-2	65.13333333333334	-2	87.46666666666667																											-2	74			-2	74											-2	74			-2	74									-2	64	-2	65.33333333333333	-2	64.66666666666666	-2	64.66666666666666																																																																
150	EIa	Eia			3.0	76.39999999999999													-2	86.93333333333334	3.0	91.33333333333333	3.0	80.13333333333334	3.0	68.13333333333334	3.0	90.46666666666667																																																													-2	62.66666666666666	-2	62.66666666666666																													-2	84	-2	82													-2	78	-2	76													-2	66	-2	64
156	III	Iii			3.0	79.39999999999999													-2	84.93333333333334	3.0	94.33333333333333	3.0	83.13333333333334	3.0	71.13333333333334	3.0	93.46666666666667																																																																													-2	92	-2	88													-2	82	-2	80													-2	76	-2	74													-2	64	-2	62
167	yOi	yoi			6.0	85.39999999999999							6.0	102.0	6.0	79.0	6.0	93.10000000000001	6.0	90.93333333333334					-2	69.13333333333334	-2	91.46666666666667																									-2	78	-2	72	-2	78	-2	72									-2	76	-2	72	-2	76	-2	72									-2	62	-2	63.33333333333333	-2	60.66666666666666	-2	60.66666666666666																																													-2	74	-2	72													-2	62	-2	60
171	_uE	Oye			1.3333333333333333	86.73333333333332	1.3333333333333333	102.06666666666666	0	99.36666666666667			-2	100.0	-2	77.0	-2	91.10000000000001	-2	88.93333333333334			1.3333333333333333	84.46666666666667	1.3333333333333333	70.46666666666667	1.3333333333333333	92.8																																																																																																																																
172	_eo	Oeo					8.0	110.06666666666666	0	99.36666666666667			-2	98.0	-2	75.0	-2	89.10000000000001	-2	86.93333333333334																			-2	90			-2	90											-2	70			-2	70																																																																																																
175	Aia	AiA			0.8571428571428571	87.59047619047618									-2	73.0	-2	87.10000000000001	-2	84.93333333333334							0.8571428571428571	93.65714285714286																															0.8571428571428571	70.85714285714286															0.8571428571428571	72.85714285714286													0.8571428571428571	61.52380952380951	0.8571428571428571	61.52380952380951																																																																
205	o_i	Ooi	13.333333333333334	116.33333333333334	0	87.59047619047618			13.333333333333334	112.7			-2	96.0	-2	71.0	-2	85.10000000000001	-2	82.93333333333334																	-2	94	-2	88	-2	94	-2	88									-2	76	-2	68	-2	76	-2	68.85714285714286									-2	74	-2	70	-2	74	-2	70.85714285714286									-2	60	-2	61.33333333333333	-2	59.52380952380951	-2	59.52380952380951																																																																
215	AyO	Ayo			4.666666666666667	92.25714285714285							4.666666666666667	100.66666666666667	4.666666666666667	75.66666666666667	4.666666666666667	89.76666666666668	4.666666666666667	87.60000000000001					-2	68.46666666666667	-2	91.65714285714286																									-2	74	-2	66	-2	74	-2	66.85714285714286									-2	72	-2	68	-2	72	-2	68.85714285714286									-2	58	-2	59.33333333333333	-2	57.52380952380951	-2	57.52380952380951																																																																
279	Aao	AAo			2.0	94.25714285714285									-2	73.66666666666667	-2	87.76666666666668	-2	85.60000000000001							2.0	93.65714285714286																									-2	72					2.0	68.85714285714286									-2	70					2.0	70.85714285714286									-2	56					2.0	59.52380952380951																																																																
382	Aiu	Aiy			0.8571428571428571	95.11428571428571									-2	71.66666666666667	-2	85.76666666666668	-2	83.60000000000001							0.8571428571428571	94.51428571428572																															0.8571428571428571	69.71428571428572															0.8571428571428571	71.71428571428572													0.8571428571428571	58.380952380952365	0.8571428571428571	60.380952380952365																																																																
633	OOe	OoE			7.666666666666667	102.78095238095239							7.666666666666667	108.33333333333334	7.666666666666667	79.33333333333334	7.666666666666667	93.43333333333335	7.666666666666667	91.26666666666668			-2	82.46666666666667	-2	66.46666666666667	-2	92.51428571428572							-2	98	-2	92	-2	86	-2	92	-2	86							-2	96	-2	70	-2	64	-2	72	-2	67.71428571428572							-2	96	-2	68	-2	66	-2	70	-2	69.71428571428572							-2	88	-2	54	-2	57.33333333333333	-2	56.380952380952365	-2	58.380952380952365																																																																
1182	_ii	Oii					0.4	110.46666666666667	0	112.7			-0.2	108.13333333333334	-0.2	79.13333333333334	-0.2	93.23333333333335	-0.2	91.06666666666668																																																																																																																																								
1296	oEE	Oee	0.16000000000000003	116.49333333333334	0	102.78095238095239							-0.2	107.93333333333334	-0.2	78.93333333333334	-0.2	93.03333333333335	-0.2	90.86666666666667			0.16000000000000003	82.62666666666667	0.16000000000000003	66.62666666666667	0.16000000000000003	92.67428571428572																																																																																																																																
1574	_oi	Ooi					2.0	112.46666666666667	0	112.7			-0.2	107.73333333333333	-0.2	78.73333333333333	-0.2	92.83333333333334	-0.2	90.66666666666667																	-0.2	91.8	-0.2	85.8	-0.2	91.8	-0.2	85.8									-0.2	69.8	-0.2	63.8	-0.2	71.8	-0.2	67.51428571428572									-0.2	67.8	-0.2	65.8	-0.2	69.8	-0.2	69.51428571428572									-0.2	53.8	-0.2	57.133333333333326	-0.2	56.18095238095236	-0.2	58.18095238095236																																																																
1737	Ooe	OoE			0.25	103.03095238095239											0.25	93.08333333333334	0.25	90.91666666666667			-0.2	82.42666666666666	-0.2	66.42666666666666	-0.2	92.47428571428571							-0.2	97.8			-0.2	85.6			-0.2	85.6							-0.2	95.8			-0.2	63.599999999999994			-0.2	67.31428571428572							-0.2	95.8			-0.2	65.6			-0.2	69.31428571428572							-0.2	87.8			-0.2	56.93333333333332			-0.2	57.98095238095236																																									0.25	100.25	0.25	100.25	0.25	74.25	0.25	72.25									0.25	100.25	0.25	100.25	0.25	62.25	0.25	60.25
TOTAL				116.49333333333334		103.03095238095239		112.46666666666667		112.7		100.66666666666667		107.73333333333333		78.73333333333333		93.08333333333334		90.91666666666667		94.33333333333333		82.42666666666666		66.42666666666666		92.47428571428571		100		100		100		97.8		91.8		85.6		91.8		85.6		100		100		100		95.8		69.8		63.599999999999994		71.8		67.31428571428572		100		100		100		95.8		67.8		65.6		69.8		69.31428571428572		100		100		92		87.8		53.8		56.93333333333332		56.18095238095236		57.98095238095236		100		100		100		100		100		100		92		88		100		100		100		100		100		100		82		80		100		100		100		100		100.25		100.25		74.25		72.25		100		100		100		100		100.25		100.25		62.25		60.25
