trialnum	Generated	Heard	Id(Bk)Syl1	now	Id(Bk)	now	*F1	now	*F3	now	*F4	now	*F5	now	*B1	now	*B2	now	*B3	now	*B5	now	*F1_B1	now	*F1..._B1	now	*F1_B2	now	*F1..._B2	now	*F1_B3	now	*F1..._B3	now	*F1_B5	now	*F1..._B5	now	*F3_B1	now	*F3..._B1	now	*F3_B2	now	*F3..._B2	now	*F3_B3	now	*F3..._B3	now	*F3_B5	now	*F3..._B5	now	*F4_B1	now	*F4..._B1	now	*F4_B2	now	*F4..._B2	now	*F4_B3	now	*F4..._B3	now	*F4_B5	now	*F4..._B5	now	*F5_B1	now	*F5..._B1	now	*F5_B2	now	*F5..._B2	now	*F5_B3	now	*F5..._B3	now	*F5_B5	now	*F5..._B5	now	*_B1F1	now	*_B1...F1	now	*_B1F3	now	*_B1...F3	now	*_B1F4	now	*_B1...F4	now	*_B1F5	now	*_B1...F5	now	*_B2F1	now	*_B2...F1	now	*_B2F3	now	*_B2...F3	now	*_B2F4	now	*_B2...F4	now	*_B2F5	now	*_B2...F5	now	*_B3F1	now	*_B3...F1	now	*_B3F3	now	*_B3...F3	now	*_B3F4	now	*_B3...F4	now	*_B3F5	now	*_B3...F5	now	*_B5F1	now	*_B5...F1	now	*_B5F3	now	*_B5...F3	now	*_B5F4	now	*_B5...F4	now	*_B5F5	now	*_B5...F5	now
				0		0		100		140		160		180		100		120		140		180		100		100		120		120		140		140		180		180		140		140		140		140		140		140		180		180		160		160		160		160		160		160		180		180		180		180		180		180		180		180		180		180		100		100		140		140		160		160		180		180		120		120		140		140		160		160		180		180		140		140		140		140		160		160		180		180		180		180		180		180		180		180		180		180
0	Apriori	Id(Bk)Syl1>>Id(Bk)	20	20																																																																																																																																																		
1	iiy	Iiu	2	22	0	0			2	142	2	162	2	182	-2	98	-2	118	-2	138	-2	178																																																													-2	178	-2	178													-2	178	-2	178													-2	178	-2	178													-2	178	-2	178													-2	178	-2	178
2	EaE	eAe	2	24	0	0			-2	140	-2	160	-2	180			2	120	2	140	2	180																																																																																																																																
3	eAe	EaE	2	26	0	0			2	142	2	162	2	182			-2	118	-2	138	-2	178																																																																																																																																
4	EIa	Eia			2	2							-2	180	2	100	2	120	2	140	2	180																																																													-2	176	-2	176																													-2	176	-2	176													-2	176	-2	176													-2	176	-2	176
5	iy	iu			2	4			2	144	2	164	2	182							-2	178																																																													-2	174	-2	174																																																																
6	IIu	iiy	2	28	0	4			-2	142	-2	162	-2	180	2	102	2	122	2	142	2	180																																																																																																																																
7	Ai	ai	2	30	0	4			2	144	2	164	2	182							-2	178																																																																																																																													-2	174	-2	174
8	EEo	eeO	2	32	0	4	-2	98	-2	142	-2	162	-2	180			2	124	2	144	2	180																																																																																																																																
9	uaE	yAe	2	34	0	4			-2	140	-2	160	-2	178			2	126	2	146	2	182																																																																																																																																
11	iiy	Iiu	2	36	0	4			2	142	2	162	2	180	-2	100	-2	124	-2	144	-2	180																																																													-2	172	-2	172													-2	176	-2	176													-2	174	-2	174													-2	174	-2	174													-2	172	-2	172
12	Oyy	ouu	2	38	0	4	2	100	2	144	2	164	2	182					-2	142	-2	178																																																																																																																																
13	EEI	eei	2	40	0	4					-2	162	-2	180	2	102	2	126	2	144	2	180																																																																																																																																
14	eA	Ea	2	42	0	4			2	146	2	164	2	182			-2	124	-2	142	-2	178																																																																																																																																
15	EIo	Eio			2	6							-2	180	2	104	2	126	2	144	2	180																																																									-2	178	-2	178	-2	170	-2	170																													-2	172	-2	172													-2	172	-2	172													-2	170	-2	170
16	Ia	ia	2	44	0	6							-2	178	2	106	2	128	2	146	2	182																																																													-2	168	-2	168																																																																
18	iAe	IaE	2	46	0	6			2	148	2	166	2	180	-2	104	-2	126	-2	144	-2	180																																																																																																																																
19	ouu	Oyy	2	48	0	6	-2	98	-2	146	-2	164	-2	178					2	146	2	182																																																																																																																																
21	Aei	aEi	2	50	0	6			2	148	2	166	2	180			-2	124	-2	144	-2	180																																																																																													-2	170	-2	170													-2	170	-2	170													-2	168	-2	168
22	Euu	eyy	2	52	0	6			-2	146	-2	164	-2	178			2	126	2	146	2	182																																																																																																																																
26	Ayy	auu	2	54	0	6			2	148	2	166	2	180							-2	180																																																																																																																																
27	Iaa	iaa	2	56	0	6							-2	178	2	106	2	128	2	148	2	182																																																													-2	166	-2	166																																																																
28	iy	Iu	2	58	0	6			2	150	2	168	2	180	-2	104	-2	126	-2	146	-2	180																																																																																																																																
29	eii	Eii	2	60	0	6					2	170	2	182			-2	124	-2	144	-2	178																																																																																													-2	168	-2	168													-2	168	-2	168													-2	166	-2	166
31	oIE	Oie	2	62	0	6	-2	96	-2	148	-2	168	-2	180	2	106	2	126	2	146	2	180																																																																																																																																
33	uIo	yiO	2	64	0	6	-2	94	-2	146	-2	166	-2	178	2	108	2	128	2	148	2	182																																																																																																																																
34	iey	iEu			2	8			2	148	2	168	2	180			-2	126	-2	146	-2	180																																																					-2	178	-2	178	-2	176	-2	176	-2	164	-2	164																																																																
39	IEa	ieA	2	66	0	8			-2	146	-2	166	-2	178	2	110	2	128	2	148	2	182																																																																																																																																
40	iAi	Iai	2	68	0	8			2	148	2	168	2	180	-2	108	-2	126	-2	146	-2	180																																																																															-2	174															-2	166															-2	166													-2	164	-2	164
41	Oey	oEu	2	70	0	8	2	96	2	150	2	170	2	182			-2	124	-2	144	-2	178																																																																																																																																
44	uIu	uiu			2	10							-2	180	2	110	2	126	2	146	2	180																																																													-2	162	-2	162																																																													-2	162	-2	162
47	yee	uEE	2	72	0	10			2	152	2	172	2	182			-2	124	-2	144	-2	178																																																																																																																																
48	ou	Oy	2	74	0	10	-2	94	-2	150	-2	170	-2	180					2	146	2	180																																																																																																																																
50	iii	Iii	2	76	0	10							2	182	-2	108	-2	122	-2	144	-2	178																																																																													-2	174	-2	172													-2	166	-2	164													-2	166	-2	164													-2	160	-2	160
58	uaE	yAe	2	78	0	10			-2	148	-2	168	-2	180			2	124	2	146	2	180																																																																																																																																
59	Iuu	iyy	2	80	0	10			-2	146	-2	166	-2	178	2	110	2	126	2	148	2	182																																																																																																																																
60	AAy	aau	2	82	0	10			2	148	2	168	2	180							-2	180																																																																																																																																
61	IaI	iai	2	84	0	10							-2	178	2	112	2	128	2	150	2	182																																																													-2	160	-2	160																																																													-2	158	-2	158
62	eiy	Eiu	2	86	0	10			2	150	2	170	2	180			-2	126	-2	148	-2	180																																																													-2	158	-2	158																													-2	164	-2	162													-2	164	-2	162													-2	156	-2	156
64	yAA	uaa	2	88	0	10			2	152	2	172	2	182							-2	178																																																																																																																																
65	Ioa	iOA	2	90	0	10	-2	92	-2	150	-2	170	-2	180	2	114	2	128	2	150	2	180																																																																																																																																
67	yOO	uoo	2	92	0	10	2	94	2	152	2	172	2	182					-2	148	-2	178																																																																																																																																
68	Eoa	eOA	2	94	0	10	-2	92	-2	150	-2	170	-2	180			2	130	2	150	2	180																																																																																																																																
70	uII	uii			2	12							-2	178	2	116	2	132	2	152	2	182																																																																																																																													-2	154	-2	154
71	eOi	Eoi	2	96	0	12	2	94	2	152	2	172	2	180			-2	130	-2	150	-2	180																																																																																															-2	160													-2	162	-2	160													-2	152	-2	152
72	eAO	Eao	2	98	0	12	2	96	2	154	2	174	2	182			-2	128	-2	148	-2	178																																																																																																																																
73	ouI	oui			2	14							-2	180	2	118	2	130	2	150	2	180																																																																																																															-2	158													-2	150	-2	150
74	Eou	eOy	2	100	0	14	-2	94	-2	152	-2	172	-2	178			2	132	2	152	2	182																																																																																																																																
76	oIo	oio			2	16							-2	176	2	120	2	134	2	154	2	184																																																									-2	174	-2	174	-2	156	-2	156																																													-2	160	-2	156													-2	148	-2	148
77	iyy	Iuu	2	102	0	16			2	154	2	174	2	178	-2	118	-2	132	-2	152	-2	182																																																																																																																																
78	iA	ia			2	18			2	156	2	176	2	180							-2	180																																																													-2	154	-2	154																																																																
79	uIE	uiE			2	20							-2	178	2	120	2	134	2	154	2	182																																																					-2	176	-2	176	-2	172	-2	172	-2	152	-2	152																																																													-2	146	-2	146
80	Oii	oii	2	104	0	20	2	96	2	158	2	178	2	180					-2	152	-2	180																																																																																																													-2	158	-2	154													-2	144	-2	144
82	uEa	yeA	2	106	0	20			-2	156	-2	176	-2	178			2	136	2	154	2	182																																																																																																																																
83	Iao	iAO	2	108	0	20	-2	94	-2	154	-2	174	-2	176	2	122	2	138	2	156	2	184																																																																																																																																
85	Oee	oEE	2	110	0	20	2	96	2	156	2	176	2	178			-2	136	-2	154	-2	182																																																																																																																																
86	iAA	Iaa	2	112	0	20			2	158	2	178	2	180	-2	120	-2	134	-2	152	-2	180																																																																																																																																
87	aua	AyA	2	114	0	20			-2	156	-2	176	-2	178							2	182																																																																																																																																
88	Oii	oii	2	116	0	20	2	98	2	158	2	178	2	180					-2	150	-2	180																																																																																																													-2	156	-2	152													-2	142	-2	142
89	IoI	Ioi			2	22							-2	178	2	122	2	136	2	152	2	182																																																																															-2	170															-2	158													-2	154	-2	150													-2	140	-2	140
90	eeO	EEo	2	118	0	22	2	100	2	160	2	180	2	180			-2	134	-2	150	-2	180																																																																																																																																
91	uoI	yOi	2	120	0	22	-2	98	-2	158	-2	178	-2	178	2	124	2	136	2	152	2	182																																																																																																																																
92	Oie	oiE	2	122	0	22	2	100	2	160	2	180	2	180			-2	134	-2	150	-2	180																																																					-2	174	-2	174	-2	170	-2	170	-2	150	-2	150																																													-2	152	-2	148													-2	138	-2	138
93	oIo	oio			2	24							-2	178	2	126	2	136	2	152	2	182																																																									-2	168	-2	168	-2	148	-2	148																																													-2	150	-2	146													-2	136	-2	136
94	OOy	oou	2	124	0	24	2	102	2	162	2	182	2	180					-2	150	-2	180																																																																																																																																
95	Eaa	eAA	2	126	0	24			-2	160	-2	180	-2	178			2	138	2	152	2	182																																																																																																																																
96	EIa	eiA	2	128	0	24			-2	158	-2	178	-2	176	2	128	2	140	2	154	2	184																																																																																																																																
98	iiy	iiu			2	26			2	160	2	180	2	178							-2	182																																																													-2	146	-2	146																																																																
100	OyA	oua	2	130	0	26	2	104	2	162	2	182	2	180					-2	152	-2	180																																																																																																																																
101	iy	Iu	2	132	0	26			2	164	2	184	2	182	-2	126	-2	138	-2	150	-2	178																																																																																																																																
102	iey	IEu	2	134	0	26			2	166	2	186	2	184	-2	124	-2	136	-2	148	-2	176																																																																																																																																
104	Eu	ey	2	136	0	26			-2	164	-2	184	-2	182			2	138	2	150	2	178																																																																																																																																
105	uuI	yyi	2	138	0	26			-2	162	-2	182	-2	180	2	126	2	140	2	152	2	180																																																																																																																																
106	ouI	Oyi	2	140	0	26	-2	102	-2	160	-2	180	-2	178	2	128	2	142	2	154	2	182																																																																																																																																
110	AiA	aia	2	142	0	26			2	162	2	182	2	180							-2	180																																																													-2	144	-2	144																																																													-2	134	-2	134
112	EEu	eey	2	144	0	26			-2	160	-2	180	-2	178			2	144	2	156	2	182																																																																																																																																
113	iAe	iaE			2	28			2	162	2	182	2	180			-2	142	-2	154	-2	180																																																							-2	172			-2	166	-2	142	-2	142																																																																
114	AiO	aio	2	146	0	28	2	104	2	164	2	184	2	182					-2	152	-2	178																																																									-2	166	-2	164	-2	140	-2	140																																																													-2	132	-2	132
115	AOe	aoE	2	148	0	28	2	106	2	166	2	186	2	184			-2	140	-2	150	-2	176																																																																																																																																
116	IIa	iia	2	150	0	28							-2	182	2	130	2	142	2	152	2	178																																																													-2	138	-2	138																																																																
117	uEI	yei	2	152	0	28			-2	164	-2	184	-2	180	2	132	2	144	2	154	2	180																																																																																																																																
118	iiE	IiE	2	154	0	28							2	182	-2	130	-2	142	-2	152	-2	178																																																																													-2	172	-2	168													-2	162	-2	156													-2	148	-2	144													-2	130	-2	130
119	oEE	Oee	2	156	0	28	-2	104	-2	162	-2	182	-2	180			2	144	2	154	2	180																																																																																																																																
120	aoI	AOi	2	158	0	28	-2	102	-2	160	-2	180	-2	178	2	132	2	146	2	156	2	182																																																																																																																																
121	iAA	Iaa	2	160	0	28			2	162	2	182	2	180	-2	130	-2	144	-2	154	-2	180																																																																																																																																
122	iai	iAi			2	30			-2	160	-2	180	-2	178							2	182																																																													2	140	2	140																																																													2	132	2	132
123	yee	uEE	2	162	0	30			2	162	2	182	2	180			-2	142	-2	152	-2	180																																																																																																																																
124	EI	ei	2	164	0	30					-2	180	-2	178	2	132	2	144	2	154	2	182																																																																																																																																
125	Eou	eOy	2	166	0	30	-2	100	-2	160	-2	178	-2	176			2	146	2	156	2	184																																																																																																																																
128	eyy	Euu	2	168	0	30			2	162	2	180	2	178			-2	144	-2	154	-2	182																																																																																																																																
129	ie	IE	2	170	0	30					2	182	2	180	-2	130	-2	142	-2	152	-2	180																																																																																																																																
132	yyy	uuu	2	172	0	30			2	164	2	184	2	182							-2	178																																																																																																																																
134	uEo	yeO	2	174	0	30	-2	98	-2	162	-2	182	-2	180			2	144	2	154	2	180																																																																																																																																
135	oii	Oii	2	176	0	30	-2	96	-2	160	-2	180	-2	178					2	156	2	182																																																																																																													2	150	2	146													2	134	2	134
136	iO	Io	2	178	0	30	2	98	2	162	2	182	2	180	-2	128	-2	142	-2	154	-2	180																																																																																																																																
137	ouE	Oye	2	180	0	30	-2	96	-2	160	-2	180	-2	178			2	144	2	156	2	182																																																																																																																																
138	OAO	oao	2	182	0	30	2	98	2	162	2	182	2	180					-2	154	-2	180																																																																																																																																
140	uoo	yOO	2	184	0	30	-2	96	-2	160	-2	180	-2	178					2	156	2	182																																																																																																																																
141	IAO	Iao			2	32	2	98	2	162	2	182	2	180					-2	154	-2	180																																																																			2	102	2	142	2	142	2	162	2	162	2	174	2	170			2	122	2	142	2	142	2	162	2	162	2	164	2	158			2	142	2	142	2	142	2	162	2	162	2	152	2	148			2	182	2	182	2	182	2	182	2	182	2	136	2	136
142	ui	yi	2	186	0	32			-2	160	-2	180	-2	178							2	182																																																																																																																													2	138	2	138
143	yaa	yAA			2	34			-2	158	-2	178	-2	176							2	184																													2	182	2	182													2	182	2	182													2	142	2	142																																																																
147	iAA	iaa			2	36			2	160	2	180	2	178							-2	182																																																													-2	140	-2	140																																																																
154	uiA	uia			2	38			2	162	2	182	2	180							-2	180																																																													-2	138	-2	138																																																							2	184			2	184				
155	uIa	uia			2	40							-2	178	2	130	2	146	2	156	2	182																																																													-2	136	-2	136																																																													-2	136	-2	136
159	eo	eO			2	42	-2	96	-2	160	-2	180	-2	176					2	158	2	184																																									2	162	2	162	2	184	2	184									2	168	2	166	2	138	2	138																																																																
161	uie	uiE			2	44					2	182	2	178			-2	144	-2	156	-2	182																																																					-2	172	-2	170	-2	166	-2	164	-2	136	-2	136																																																											2	186				
166	EuI	Eui			2	46							-2	176	2	132	2	146	2	158	2	184																																																																																															-2	156															-2	146													-2	134	-2	134
169	ui	yi	2	188	0	46			-2	158	-2	180	-2	174							2	186																																																																																																																													2	136	2	136
175	eAe	EaE	2	190	0	46			2	160	2	182	2	176			-2	144	-2	156	-2	184																																																																																																																																
177	ia	iA			2	48			-2	158	-2	180	-2	174							2	186																																																													2	138	2	138																																																																
182	uOO	uoo			2	50	2	98	2	160	2	182	2	176					-2	154	-2	184																																																																																																																	2	182	2	184	2	184	2	186	2	184	2	188	2	138	2	138
183	iey	IEu	2	192	0	50			2	162	2	184	2	178	-2	130	-2	142	-2	152	-2	182																																																																																																																																
188	Oua	OyA			2	52			-2	160	-2	182	-2	176							2	184													2	182	2	182													2	184	2	184													2	186	2	186													2	140	2	140																																																																
203	ioE	iOe			2	54	-2	96	-2	158	-2	180	-2	174			2	144	2	154	2	186																																																							2	172	2	168	2	166	2	142	2	142																																																																
208	aiO	aio			2	56	2	98	2	160	2	182	2	176					-2	152	-2	184																																																									-2	166	-2	164	-2	140	-2	140																																																			2	186			2	188			2	190				
212	ieA	iEa			2	58			2	162	2	184	2	178			-2	142	-2	150	-2	182																																																					-2	170	-2	170	-2	164	-2	162	-2	138	-2	138																																																																
244	Ooo	OOO			2	60	-2	96	-2	160	-2	182	-2	176					2	152	2	184									2	142	2	142	2	184	2	184									2	142	2	142	2	186	2	186									2	164	2	164	2	188	2	188									2	166	2	164	2	140	2	140																																																																
252	iO	io			2	62	2	98	2	162	2	184	2	178					-2	150	-2	182																																																									-2	164	-2	162	-2	138	-2	138																																																																
277	iIa	iia			2	64							-2	176	2	132	2	144	2	152	2	184																																																	2	182	2	182	2	172	2	172	2	166	2	164			2	140																																																																
280	iei	iEi			2	66					2	186	2	178			-2	142	-2	150	-2	182																																																					-2	170	-2	170	-2	164	-2	162	-2	136	-2	138																													-2	162	-2	154													-2	150	-2	144													-2	136	-2	136
284	iaa	iAA			2	68			-2	160	-2	184	-2	176							2	184																																																													2	138	2	140																																																																
288	iy	iu			2	70			2	162	2	186	2	178							-2	182																																																													-2	136	-2	138																																																																
291	Oo	OO			2	72	-2	96	-2	160	-2	184	-2	176					2	152	2	184									2	144	2	144	2	186	2	186									2	144	2	144	2	188	2	188									2	166	2	166	2	190	2	190									2	166	2	164	2	138	2	140																																																																
295	ia	iA			2	74			-2	158	-2	182	-2	174							2	186																																																													2	140	2	142																																																																
312	uA	ua			2	76			2	160	2	184	2	176							-2	184																																																																																																																					2	186	2	190	2	186	2	192	2	138	2	138
331	iyA	iua			2	78			2	162	2	186	2	178							-2	182																																																													-2	138	-2	140																																																																
343	iE	ie			2	80					-2	184	-2	176			2	144	2	154	2	184																																																					2	172	2	172	2	168	2	166	2	140	2	142																																																																
344	iOe	ioE			2	82	2	98	2	164	2	186	2	178			-2	142	-2	152	-2	182																																																							-2	170	-2	166	-2	164	-2	138	-2	140																																																																
369	iaa	iAA			2	84			-2	162	-2	184	-2	176							2	184																																																													2	140	2	142																																																																
378	iaE	iAe			2	86			-2	160	-2	182	-2	174			2	144	2	154	2	186																																																							2	172			2	166	2	142	2	144																																																																
389	iE	ie			2	88					-2	180	-2	172			2	146	2	156	2	188																																																					2	174	2	174	2	168	2	168	2	144	2	146																																																																
391	iyO	iuo			2	90	2	100	2	162	2	182	2	174					-2	154	-2	186																																																											-2	166	-2	142	-2	144																																																																
392	iai	iAi			2	92			-2	160	-2	180	-2	172							2	188																																																													2	144	2	146																																																													2	140	2	140
394	ae	aE			2	94					2	182	2	174			-2	144	-2	152	-2	186																																																																																																																									2	188	2	194	2	142	2	142
401	iOy	iou			2	96	2	102	2	162	2	184	2	176					-2	150	-2	184																																																									-2	166	-2	164	-2	142	-2	144																																																																
418	iE	ie			2	98					-2	182	-2	174			2	146	2	152	2	186																																																					2	176	2	176	2	168	2	166	2	144	2	146																																																																
468	iei	iEi			2	100					2	184	2	176			-2	144	-2	150	-2	184																																																					-2	174	-2	174	-2	166	-2	164	-2	142	-2	144																													-2	160	-2	152													-2	148	-2	142													-2	140	-2	140
472	iuo	iyO			2	102	-2	100	-2	160	-2	182	-2	174					2	152	2	186																																																											2	166	2	144	2	146																																																																
492	iAe	iaE			2	104			2	162	2	184	2	176			-2	142	-2	150	-2	184																																																							-2	172			-2	164	-2	142	-2	144																																																																
509	iAi	iai			2	106			2	164	2	186	2	178							-2	182																																																													-2	140	-2	142																																																													-2	138	-2	138
510	iEE	iee			2	108					-2	184	-2	176			2	144	2	152	2	184																																																					2	176	2	174	2	168	2	166	2	142	2	144																																																																
517	iei	iEi			2	110					2	186	2	178			-2	142	-2	150	-2	182																																																					-2	174	-2	172	-2	166	-2	164	-2	140	-2	142																													-2	158	-2	150													-2	146	-2	140													-2	136	-2	136
529	eEi	eei			2	112					-2	184	-2	176			2	144	2	152	2	184																																					2	162	2	162	2	168	2	168	2	192	2	192					2	176	2	174	2	168	2	166	2	142	2	144																													2	160	2	152													2	148	2	142													2	138	2	138
563	io	iO			2	114	-2	98	-2	162	-2	182	-2	174					2	154	2	186																																																									2	170	2	168	2	144	2	146																																																																
564	iAA	iaa			2	116			2	164	2	184	2	176							-2	184																																																													-2	142	-2	144																																																																
573	iOe	ioE			2	118	2	100	2	166	2	186	2	178			-2	142	-2	152	-2	182																																																							-2	172	-2	168	-2	166	-2	140	-2	142																																																																
584	iEu	iey			2	120			-2	164	-2	184	-2	176			2	144	2	154	2	184																																																					2	178	2	174	2	170	2	168	2	142	2	144																																																																
589	iiy	iiu			2	122			2	166	2	186	2	178							-2	182																																																													-2	140	-2	142																																																																
599	aEo	AeO	2	194	0	122	-2	98	-2	164	-2	184	-2	176			2	146	2	156	2	184																																																																																																																																
600	iAi	iai			2	124			2	166	2	186	2	178							-2	182																																																													-2	138	-2	140																																																													-2	136	-2	136
611	iE	ie			2	126					-2	184	-2	176			2	148	2	158	2	184																																																					2	180	2	176	2	172	2	170	2	140	2	142																																																																
640	iee	iEE			2	128					2	186	2	178			-2	146	-2	156	-2	182																																																					-2	178	-2	174	-2	170	-2	168	-2	138	-2	140																																																																
656	ioa	iOA			2	130	-2	96	-2	164	-2	184	-2	176					2	158	2	184																																																									2	172	2	170	2	140	2	142																																																																
683	iyA	iua			2	132			2	166	2	186	2	178							-2	182																																																													-2	138	-2	140																																																																
691	aI	ai			2	134							-2	176	2	134	2	148	2	160	2	184																																																																																																																													-2	134	-2	134
703	iou	iOy			2	136	-2	94	-2	164	-2	184	-2	174					2	162	2	186																																																									2	174	2	172	2	140	2	142																																																																
726	iy	iu			2	138			2	166	2	186	2	176							-2	184																																																													-2	138	-2	140																																																																
729	iua	iyA			2	140			-2	164	-2	184	-2	174							2	186																																																													2	140	2	142																																																																
737	iiy	iiu			2	142			2	166	2	186	2	176							-2	184																																																													-2	138	-2	140																																																																
739	oIa	oia			2	144							-2	174	2	136	2	150	2	164	2	186																																																													-2	136	-2	138																																													-2	146	-2	140													-2	132	-2	132
745	iEi	iei			2	146					-2	184	-2	172			2	152	2	166	2	188																																																					2	180	2	176	2	176	2	174	2	138	2	140																													2	162	2	154													2	148	2	142													2	134	2	134
753	iyi	iui			2	148			2	168	2	186	2	174							-2	186																																																													-2	136	-2	138																																																													-2	132	-2	132
767	iOO	ioo			2	150	2	96	2	170	2	188	2	176					-2	164	-2	184																																																									-2	174	-2	172	-2	134	-2	136																																																																
773	ioi	iOi			2	152	-2	94	-2	168	-2	186	-2	174					2	166	2	186																																																									2	176	2	174	2	136	2	138																																													2	150	2	144													2	134	2	134
776	iau	iAy			2	154			-2	166	-2	184	-2	172							2	188																																																													2	138	2	140																																																																
785	iOA	ioa			2	156	2	96	2	168	2	186	2	174					-2	164	-2	186																																																									-2	174	-2	172	-2	136	-2	138																																																																
793	ioE	iOe			2	158	-2	94	-2	166	-2	184	-2	172			2	154	2	166	2	188																																																							2	178	2	176	2	174	2	138	2	140																																																																
816	iie	iiE			2	160					2	186	2	174			-2	152	-2	164	-2	186																																																					-2	178	-2	176	-2	174	-2	172	-2	136	-2	138																																																																
817	iEa	ieA			2	162			-2	164	-2	184	-2	172			2	154	2	166	2	188																																																					2	180	2	178	2	176	2	174	2	138	2	140																																																																
820	oyO	ouo			2	164	2	96	2	166	2	186	2	174					-2	164	-2	186																																																																																																			2	144	2	144	2	144	2	164	2	164	2	152	2	146			2	188	2	188	2	192	2	190	2	196	2	136	2	136
843	iii	Iii	2	196	0	164							2	176	-2	134	-2	152	-2	162	-2	184																																																																													-2	172	-2	168													-2	160	-2	152													-2	150	-2	144													-2	134	-2	134
852	iey	iEu			2	166			2	168	2	188	2	178			-2	150	-2	160	-2	182																																																					-2	178	-2	176	-2	174	-2	172	-2	136	-2	138																																																																
854	iua	iyA			2	168			-2	166	-2	186	-2	176							2	184																																																													2	138	2	140																																																																
882	io	iO			2	170	-2	94	-2	164	-2	184	-2	174					2	162	2	186																																																									2	176	2	174	2	140	2	142																																																																
895	ieO	iEo			2	172	2	96	2	166	2	186	2	176			-2	148	-2	160	-2	184																																																					-2	176	-2	174	-2	174	-2	172	-2	138	-2	140																																																																
915	iEa	ieA			2	174			-2	164	-2	184	-2	174			2	150	2	162	2	186																																																					2	178	2	176	2	176	2	174	2	140	2	142																																																																
929	iOi	ioi			2	176	2	98	2	166	2	186	2	176					-2	160	-2	184																																																									-2	174	-2	172	-2	138	-2	140																																													-2	148	-2	142													-2	132	-2	132
931	iou	iOy			2	178	-2	96	-2	164	-2	184	-2	174					2	162	2	186																																																									2	176	2	174	2	140	2	142																																																																
931	Apriori	Id(Bk)Syl1>>Id(Bk)	2	198																																																																																																																																																			
940	iOy	iou			2	180	2	98	2	166	2	186	2	176					-2	160	-2	184																																																									-2	174	-2	172	-2	138	-2	140																																																																
940	Apriori	Id(Bk)Syl1>>Id(Bk)	2	200																																																																																																																																																			
958	ieA	iEa			2	182			2	168	2	188	2	178			-2	148	-2	158	-2	182																																																					-2	176	-2	174	-2	172	-2	170	-2	136	-2	138																																																																
958	Apriori	Id(Bk)Syl1>>Id(Bk)	2	202																																																																																																																																																			
961	iEE	iee			2	184					-2	186	-2	176			2	150	2	160	2	184																																																					2	178	2	176	2	174	2	172	2	138	2	140																																																																
961	Apriori	Id(Bk)Syl1>>Id(Bk)	2	204																																																																																																																																																			
987	iEa	ieA			2	186			-2	166	-2	184	-2	174			2	152	2	162	2	186																																																					2	180	2	178	2	176	2	174	2	140	2	142																																																																
987	Apriori	Id(Bk)Syl1>>Id(Bk)	2	206																																																																																																																																																			
1082	iyA	iua			2	188			2	168	2	186	2	176							-2	184																																																													-2	138	-2	140																																																																
1082	Apriori	Id(Bk)Syl1>>Id(Bk)	2	208																																																																																																																																																			
1347	iou	iOy			2	190	-2	96	-2	166	-2	184	-2	174					2	164	2	186																																																									2	178	2	176	2	140	2	142																																																																
1347	Apriori	Id(Bk)Syl1>>Id(Bk)	2	210																																																																																																																																																			
1398	iO	io			2	192	2	98	2	168	2	186	2	176					-2	162	-2	184																																																									-2	176	-2	174	-2	138	-2	140																																																																
1398	Apriori	Id(Bk)Syl1>>Id(Bk)	2	212																																																																																																																																																			
1454	iiE	iie			2	194					-2	184	-2	174			2	154	2	164	2	186																																																					2	182	2	180	2	178	2	176	2	140	2	142																																																																
1454	Apriori	Id(Bk)Syl1>>Id(Bk)	2	214																																																																																																																																																			
6443	iAA	iaa			0.2	194.2			0.2	168.2	0.2	184.2	0.2	174.2							-0.2	185.8																																																													-0.2	139.8	-0.2	141.8																																																																
6443	Apriori	Id(Bk)Syl1>>Id(Bk)	0.19999999999998863	214.2																																																																																																																																																			
10399	ioo	iOO			0.02	194.22	-0.02	97.98	-0.02	168.17999999999998	-0.02	184.17999999999998	-0.02	174.17999999999998					0.02	164.02	0.02	185.82000000000002																																																									0.02	178.02	0.02	176.02	0.02	139.82000000000002	0.02	141.82000000000002																																																																
10399	Apriori	Id(Bk)Syl1>>Id(Bk)	0.020000000000010232	214.22																																																																																																																																																			
17752	iye	iuE			0.002	194.222			0.002	168.182	0.002	184.182	0.002	174.182			-0.002	153.998	-0.002	164.018	-0.002	185.818																																																							-0.002	179.998			-0.002	176.018	-0.002	139.818	-0.002	141.818																																																																
17752	Apriori	Id(Bk)Syl1>>Id(Bk)	0.0020000000000095497	214.222																																																																																																																																																			
TOTAL				214.222		194.222		97.98		168.182		184.182		174.182		134		153.998		164.018		185.818		100		100		120		120		144		144		186		186		140		140		140		140		144		144		188		188		160		160		162		162		168		168		192		192		182		182		182		179.998		178.02		176.018		139.818		141.818		100		102		142		142		162		162		172		168		120		122		142		142		162		162		160		152		140		144		144		144		164		164		148		142		182		188		188		192		190		196		132		132
