trialnum	Generated	Heard	Id(Bk)Syl1	now	Id(Bk)	now	*F1	now	*F3	now	*F4	now	*F5	now	*B1	now	*B2	now	*B3	now	*B5	now	*F1_B1	now	*F1..._B1	now	*F1_B2	now	*F1..._B2	now	*F1_B3	now	*F1..._B3	now	*F1_B5	now	*F1..._B5	now	*F3_B1	now	*F3..._B1	now	*F3_B2	now	*F3..._B2	now	*F3_B3	now	*F3..._B3	now	*F3_B5	now	*F3..._B5	now	*F4_B1	now	*F4..._B1	now	*F4_B2	now	*F4..._B2	now	*F4_B3	now	*F4..._B3	now	*F4_B5	now	*F4..._B5	now	*F5_B1	now	*F5..._B1	now	*F5_B2	now	*F5..._B2	now	*F5_B3	now	*F5..._B3	now	*F5_B5	now	*F5..._B5	now	*_B1F1	now	*_B1...F1	now	*_B1F3	now	*_B1...F3	now	*_B1F4	now	*_B1...F4	now	*_B1F5	now	*_B1...F5	now	*_B2F1	now	*_B2...F1	now	*_B2F3	now	*_B2...F3	now	*_B2F4	now	*_B2...F4	now	*_B2F5	now	*_B2...F5	now	*_B3F1	now	*_B3...F1	now	*_B3F3	now	*_B3...F3	now	*_B3F4	now	*_B3...F4	now	*_B3F5	now	*_B3...F5	now	*_B5F1	now	*_B5...F1	now	*_B5F3	now	*_B5...F3	now	*_B5F4	now	*_B5...F4	now	*_B5F5	now	*_B5...F5	now
				0		0		100		140		160		180		100		120		140		180		100		100		120		120		140		140		180		180		140		140		140		140		140		140		180		180		160		160		160		160		160		160		180		180		180		180		180		180		180		180		180		180		100		100		140		140		160		160		180		180		120		120		140		140		160		160		180		180		140		140		140		140		160		160		180		180		180		180		180		180		180		180		180		180
1	iAA	iaa			2	2			2	142	2	162	2	182							-2	178																																																													-2	178	-2	178																																																																
2	Ia	ia	2	2	2	4							-2	180	2	102	2	122	2	142	2	180																																																													-2	176	-2	176																																																																
3	eey	eeu			2	6			2	144	2	164	2	182							-2	178																																													-2	178	-2	178													-2	174	-2	174																																																																
4	EIo	eio	2	4	2	8					-2	162	-2	180	2	104	2	124	2	144	2	180																																											-2	158			-2	176									-2	178	-2	178	-2	172	-2	172																																																																
5	iAy	iau			2	10			2	146	2	164	2	182							-2	178																																																													-2	170	-2	170																																																																
6	Iou	iou	2	6	2	12							-2	180	2	106	2	126	2	146	2	180																																																									-2	176	-2	176	-2	168	-2	168																																																																
8	Ayi	aui	2	8	2	14			2	148	2	166	2	182							-2	178																																																																																																																													-2	178	-2	178
9	aoa	Aoa	2	10	2	16			-2	146	-2	164	-2	180							2	180																									-2	138	-2	138	-2	178	-2	178									-2	158	-2	156	-2	176	-2	174									-2	174	-2	174	-2	166	-2	166																																																																
10	aoI	Aoi	2	12	2	18			-2	144	-2	162	-2	178	2	108	2	128	2	148	2	182																									-2	136	-2	136	-2	176	-2	176									-2	156	-2	154	-2	174	-2	172									-2	172	-2	172	-2	164	-2	164																																													-2	178	-2	178													-2	176	-2	176
12	eAy	Eau	2	14	2	20			2	146	2	164	2	180			-2	126	-2	146	-2	180																																																																																																																																
13	uI	yi	2	16	2	22			-2	144	-2	162	-2	178	2	110	2	128	2	148	2	182																																																																																																																																
14	eOO	Eoo	2	18	2	24	2	102	2	146	2	164	2	180			-2	126	-2	146	-2	180																																																																																																																																
15	oEu	Oeu	2	20	2	26	-2	100	-2	144	-2	162	-2	178			2	128	2	148	2	182															-2	178															-2	174													-2	172	-2	170													-2	162	-2	162																																																																
16	eiO	eio			2	28	2	102	2	146	2	164	2	180					-2	146	-2	180																																											-2	152			-2	168									-2	170	-2	170	-2	160	-2	160																																																																
17	iiA	iia			2	30			2	148	2	166	2	182							-2	178																																																													-2	158	-2	158																																																																
19	oaE	oae			2	32					-2	164	-2	180			2	130	2	148	2	180																																																																																																											-2	158			-2	176									-2	178	-2	178	-2	174	-2	174
20	uao	yao	2	22	2	34			-2	146	-2	162	-2	178							2	182																											-2	134	-2	174	-2	172											-2	150	-2	170	-2	166											-2	168	-2	156	-2	156																																																																
21	AAA	Aaa			2	36			2	148	2	164	2	180							-2	180																													-2	172	-2	170													-2	168	-2	164													-2	154	-2	154																																																																
23	uEa	yea	2	24	2	38			-2	146	-2	162	-2	178			2	132	2	150	2	182																															-2	168													-2	166	-2	162													-2	152	-2	152																																																																
24	yii	uii	2	26	2	40			2	148	2	164	2	180							-2	180																																																																																																																													-2	172	-2	172
25	oII	oii			2	42							-2	178	2	112	2	134	2	152	2	182																																																																																																													-2	176	-2	174													-2	170	-2	170
26	eAe	eae			2	44			2	150	2	166	2	180							-2	180																																													-2	164	-2	160													-2	150	-2	150																																																									-2	176	-2	176	-2	168	-2	168
27	Aye	aue	2	28	2	46			2	152	2	168	2	182							-2	178																																																																																																																									-2	174	-2	174	-2	166	-2	166
28	uuu	yuu	2	30	2	48			-2	150	-2	166	-2	180							2	180																													-2	170	-2	166													-2	162	-2	158													-2	148	-2	148																																																																
29	Ia	ia	2	32	2	50							-2	178	2	114	2	136	2	154	2	182																																																													-2	146	-2	146																																																																
30	OO	Oo			2	52	2	104	2	152	2	168	2	180					-2	152	-2	180									-2	138	-2	138	-2	178	-2	176									-2	134	-2	132	-2	168	-2	164									-2	154	-2	148	-2	160	-2	156									-2	168	-2	166	-2	144	-2	144																																																																
31	yAi	yai			2	54			2	154	2	170	2	182							-2	178																													-2	166	-2	162													-2	158	-2	154													-2	142	-2	142																																																													-2	164	-2	164
32	aEo	aeo			2	56					-2	168	-2	180			2	138	2	154	2	180																																									-2	152	-2	146	-2	156	-2	152									-2	166	-2	164	-2	140	-2	140																																																									-2	172	-2	172	-2	162	-2	162
33	EEu	Eeu			2	58					-2	166	-2	178			2	140	2	156	2	182																																													-2	154	-2	150													-2	138	-2	138																									-2	158	-2	158	-2	178	-2	178									-2	158	-2	156	-2	174	-2	172									-2	170	-2	170	-2	160	-2	160
34	Aye	Aue			2	60			2	156	2	168	2	180							-2	180																													-2	164	-2	160													-2	152	-2	148													-2	136	-2	136																																																									-2	168	-2	168	-2	158	-2	158
35	eAA	Eaa	2	34	2	62			2	158	2	170	2	182			-2	138	-2	154	-2	178																																																																																																																																
36	ao	Ao	2	36	2	64			-2	156	-2	168	-2	180							2	180																									-2	132	-2	130	-2	162	-2	158									-2	150	-2	144	-2	150	-2	146									-2	164	-2	162	-2	134	-2	134																																																																
37	EaE	Eae			2	66					-2	166	-2	178			2	140	2	156	2	182																																																																																											-2	156			-2	176											-2	154			-2	170									-2	166	-2	166	-2	156	-2	156
38	OiO	Oio			2	68	2	106	2	158	2	168	2	180					-2	154	-2	180											-2	136			-2	174											-2	128			-2	156											-2	142			-2	144									-2	162	-2	160	-2	132	-2	132																																																																
39	aua	Aua	2	38	2	70			-2	156	-2	166	-2	178							2	182																													-2	160	-2	154													-2	148	-2	142													-2	130	-2	130																																																																
40	uaE	uae			2	72					-2	164	-2	176			2	142	2	156	2	184																																																																																																																									-2	164	-2	164	-2	154	-2	154
41	Ay	Au			2	74			2	158	2	166	2	178							-2	182																													-2	158	-2	152													-2	146	-2	140													-2	128	-2	128																																																																
42	yye	uue	2	40	2	76			2	160	2	168	2	180							-2	180																																																																																																																									-2	162	-2	162	-2	152	-2	152
44	yyy	yuu			2	78			2	162	2	170	2	182							-2	178																													-2	156	-2	150													-2	144	-2	138													-2	126	-2	126																																																																
45	aEa	Aea	2	42	2	80			-2	160	-2	168	-2	180			2	144	2	158	2	180																															-2	148													-2	142	-2	136													-2	124	-2	124																																																																
46	OOi	Ooi			2	82	2	108	2	162	2	170	2	182					-2	156	-2	178									-2	136	-2	134	-2	176	-2	172									-2	130	-2	126	-2	154	-2	146									-2	148	-2	140	-2	140	-2	134									-2	160	-2	158	-2	122	-2	122																																													-2	172	-2	168													-2	150	-2	150
47	oao	Oao	2	44	2	84	-2	106	-2	160	-2	168	-2	180					2	158	2	180											-2	132	-2	174	-2	170											-2	124	-2	152	-2	144											-2	138	-2	138	-2	132											-2	156	-2	120	-2	120																																																																
48	eiO	eio			2	86	2	108	2	162	2	170	2	182					-2	156	-2	178																																											-2	136			-2	130									-2	158	-2	154	-2	118	-2	118																																																																
49	aaa	Aaa	2	46	2	88			-2	160	-2	168	-2	180							2	180																													-2	150	-2	142													-2	136	-2	128													-2	116	-2	116																																																																
50	Iu	iu	2	48	2	90							-2	178	2	116	2	146	2	158	2	182																																																													-2	114	-2	114																																																																
51	AOO	Aoo			2	92	2	110	2	162	2	170	2	180					-2	156	-2	180																									-2	128	-2	122	-2	148	-2	140									-2	146	-2	134	-2	134	-2	126									-2	156	-2	152	-2	112	-2	112																																																																
52	yOO	yoo			2	94	2	112	2	164	2	172	2	182					-2	154	-2	178																									-2	126	-2	120	-2	146	-2	138									-2	144	-2	132	-2	132	-2	124									-2	154	-2	150	-2	110	-2	110																																																																
53	EII	eii	2	50	2	96					-2	170	-2	180	2	118	2	148	2	156	2	180																																																																																																																																
54	oEa	Oea	2	52	2	98	-2	110	-2	162	-2	168	-2	178			2	150	2	158	2	182															-2	168															-2	136													-2	130	-2	122													-2	108	-2	108																																																																
56	iiy	iiu			2	100			2	164	2	170	2	180							-2	180																																																													-2	106	-2	106																																																																
57	Eu	eu	2	54	2	102					-2	168	-2	178			2	152	2	160	2	182																																													-2	128	-2	120													-2	104	-2	104																																																																
58	eey	eeu			2	104			2	166	2	170	2	180							-2	180																																													-2	126	-2	118													-2	102	-2	102																																																																
59	aEI	Aei	2	56	2	106			-2	164	-2	168	-2	178	2	120	2	154	2	162	2	182																																																																																																																																
60	Oee	oee	2	58	2	108	2	112	2	166	2	170	2	180					-2	160	-2	180																																																																																																									-2	156	-2	152	-2	170	-2	166									-2	160	-2	160	-2	148	-2	148
63	oE	oe			2	110					-2	168	-2	178			2	156	2	162	2	182																																																																																																									-2	154	-2	150	-2	168	-2	164									-2	158	-2	158	-2	146	-2	146
64	Oyy	ouu	2	60	2	112	2	114	2	168	2	170	2	180					-2	160	-2	180																																																																																																																																
66	OA	oa	2	62	2	114	2	116	2	170	2	172	2	182					-2	158	-2	178																																																																																																																																
68	auI	aui			2	116							-2	180	2	122	2	158	2	160	2	180																																																																																																																													-2	144	-2	144
70	IE	ie	2	64	2	118					-2	170	-2	178	2	124	2	160	2	162	2	182																																																																																																																																
71	AeA	aea	2	66	2	120			2	172	2	172	2	180							-2	180																																													-2	124	-2	116													-2	100	-2	100																																																									-2	156	-2	156	-2	142	-2	142
73	EIa	Eia			2	122							-2	178	2	126	2	162	2	164	2	182																																																													-2	98	-2	98																													-2	176	-2	174													-2	166	-2	162													-2	140	-2	140
74	Oi	oi	2	68	2	124	2	118	2	174	2	174	2	180					-2	162	-2	180																																																																																																													-2	164	-2	160													-2	138	-2	138
75	auI	aui			2	126							-2	178	2	128	2	164	2	164	2	182																																																																																																																													-2	136	-2	136
76	AAA	Aaa			2	128			2	176	2	176	2	180							-2	180																													-2	144	-2	134													-2	122	-2	114													-2	96	-2	96																																																																
77	oIE	oie			2	130					-2	174	-2	178	2	130	2	166	2	166	2	182																																																																																																											-2	148	-2	162	-2	158											-2	154	-2	134	-2	134
78	OiA	Oia			2	132			2	178	2	176	2	180							-2	180															-2	166															-2	132															-2	112													-2	94	-2	94																																																																
79	yAi	yai			2	134			2	180	2	178	2	182							-2	178																													-2	142	-2	130													-2	120	-2	110													-2	92	-2	92																																																													-2	132	-2	132
80	Iuu	iuu	2	70	2	136							-2	180	2	132	2	168	2	168	2	180																																																													-2	90	-2	90																																																																
82	EaE	eae	2	72	2	138					-2	176	-2	178			2	170	2	170	2	182																																													-2	118	-2	108													-2	88	-2	88																																																									-2	154	-2	152	-2	130	-2	130
83	OA	Oa			2	140			2	182	2	178	2	180							-2	180													-2	172	-2	164													-2	140	-2	128													-2	116	-2	106													-2	86	-2	86																																																																
84	uE	ue			2	142					-2	176	-2	178			2	172	2	172	2	182																																																																																																																									-2	152	-2	150	-2	128	-2	128
85	yiy	yiu			2	144			2	184	2	178	2	180							-2	180																															-2	126															-2	104													-2	84	-2	84																																																																
87	EoE	Eoe			2	146					-2	176	-2	178			2	174	2	174	2	182																																																																																											-2	154			-2	172									-2	152	-2	146	-2	160	-2	156									-2	150	-2	148	-2	126	-2	126
89	uau	yau	2	74	2	148			-2	182	-2	174	-2	176							2	184																													-2	138	-2	124													-2	114	-2	102													-2	82	-2	82																																																																
91	Aei	aei	2	76	2	150			2	184	2	176	2	178							-2	182																																																																																																																									-2	148	-2	146	-2	124	-2	124
92	eey	eeu			2	152			2	186	2	178	2	180							-2	180																																													-2	112	-2	100													-2	80	-2	80																																																																
94	eoo	Eoo	2	78	2	154					2	180	2	182			-2	172	-2	172	-2	178																																									2	146	2	134	2	114	2	102									2	156	2	152	2	82	2	82																																																																
96	IEI	iei	2	80	2	156					-2	178	-2	180	2	134	2	174	2	174	2	180																																																																																																																																
97	EuI	Eui			2	158							-2	178	2	136	2	176	2	176	2	182																																																																																															-2	170															-2	154													-2	122	-2	122
99	ei	Ei	2	82	2	160					2	180	2	180			-2	174	-2	174	-2	180																																																																																													-2	174	-2	168													-2	158	-2	152													-2	120	-2	120
100	ouE	oue			2	162					-2	178	-2	178			2	176	2	176	2	182																																																																																																											-2	144			-2	150									-2	146	-2	144	-2	118	-2	118
101	oea	Oea	2	84	2	164	-2	116	-2	184	-2	176	-2	176					2	178	2	184															-2	162															-2	122																																																																									2	154	2	146	2	160	2	152									2	148	2	146	2	120	2	120
102	OAO	Oao			2	166	2	118	2	186	2	178	2	178					-2	176	-2	182											-2	130	-2	170	-2	160											-2	118	-2	136	-2	120											-2	132	-2	112	-2	100											-2	150	-2	80	-2	80																																																																
109	uia	yia	2	86	2	168			-2	184	-2	176	-2	176							2	184																															-2	118															-2	98																																																																													2	122	2	122
111	oaa	Oaa	2	88	2	170	-2	116	-2	182	-2	174	-2	174					2	178	2	186													-2	168	-2	158													-2	134	-2	116													-2	110	-2	96													-2	78	-2	78																																																																
112	AAy	aau	2	90	2	172			2	184	2	176	2	176							-2	184																																																																																																																																
114	eOA	Eoa	2	92	2	174	2	118	2	186	2	178	2	178			-2	174	-2	176	-2	182																																																																																																																																
117	ueo	yeo	2	94	2	176			-2	184	-2	176	-2	176							2	184																											-2	116			-2	114																																																																																									2	150	2	148	2	124	2	124
119	eOA	Eoa	2	96	2	178	2	120	2	186	2	178	2	178			-2	172	-2	174	-2	182																																																																																																																																
122	eao	Eao	2	98	2	180					2	180	2	180			-2	170	-2	172	-2	180																																											2	134	2	112	2	98											2	152	2	80	2	80																																																																
125	oaE	Oae	2	100	2	182	-2	118	-2	184	-2	178	-2	178			2	172	2	174	2	182													-2	166	-2	156													-2	132	-2	112													-2	110	-2	96													-2	78	-2	78																																																									-2	148	-2	146	-2	122	-2	122
127	yOO	uoo	2	102	2	184	2	120	2	186	2	180	2	180					-2	172	-2	180																																																																																																																																
133	oeo	Oeo	2	104	2	186	-2	118	-2	184	-2	178	-2	178					2	174	2	182											-2	128			-2	154											-2	114			-2	110																																																																									2	156	2	148	2	162	2	154									2	150	2	148	2	124	2	124
145	aa	Aa	2	106	2	188			-2	182	-2	176	-2	176							2	184																													-2	130	-2	108													-2	108	-2	94													-2	76	-2	76																																																																
146	OOO	Ooo			2	190	2	120	2	184	2	178	2	178					-2	172	-2	182									-2	134	-2	126	-2	164	-2	152									-2	124	-2	112	-2	128	-2	106									-2	144	-2	132	-2	106	-2	92									-2	154	-2	150	-2	74	-2	74																																																																
682	iO	io			2	192	2	122	2	186	2	180	2	180					-2	170	-2	180																																																									-2	152	-2	148	-2	72	-2	72																																																																
762	uiu	yiu	2	108	2	194			-2	184	-2	178	-2	178							2	182																															-2	104															-2	90																																																																													2	126	2	126
15928	oa	Oa	0.002	108.002	0.002	194.002	-0.002	121.998	-0.002	183.998	-0.002	177.998	-0.002	177.998					0.002	170.002	0.002	182.002													-0.002	163.998	-0.002	151.998													-0.002	127.998	-0.002	103.998													-0.002	105.998	-0.002	89.998													-0.002	71.998	-0.002	71.998																																																																
TOTAL				108.002		194.002		121.998		183.998		177.998		177.998		136		172		170.002		182.002		100		100		120		120		134		126		163.998		151.998		140		140		140		140		124		112		127.998		103.998		160		160		160		160		144		132		105.998		89.998		180		180		180		180		152		148		71.998		71.998		100		100		140		140		160		160		180		180		120		120		140		140		158		154		174		168		140		140		140		140		156		148		162		154		180		180		180		180		150		148		126		126
