trialnum	Generated	Heard	Id(Bk)Syl1	now	Id(Bk)	now	*F1	now	*F3	now	*F4	now	*F5	now	*B1	now	*B2	now	*B3	now	*B5	now	*F1_B1	now	*F1..._B1	now	*F1_B2	now	*F1..._B2	now	*F1_B3	now	*F1..._B3	now	*F1_B5	now	*F1..._B5	now	*F3_B1	now	*F3..._B1	now	*F3_B2	now	*F3..._B2	now	*F3_B3	now	*F3..._B3	now	*F3_B5	now	*F3..._B5	now	*F4_B1	now	*F4..._B1	now	*F4_B2	now	*F4..._B2	now	*F4_B3	now	*F4..._B3	now	*F4_B5	now	*F4..._B5	now	*F5_B1	now	*F5..._B1	now	*F5_B2	now	*F5..._B2	now	*F5_B3	now	*F5..._B3	now	*F5_B5	now	*F5..._B5	now	*_B1F1	now	*_B1...F1	now	*_B1F3	now	*_B1...F3	now	*_B1F4	now	*_B1...F4	now	*_B1F5	now	*_B1...F5	now	*_B2F1	now	*_B2...F1	now	*_B2F3	now	*_B2...F3	now	*_B2F4	now	*_B2...F4	now	*_B2F5	now	*_B2...F5	now	*_B3F1	now	*_B3...F1	now	*_B3F3	now	*_B3...F3	now	*_B3F4	now	*_B3...F4	now	*_B3F5	now	*_B3...F5	now	*_B5F1	now	*_B5...F1	now	*_B5F3	now	*_B5...F3	now	*_B5F4	now	*_B5...F4	now	*_B5F5	now	*_B5...F5	now
				0		0		161.12		183.98		231.36		279.6		150.0		161.38		209.4		304.44		150.0		150.0		150.0		150.0		151.86		153.52		156.2		161.5		150.0		150.0		150.0		150.0		156.1		161.7		169.54		186.62		150.0		150.0		150.0		150.0		161.68		167.42		185.92000000000002		204.02		150.0		150.0		150.0		150.0		167.56		172.78		202.54		218.89999999999998		150.0		150.0		150.0		150.0		150.0		150.0		150.0		150.0		150.0		150.0		150.0		150.0		152.62		154.22		154.4		156.78		150.0		150.0		150.0		150.0		158.14		161.04		165.28		169.9		150.0		150.0		150.0		150.0		168.9		174.5		187.56		196.54
1	yOe	yoe			2	2	2	163.12	2	185.98	2	233.36	2	281.6					-2	207.4	-2	302.44																									-2	154.1	-2	159.7	-2	167.54	-2	184.62									-2	159.68	-2	165.42	-2	183.92000000000002	-2	202.02									-2	165.56	-2	170.78	-2	200.54	-2	216.89999999999998																																									-2	156.14	-2	159.04	-2	163.28	-2	167.9									-2	166.9	-2	172.5	-2	185.56	-2	194.54
2	Ae	ae	2	2	0	2			2	187.98	2	235.36	2	283.6							-2	300.44																																																																																																																									-2	164.9	-2	170.5	-2	183.56	-2	192.54
3	OAA	Oaa			2	4			2	189.98	2	237.36	2	285.6							-2	298.44													-2	154.2	-2	159.5													-2	165.54	-2	182.62													-2	181.92000000000002	-2	200.02													-2	198.54	-2	214.89999999999998																																																																
5	eA	Ea	2	4	0	4			2	191.98	2	239.36	2	287.6			-2	159.38	-2	205.4	-2	296.44																																																																																																																																
6	OOi	ooi	2	6	0	4	2	165.12	2	193.98	2	241.36	2	289.6					-2	203.4	-2	294.44																																																																																																													-2	161.28	-2	165.9													-2	181.56	-2	190.54
7	OyA	Oua			2	6			2	195.98	2	243.36	2	291.6							-2	292.44													-2	152.2	-2	157.5													-2	163.54	-2	180.62													-2	179.92000000000002	-2	198.02													-2	196.54	-2	212.89999999999998																																																																
8	Oyi	Oui			2	8			2	197.98	2	245.36	2	293.6							-2	290.44													-2	150.2	-2	155.5													-2	161.54	-2	178.62													-2	177.92000000000002	-2	196.02													-2	194.54	-2	210.89999999999998																																																													-2	179.56	-2	188.54
9	oI	Oi	2	8	0	8	-2	163.12	-2	195.98	-2	243.36	-2	291.6	2	152.0	2	161.38	2	205.4	2	292.44																																																																																																																																
10	eAO	Eao	2	10	0	8	2	165.12	2	197.98	2	245.36	2	293.6			-2	159.38	-2	203.4	-2	290.44																																																																																																																																
11	EIu	eiu	2	12	0	8					-2	243.36	-2	291.6	2	154.0	2	161.38	2	205.4	2	292.44																																															-2	194.02													-2	192.54	-2	208.89999999999998																																																																
12	uIa	uia			2	10							-2	289.6	2	156.0	2	163.38	2	207.4	2	294.44																																																													-2	190.54	-2	206.89999999999998																																																													-2	177.56	-2	186.54
13	eiy	Eiu	2	14	0	10			2	199.98	2	245.36	2	291.6			-2	161.38	-2	205.4	-2	292.44																																																													-2	188.54	-2	204.89999999999998																													-2	152.4	-2	154.78													-2	159.28	-2	163.9													-2	175.56	-2	184.54
14	OAi	Oai			2	12			2	201.98	2	247.36	2	293.6							-2	290.44													-2	148.2	-2	153.5													-2	159.54	-2	176.62													-2	175.92000000000002	-2	192.02													-2	186.54	-2	202.89999999999998																																																													-2	173.56	-2	182.54
15	eOi	eoi			2	14	2	167.12	2	203.98	2	249.36	2	295.6					-2	203.4	-2	288.44																																									-2	157.68	-2	163.42	-2	173.92000000000002	-2	190.02									-2	163.56	-2	168.78	-2	184.54	-2	200.89999999999998																																													-2	157.28	-2	161.9													-2	171.56	-2	180.54
16	oIa	Oia	2	16	0	14	-2	165.12	-2	201.98	-2	247.36	-2	293.6	2	158.0	2	163.38	2	205.4	2	290.44															-2	151.5															-2	174.62															-2	188.02													-2	182.54	-2	198.89999999999998																																																																
17	uIa	uia			2	16							-2	291.6	2	160.0	2	165.38	2	207.4	2	292.44																																																													-2	180.54	-2	196.89999999999998																																																													-2	169.56	-2	178.54
18	eiO	eio			2	18	2	167.12	2	203.98	2	249.36	2	293.6					-2	205.4	-2	290.44																																											-2	161.42			-2	186.02									-2	161.56	-2	166.78	-2	178.54	-2	194.89999999999998																																																																
20	aIu	Aiu	2	18	0	18			-2	201.98	-2	247.36	-2	291.6	2	162.0	2	167.38	2	207.4	2	292.44																															-2	172.62															-2	184.02													-2	176.54	-2	192.89999999999998																																																																
21	AeO	Aeo			2	20	2	169.12	2	203.98	2	249.36	2	293.6					-2	205.4	-2	290.44																											-2	157.7			-2	170.62									-2	155.68	-2	159.42	-2	171.92000000000002	-2	182.02									-2	159.56	-2	164.78	-2	174.54	-2	190.89999999999998																																																																
22	oua	Oua	2	20	0	20	-2	167.12	-2	201.98	-2	247.36	-2	291.6					2	207.4	2	292.44													-2	146.2	-2	149.5													-2	157.54	-2	168.62													-2	169.92000000000002	-2	180.02													-2	172.54	-2	188.89999999999998																																																																
23	aEE	Aee	2	22	0	20			-2	199.98	-2	245.36	-2	289.6			2	169.38	2	209.4	2	294.44																																																																																																																																
24	Ay	au	2	24	0	20			2	201.98	2	247.36	2	291.6							-2	292.44																																																																																																																																
25	oaa	Oaa	2	26	0	20	-2	165.12	-2	199.98	-2	245.36	-2	289.6					2	211.4	2	294.44													-2	144.2	-2	147.5													-2	155.54	-2	166.62													-2	167.92000000000002	-2	178.02													-2	170.54	-2	186.89999999999998																																																																
26	iAe	iae			2	22			2	201.98	2	247.36	2	291.6							-2	292.44																																																													-2	168.54	-2	184.89999999999998																																																									-2	162.9	-2	168.5	-2	167.56	-2	176.54
27	uau	yau	2	28	0	22			-2	199.98	-2	245.36	-2	289.6							2	294.44																													-2	153.54	-2	164.62													-2	165.92000000000002	-2	176.02													-2	166.54	-2	182.89999999999998																																																																
28	yAO	uao	2	30	0	22	2	167.12	2	201.98	2	247.36	2	291.6					-2	209.4	-2	292.44																																																																																																																																
29	Aiy	Aiu			2	24			2	203.98	2	249.36	2	293.6							-2	290.44																															-2	162.62															-2	174.02													-2	164.54	-2	180.89999999999998																																																																
30	EEE	Eee			2	26					-2	247.36	-2	291.6			2	171.38	2	211.4	2	292.44																																																																																									-2	150.62	-2	152.22	-2	150.4	-2	152.78									-2	154.14	-2	157.04	-2	155.28	-2	159.9									-2	160.9	-2	166.5	-2	165.56	-2	174.54
31	IoE	ioe	2	32	0	26					-2	245.36	-2	289.6	2	164.0	2	173.38	2	213.4	2	294.44																																																									-2	157.56	-2	162.78	-2	162.54	-2	178.89999999999998																																									-2	152.14	-2	155.04	-2	153.28	-2	157.9									-2	158.9	-2	164.5	-2	163.56	-2	172.54
32	Oei	oei	2	34	0	26	2	169.12	2	205.98	2	247.36	2	291.6					-2	211.4	-2	292.44																																																																																																									-2	150.14	-2	153.04	-2	151.28	-2	155.9									-2	156.9	-2	162.5	-2	161.56	-2	170.54
33	ooE	Ooe	2	36	0	26	-2	167.12	-2	203.98	-2	245.36	-2	289.6			2	175.38	2	213.4	2	294.44									-2	149.86	-2	151.52	-2	142.2	-2	145.5									-2	152.1	-2	155.7	-2	151.54	-2	160.62									-2	153.68	-2	157.42	-2	163.92000000000002	-2	172.02									-2	155.56	-2	160.78	-2	160.54	-2	176.89999999999998																																									-2	148.14	-2	151.04	-2	149.28	-2	153.9									-2	154.9	-2	160.5	-2	159.56	-2	168.54
34	eO	Eo	2	38	0	26	2	169.12	2	205.98	2	247.36	2	291.6			-2	173.38	-2	211.4	-2	292.44																																																																																																																																
35	ye	ue	2	40	0	26			2	207.98	2	249.36	2	293.6							-2	290.44																																																																																																																									-2	152.9	-2	158.5	-2	157.56	-2	166.54
37	AOy	aou	2	42	0	26	2	171.12	2	209.98	2	251.36	2	295.6					-2	209.4	-2	288.44																																																																																																																																
38	aIa	Aia	2	44	0	26			-2	207.98	-2	249.36	-2	293.6	2	166.0	2	175.38	2	211.4	2	290.44																															-2	158.62															-2	170.02													-2	158.54	-2	174.89999999999998																																																																
39	uIa	uia			2	28							-2	291.6	2	168.0	2	177.38	2	213.4	2	292.44																																																													-2	156.54	-2	172.89999999999998																																																													-2	155.56	-2	164.54
40	oIo	Oio	2	46	0	28	-2	169.12	-2	205.98	-2	247.36	-2	289.6	2	170.0	2	179.38	2	215.4	2	294.44											-2	149.52			-2	143.5											-2	153.7			-2	156.62											-2	155.42			-2	168.02									-2	153.56	-2	158.78	-2	154.54	-2	170.89999999999998																																																																
41	eAe	Eae	2	48	0	28			2	207.98	2	249.36	2	291.6			-2	177.38	-2	213.4	-2	292.44																																																																																											-2	150.22			-2	150.78											-2	149.04			-2	151.9									-2	150.9	-2	156.5	-2	153.56	-2	162.54
42	yy	uu	2	50	0	28			2	209.98	2	251.36	2	293.6							-2	290.44																																																																																																																																
43	uEI	yei	2	52	0	28			-2	207.98	-2	249.36	-2	291.6	2	172.0	2	179.38	2	215.4	2	292.44																																																																																																																																
44	yeO	yeo			2	30	2	171.12	2	209.98	2	251.36	2	293.6					-2	213.4	-2	290.44																											-2	151.7			-2	154.62									-2	151.68	-2	153.42	-2	161.92000000000002	-2	166.02									-2	151.56	-2	156.78	-2	152.54	-2	168.89999999999998																																																																
45	EuE	Eue			2	32					-2	249.36	-2	291.6			2	181.38	2	215.4	2	292.44																																																																																											-2	148.22			-2	148.78											-2	147.04			-2	149.9									-2	148.9	-2	154.5	-2	151.56	-2	160.54
46	Eo	eo	2	54	0	32					-2	247.36	-2	289.6			2	183.38	2	217.4	2	294.44																																									-2	149.68	-2	151.42	-2	159.92000000000002	-2	164.02									-2	149.56	-2	154.78	-2	150.54	-2	166.89999999999998																																																																
47	Oy	ou	2	56	0	32	2	173.12	2	211.98	2	249.36	2	291.6					-2	215.4	-2	292.44																																																																																																																																
48	auo	Auo	2	58	0	32			-2	209.98	-2	247.36	-2	289.6							2	294.44																											-2	149.7	-2	149.54	-2	152.62											-2	149.42	-2	157.92000000000002	-2	162.02											-2	152.78	-2	148.54	-2	164.89999999999998																																																																
49	ee	Ee	2	60	0	32					2	249.36	2	291.6			-2	181.38	-2	213.4	-2	292.44																																																																																									-2	148.62	-2	146.22	-2	148.4	-2	146.78									-2	146.14	-2	145.04	-2	147.28	-2	147.9									-2	146.9	-2	152.5	-2	149.56	-2	158.54
50	OAA	Oaa			2	34			2	211.98	2	251.36	2	293.6							-2	290.44													-2	140.2	-2	141.5													-2	147.54	-2	150.62													-2	155.92000000000002	-2	160.02													-2	146.54	-2	162.89999999999998																																																																
52	uEu	yeu	2	62	0	34			-2	209.98	-2	249.36	-2	291.6			2	183.38	2	215.4	2	292.44																															-2	148.62													-2	153.92000000000002	-2	158.02													-2	144.54	-2	160.89999999999998																																																																
53	OAA	Oaa			2	36			2	211.98	2	251.36	2	293.6							-2	290.44													-2	138.2	-2	139.5													-2	145.54	-2	146.62													-2	151.92000000000002	-2	156.02													-2	142.54	-2	158.89999999999998																																																																
54	aaE	aae			2	38					-2	249.36	-2	291.6			2	185.38	2	217.4	2	292.44																																																																																																																									-2	144.9	-2	150.5	-2	147.56	-2	156.54
55	aEo	Aeo	2	64	0	38			-2	209.98	-2	247.36	-2	289.6			2	187.38	2	219.4	2	294.44																											-2	147.7			-2	144.62									-2	147.68	-2	147.42	-2	149.92000000000002	-2	154.02									-2	147.56	-2	150.78	-2	140.54	-2	156.89999999999998																																																																
56	AOi	Aoi			2	40	2	175.12	2	211.98	2	249.36	2	291.6					-2	217.4	-2	292.44																									-2	150.1	-2	145.7	-2	143.54	-2	142.62									-2	145.68	-2	145.42	-2	147.92000000000002	-2	152.02									-2	145.56	-2	148.78	-2	138.54	-2	154.89999999999998																																													-2	145.28	-2	145.9													-2	145.56	-2	154.54
57	uoI	yoi	2	66	0	40			-2	209.98	-2	247.36	-2	289.6	2	174.0	2	189.38	2	219.4	2	294.44																									-2	148.1	-2	143.7	-2	141.54	-2	140.62									-2	143.68	-2	143.42	-2	145.92000000000002	-2	150.02									-2	143.56	-2	146.78	-2	136.54	-2	152.89999999999998																																													-2	143.28	-2	143.9													-2	143.56	-2	152.54
59	yO	uo	2	68	0	40	2	177.12	2	211.98	2	249.36	2	291.6					-2	217.4	-2	292.44																																																																																																																																
60	OeA	oea	2	70	0	40	2	179.12	2	213.98	2	251.36	2	293.6					-2	215.4	-2	290.44																																													-2	143.92000000000002	-2	148.02													-2	134.54	-2	150.89999999999998																																									-2	144.14	-2	143.04	-2	141.28	-2	141.9									-2	142.9	-2	148.5	-2	141.56	-2	150.54
61	ooE	Ooe	2	72	0	40	-2	177.12	-2	211.98	-2	249.36	-2	291.6			2	191.38	2	217.4	2	292.44									-2	147.86	-2	147.52	-2	136.2	-2	137.5									-2	146.1	-2	141.7	-2	139.54	-2	138.62									-2	141.68	-2	141.42	-2	141.92000000000002	-2	146.02									-2	141.56	-2	144.78	-2	132.54	-2	148.89999999999998																																									-2	142.14	-2	141.04	-2	139.28	-2	139.9									-2	140.9	-2	146.5	-2	139.56	-2	148.54
62	uEa	yea	2	74	0	40			-2	209.98	-2	247.36	-2	289.6			2	193.38	2	219.4	2	294.44																															-2	136.62													-2	139.92000000000002	-2	144.02													-2	130.54	-2	146.89999999999998																																																																
64	OAi	oai	2	76	0	40	2	179.12	2	211.98	2	249.36	2	291.6					-2	217.4	-2	292.44																																																																																																															-2	137.9													-2	137.56	-2	146.54
65	iiO	iio			2	42	2	181.12	2	213.98	2	251.36	2	293.6					-2	215.4	-2	290.44																																																									-2	139.56	-2	142.78	-2	128.54	-2	144.89999999999998																																																																
67	aIo	aio			2	44							-2	291.6	2	176.0	2	195.38	2	217.4	2	292.44																																																									-2	137.56	-2	140.78	-2	126.53999999999999	-2	142.89999999999998																																																													-2	135.56	-2	144.54
68	uuo	yuo	2	78	0	44			-2	211.98	-2	249.36	-2	289.6							2	294.44																											-2	139.7	-2	137.54	-2	134.62											-2	139.42	-2	137.92000000000002	-2	142.02											-2	138.78	-2	124.53999999999999	-2	140.89999999999998																																																																
70	Aye	Aue			2	46			2	213.98	2	251.36	2	291.6							-2	292.44																													-2	135.54	-2	132.62													-2	135.92000000000002	-2	140.02													-2	122.53999999999999	-2	138.89999999999998																																																									-2	138.9	-2	144.5	-2	133.56	-2	142.54
72	yiO	uio	2	80	0	46	2	183.12	2	215.98	2	253.36	2	293.6					-2	215.4	-2	290.44																																																									-2	135.56	-2	136.78	-2	120.53999999999999	-2	136.89999999999998																																																													-2	131.56	-2	140.54
73	oIo	Oio	2	82	0	46	-2	181.12	-2	213.98	-2	251.36	-2	291.6	2	178.0	2	197.38	2	217.4	2	292.44											-2	145.52			-2	135.5											-2	137.7			-2	130.62											-2	137.42			-2	138.02									-2	133.56	-2	134.78	-2	118.53999999999999	-2	134.89999999999998																																																																
74	iO	io			2	48	2	183.12	2	215.98	2	253.36	2	293.6					-2	215.4	-2	290.44																																																									-2	131.56	-2	132.78	-2	116.53999999999999	-2	132.89999999999998																																																																
75	aoa	Aoa	2	84	0	48			-2	213.98	-2	251.36	-2	291.6							2	292.44																									-2	144.1	-2	135.7	-2	133.54	-2	128.62									-2	139.68	-2	135.42	-2	133.92000000000002	-2	136.02									-2	129.56	-2	130.78	-2	114.53999999999999	-2	130.89999999999998																																																																
76	OOO	ooo	2	86	0	48	2	185.12	2	215.98	2	253.36	2	293.6					-2	213.4	-2	290.44																																																																																																																																
77	Eou	eou	2	88	0	48					-2	251.36	-2	291.6			2	199.38	2	215.4	2	292.44																																									-2	137.68	-2	133.42	-2	131.92000000000002	-2	134.02									-2	127.56	-2	128.78	-2	112.53999999999999	-2	128.89999999999998																																																																
78	EEo	Eeo			2	50					-2	249.36	-2	289.6			2	201.38	2	217.4	2	294.44																																									-2	135.68	-2	131.42	-2	129.92000000000002	-2	132.02									-2	125.56	-2	126.78	-2	110.53999999999999	-2	126.89999999999998																									-2	146.62	-2	144.22	-2	146.4	-2	144.78									-2	140.14	-2	139.04	-2	137.28	-2	135.9									-2	136.9	-2	142.5	-2	129.56	-2	138.54
79	iyy	iuu			2	52			2	217.98	2	251.36	2	291.6							-2	292.44																																																													-2	108.53999999999999	-2	124.89999999999998																																																																
80	yiO	yio			2	54	2	187.12	2	219.98	2	253.36	2	293.6					-2	215.4	-2	290.44																											-2	133.7			-2	126.62											-2	129.42			-2	130.02									-2	123.56	-2	124.78	-2	106.53999999999999	-2	122.89999999999998																																																																
81	uEa	yea	2	90	0	54			-2	217.98	-2	251.36	-2	291.6			2	203.38	2	217.4	2	292.44																															-2	124.62													-2	127.92000000000002	-2	128.02													-2	104.53999999999999	-2	120.89999999999998																																																																
83	EaE	eae	2	92	0	54					-2	249.36	-2	289.6			2	205.38	2	219.4	2	294.44																																													-2	125.92000000000002	-2	126.02000000000001													-2	102.53999999999999	-2	118.89999999999998																																																									-2	134.9	-2	140.5	-2	127.56	-2	136.54
84	Oye	Oue			2	56			2	219.98	2	251.36	2	291.6							-2	292.44													-2	134.2	-2	133.5													-2	131.54	-2	122.62													-2	123.92000000000002	-2	124.02000000000001													-2	100.53999999999999	-2	116.89999999999998																																																									-2	132.9	-2	138.5	-2	125.56	-2	134.54
85	yAA	uaa	2	94	0	56			2	221.98	2	253.36	2	293.6							-2	290.44																																																																																																																																
86	OiA	Oia			2	58			2	223.98	2	255.36	2	295.6							-2	288.44															-2	131.5															-2	120.62															-2	122.02000000000001													-2	98.53999999999999	-2	114.89999999999998																																																																
87	aEI	aei			2	60					-2	253.36	-2	293.6	2	180.0	2	207.38	2	221.4	2	290.44																																																																																																																									-2	130.9	-2	136.5	-2	123.56	-2	132.54
88	EEI	eei	2	96	0	60					-2	251.36	-2	291.6	2	182.0	2	209.38	2	223.4	2	292.44																																																																																																																																
89	aaI	aai			2	62							-2	289.6	2	184.0	2	211.38	2	225.4	2	294.44																																																																																																																													-2	121.56	-2	130.54
90	Oi	oi	2	98	0	62	2	189.12	2	225.98	2	253.36	2	291.6					-2	223.4	-2	292.44																																																																																																													-2	135.28	-2	133.9													-2	119.56	-2	128.54
92	aEI	aei			2	64					-2	251.36	-2	289.6	2	186.0	2	213.38	2	225.4	2	294.44																																																																																																																									-2	128.9	-2	134.5	-2	117.56	-2	126.53999999999999
93	OAy	Oau			2	66			2	227.98	2	253.36	2	291.6							-2	292.44													-2	132.2	-2	129.5													-2	129.54	-2	118.62													-2	121.92000000000002	-2	120.02000000000001													-2	96.53999999999999	-2	112.89999999999998																																																																
94	yy	uu	2	100	0	66			2	229.98	2	255.36	2	293.6							-2	290.44																																																																																																																																
95	yAA	yaa			2	68			2	231.98	2	257.36	2	295.6							-2	288.44																													-2	127.53999999999999	-2	116.62													-2	119.92000000000002	-2	118.02000000000001													-2	94.53999999999999	-2	110.89999999999998																																																																
96	Eo	eo	2	102	0	68					-2	255.36	-2	293.6			2	215.38	2	227.4	2	290.44																																									-2	133.68	-2	127.41999999999999	-2	117.92000000000002	-2	116.02000000000001									-2	121.56	-2	122.78	-2	92.53999999999999	-2	108.89999999999998																																																																
97	EIu	Eiu			2	70							-2	291.6	2	188.0	2	217.38	2	229.4	2	292.44																																																													-2	90.53999999999999	-2	106.89999999999998																													-2	144.4	-2	142.78													-2	133.28	-2	131.9													-2	115.56	-2	124.53999999999999
98	AAi	aai	2	104	0	70			2	233.98	2	257.36	2	293.6							-2	290.44																																																																																																																													-2	113.56	-2	122.53999999999999
99	uuE	yue	2	106	0	70			-2	231.98	-2	255.36	-2	291.6			2	219.38	2	231.4	2	292.44																													-2	125.53999999999999	-2	114.62													-2	115.92000000000002	-2	114.02000000000001													-2	88.53999999999999	-2	104.89999999999998																																																									-2	126.9	-2	132.5	-2	111.56	-2	120.53999999999999
100	OAi	oai	2	108	0	70	2	191.12	2	233.98	2	257.36	2	293.6					-2	229.4	-2	290.44																																																																																																															-2	129.9													-2	109.56	-2	118.53999999999999
101	eey	eeu			2	72			2	235.98	2	259.36	2	295.6							-2	288.44																																													-2	113.92000000000002	-2	112.02000000000001													-2	86.53999999999999	-2	102.89999999999998																																																																
102	ooI	Ooi	2	110	0	72	-2	189.12	-2	233.98	-2	257.36	-2	293.6	2	190.0	2	221.38	2	231.4	2	290.44									-2	145.86	-2	143.52	-2	130.2	-2	127.5									-2	142.1	-2	131.7	-2	123.53999999999999	-2	112.62									-2	131.68	-2	125.41999999999999	-2	111.92000000000002	-2	110.02000000000001									-2	119.56	-2	120.78	-2	84.53999999999999	-2	100.89999999999998																																													-2	131.28	-2	127.9													-2	107.56	-2	116.53999999999999
103	Eaa	eaa	2	112	0	72					-2	255.36	-2	291.6			2	223.38	2	233.4	2	292.44																																													-2	109.92000000000002	-2	108.02000000000001													-2	82.53999999999999	-2	98.89999999999998																																																																
104	AeO	aeo	2	114	0	72	2	191.12	2	235.98	2	257.36	2	293.6					-2	231.4	-2	290.44																																									-2	129.68	-2	123.41999999999999	-2	107.92000000000002	-2	106.02000000000001									-2	117.56	-2	118.78	-2	80.53999999999999	-2	96.89999999999998																																																									-2	124.9	-2	130.5	-2	105.56	-2	114.53999999999999
105	IEa	iea	2	116	0	72					-2	255.36	-2	291.6	2	192.0	2	225.38	2	233.4	2	292.44																																													-2	105.92000000000002	-2	104.02000000000001													-2	78.53999999999999	-2	94.89999999999998																																																																
107	EuI	eui	2	118	0	72					-2	253.36	-2	289.6	2	194.0	2	227.38	2	235.4	2	294.44																																													-2	103.92000000000002	-2	102.02000000000001													-2	76.53999999999999	-2	92.89999999999998																																																													-2	103.56	-2	112.53999999999999
108	OiA	oia	2	120	0	72	2	193.12	2	237.98	2	255.36	2	291.6					-2	233.4	-2	292.44																																																													-2	74.53999999999999	-2	90.89999999999998																																													-2	129.28	-2	125.9													-2	101.56	-2	110.53999999999999
109	OeA	Oea			2	74			2	239.98	2	257.36	2	293.6							-2	290.44															-2	125.5															-2	110.62													-2	101.92000000000002	-2	100.02000000000001													-2	72.53999999999999	-2	88.89999999999998																																																																
110	oaE	oae			2	76					-2	255.36	-2	291.6			2	229.38	2	235.4	2	292.44																																																																																																											-2	137.04			-2	123.9									-2	122.9	-2	128.5	-2	99.56	-2	108.53999999999999
111	iiA	iia			2	78			2	241.98	2	257.36	2	293.6							-2	290.44																																																													-2	70.53999999999999	-2	86.89999999999998																																																																
112	oII	oii			2	80							-2	291.6	2	196.0	2	231.38	2	237.4	2	292.44																																																																																																													-2	127.28	-2	121.9													-2	97.56	-2	106.53999999999999
113	eey	eeu			2	82			2	243.98	2	259.36	2	293.6							-2	290.44																																													-2	99.92000000000002	-2	98.02000000000001													-2	68.53999999999999	-2	84.89999999999998																																																																
114	uIo	uio			2	84							-2	291.6	2	198.0	2	233.38	2	239.4	2	292.44																																																									-2	115.56	-2	116.78	-2	66.53999999999999	-2	82.89999999999998																																																													-2	95.56	-2	104.53999999999999
115	Oy	Ou			2	86			2	245.98	2	261.36	2	293.6							-2	290.44													-2	128.2	-2	123.5													-2	121.53999999999999	-2	108.62													-2	97.92000000000002	-2	96.02000000000001													-2	64.53999999999999	-2	80.89999999999998																																																																
117	aau	Aau	2	122	0	86			-2	243.98	-2	259.36	-2	291.6							2	292.44																													-2	119.53999999999999	-2	106.62													-2	95.92000000000002	-2	94.02000000000001													-2	62.53999999999999	-2	78.89999999999998																																																																
118	eey	Eeu	2	124	0	86			2	245.98	2	261.36	2	293.6			-2	231.38	-2	237.4	-2	290.44																																													-2	93.92000000000002	-2	92.02000000000001													-2	60.53999999999999	-2	76.89999999999998																									-2	144.62	-2	142.22	-2	142.4	-2	140.78									-2	138.14	-2	135.04	-2	125.28	-2	119.9									-2	120.9	-2	126.5	-2	93.56	-2	102.53999999999999
119	uua	yua	2	126	0	86			-2	243.98	-2	259.36	-2	291.6							2	292.44																													-2	117.53999999999999	-2	104.62													-2	91.92000000000002	-2	90.02000000000001													-2	58.53999999999999	-2	74.89999999999998																																																																
120	ieO	ieo			2	88	2	195.12	2	245.98	2	261.36	2	293.6					-2	235.4	-2	290.44																																									-2	127.68	-2	121.41999999999999	-2	89.92000000000002	-2	88.02000000000001									-2	113.56	-2	114.78	-2	56.53999999999999	-2	72.89999999999998																																																																
121	aI	Ai	2	128	0	88			-2	243.98	-2	259.36	-2	291.6	2	200.0	2	233.38	2	237.4	2	292.44																																																																																																																																
122	Oyi	Oui			2	90			2	245.98	2	261.36	2	293.6							-2	290.44													-2	126.19999999999999	-2	121.5													-2	115.53999999999999	-2	102.62													-2	87.92000000000002	-2	86.02000000000001													-2	54.53999999999999	-2	70.89999999999998																																																													-2	91.56	-2	100.53999999999999
123	ouo	Ouo	2	130	0	90	-2	193.12	-2	243.98	-2	259.36	-2	291.6					2	239.4	2	292.44											-2	141.52	-2	124.19999999999999	-2	119.5											-2	129.7	-2	113.53999999999999	-2	100.62											-2	119.41999999999999	-2	85.92000000000002	-2	84.02000000000001											-2	112.78	-2	52.53999999999999	-2	68.89999999999998																																																																
124	yiO	uio	2	132	0	90	2	195.12	2	245.98	2	261.36	2	293.6					-2	237.4	-2	290.44																																																									-2	111.56	-2	110.78	-2	50.53999999999999	-2	66.89999999999998																																																													-2	89.56	-2	98.53999999999999
125	ooa	Ooa	2	134	0	90	-2	193.12	-2	243.98	-2	259.36	-2	291.6					2	239.4	2	292.44									-2	143.86	-2	139.52	-2	122.19999999999999	-2	117.5									-2	140.1	-2	127.69999999999999	-2	111.53999999999999	-2	98.62									-2	125.68	-2	117.41999999999999	-2	83.92000000000002	-2	82.02000000000001									-2	109.56	-2	108.78	-2	48.53999999999999	-2	64.89999999999998																																																																
126	Eau	eau	2	136	0	90					-2	257.36	-2	289.6			2	235.38	2	241.4	2	294.44																																													-2	81.92000000000002	-2	80.02000000000001													-2	46.53999999999999	-2	62.89999999999998																																																																
127	iAi	iai			2	92			2	245.98	2	259.36	2	291.6							-2	292.44																																																													-2	44.53999999999999	-2	60.89999999999998																																																													-2	87.56	-2	96.53999999999999
128	eA	ea			2	94			2	247.98	2	261.36	2	293.6							-2	290.44																																													-2	79.92000000000002	-2	78.02000000000001													-2	42.53999999999999	-2	58.89999999999998																																																																
129	uEa	uea			2	96					-2	259.36	-2	291.6			2	237.38	2	243.4	2	292.44																																													-2	77.92000000000002	-2	76.02000000000001													-2	40.53999999999999	-2	56.89999999999998																																																									-2	118.9	-2	124.5	-2	85.56	-2	94.53999999999999
130	ooE	Ooe	2	138	0	96	-2	191.12	-2	245.98	-2	257.36	-2	289.6			2	239.38	2	245.4	2	294.44									-2	141.86	-2	137.52	-2	120.19999999999999	-2	115.5									-2	138.1	-2	125.69999999999999	-2	109.53999999999999	-2	96.62									-2	123.68	-2	115.41999999999999	-2	75.92000000000002	-2	74.02000000000001									-2	107.56	-2	106.78	-2	38.53999999999999	-2	54.89999999999998																																									-2	136.14	-2	133.04	-2	123.28	-2	117.9									-2	116.9	-2	122.5	-2	83.56	-2	92.53999999999999
131	eAi	eai			2	98			2	247.98	2	259.36	2	291.6							-2	292.44																																													-2	73.92000000000002	-2	72.02000000000001													-2	36.53999999999999	-2	52.89999999999998																																																													-2	81.56	-2	90.53999999999999
132	Eoa	eoa	2	140	0	98					-2	257.36	-2	289.6			2	241.38	2	247.4	2	294.44																																									-2	121.68	-2	113.41999999999999	-2	71.92000000000002	-2	70.02000000000001									-2	105.56	-2	104.78	-2	34.53999999999999	-2	50.89999999999998																																																																
133	Oee	oee	2	142	0	98	2	193.12	2	249.98	2	259.36	2	291.6					-2	245.4	-2	292.44																																																																																																									-2	134.14	-2	131.04	-2	121.28	-2	115.9									-2	114.9	-2	120.5	-2	79.56	-2	88.53999999999999
134	iyy	iuu			2	100			2	251.98	2	261.36	2	293.6							-2	290.44																																																													-2	32.53999999999999	-2	48.89999999999998																																																																
135	aIo	aio			2	102							-2	291.6	2	202.0	2	243.38	2	247.4	2	292.44																																																									-2	103.56	-2	102.78	-2	30.539999999999992	-2	46.89999999999998																																																													-2	77.56	-2	86.53999999999999
136	yiy	uiu	2	144	0	102			2	253.98	2	263.36	2	293.6							-2	290.44																																																													-2	28.539999999999992	-2	44.89999999999998																																																													-2	75.56	-2	84.53999999999999
138	iA	ia			2	104			2	255.98	2	265.36	2	295.6							-2	288.44																																																													-2	26.539999999999992	-2	42.89999999999998																																																																
139	ooa	Ooa	2	146	0	104	-2	191.12	-2	253.98	-2	263.36	-2	293.6					2	249.4	2	290.44									-2	139.86	-2	135.52	-2	118.19999999999999	-2	113.5									-2	136.1	-2	123.69999999999999	-2	107.53999999999999	-2	94.62									-2	119.68	-2	111.41999999999999	-2	69.92000000000002	-2	68.02000000000001									-2	101.56	-2	100.78	-2	24.539999999999992	-2	40.89999999999998																																																																
140	aII	aii			2	106							-2	291.6	2	204.0	2	245.38	2	251.4	2	292.44																																																																																																																													-2	73.56	-2	82.53999999999999
141	eAi	Eai	2	148	0	106			2	255.98	2	265.36	2	293.6			-2	243.38	-2	249.4	-2	290.44																																																																																															-2	138.78															-2	113.9													-2	71.56	-2	80.53999999999999
142	uuo	yuo	2	150	0	106			-2	253.98	-2	263.36	-2	291.6							2	292.44																											-2	121.69999999999999	-2	105.53999999999999	-2	92.62											-2	109.41999999999999	-2	67.92000000000002	-2	66.02000000000001											-2	98.78	-2	22.539999999999992	-2	38.89999999999998																																																																
143	Ay	Au			2	108			2	255.98	2	265.36	2	293.6							-2	290.44																													-2	103.53999999999999	-2	90.62													-2	65.92000000000002	-2	64.02000000000001													-2	20.539999999999992	-2	36.89999999999998																																																																
144	aa	Aa	2	152	0	108			-2	253.98	-2	263.36	-2	291.6							2	292.44																													-2	101.53999999999999	-2	88.62													-2	63.920000000000016	-2	62.02000000000001													-2	18.539999999999992	-2	34.89999999999998																																																																
145	OOy	Oou			2	110	2	193.12	2	255.98	2	265.36	2	293.6					-2	247.4	-2	290.44									-2	137.86	-2	133.52	-2	116.19999999999999	-2	111.5									-2	134.1	-2	119.69999999999999	-2	99.53999999999999	-2	86.62									-2	117.68	-2	107.41999999999999	-2	61.920000000000016	-2	60.02000000000001									-2	99.56	-2	96.78	-2	16.539999999999992	-2	32.89999999999998																																																																
146	ouI	Oui	2	154	0	110	-2	191.12	-2	253.98	-2	263.36	-2	291.6	2	206.0	2	245.38	2	249.4	2	292.44													-2	114.19999999999999	-2	109.5													-2	97.53999999999999	-2	84.62													-2	59.920000000000016	-2	58.02000000000001													-2	14.539999999999992	-2	30.899999999999977																																																													-2	69.56	-2	78.53999999999999
147	yAA	uaa	2	156	0	110			2	255.98	2	265.36	2	293.6							-2	290.44																																																																																																																																
148	uao	yao	2	158	0	110			-2	253.98	-2	263.36	-2	291.6							2	292.44																											-2	117.69999999999999	-2	95.53999999999999	-2	82.62											-2	105.41999999999999	-2	57.920000000000016	-2	56.02000000000001											-2	94.78	-2	12.539999999999992	-2	28.899999999999977																																																																
149	uEa	uea			2	112					-2	261.36	-2	289.6			2	247.38	2	251.4	2	294.44																																													-2	55.920000000000016	-2	54.02000000000001													-2	10.539999999999992	-2	26.899999999999977																																																									-2	112.9	-2	118.5	-2	67.56	-2	76.53999999999999
151	iAO	iao			2	114	2	193.12	2	255.98	2	263.36	2	291.6					-2	249.4	-2	292.44																																																											-2	92.78	-2	8.539999999999992	-2	24.899999999999977																																																																
152	Iu	iu	2	160	0	114							-2	289.6	2	208.0	2	249.38	2	251.4	2	294.44																																																													-2	6.539999999999992	-2	22.899999999999977																																																																
153	AOA	aoa	2	162	0	114	2	195.12	2	257.98	2	265.36	2	291.6					-2	249.4	-2	292.44																																																																																																																																
154	uEa	uea			2	116					-2	263.36	-2	289.6			2	251.38	2	251.4	2	294.44																																													-2	53.920000000000016	-2	52.02000000000001													-2	4.539999999999992	-2	20.899999999999977																																																									-2	110.9	-2	116.5	-2	65.56	-2	74.53999999999999
155	OOi	ooi	2	164	0	116	2	197.12	2	259.98	2	265.36	2	291.6					-2	249.4	-2	292.44																																																																																																													-2	119.28	-2	111.9													-2	63.56	-2	72.53999999999999
156	OyA	oua	2	166	0	116	2	199.12	2	261.98	2	267.36	2	293.6					-2	247.4	-2	290.44																																																																																																																																
157	aoE	aoe			2	118					-2	265.36	-2	291.6			2	253.38	2	249.4	2	292.44																																																																																																									-2	132.14	-2	129.04	-2	117.28	-2	109.9									-2	108.9	-2	114.5	-2	61.56	-2	70.53999999999999
159	iAO	iao			2	120	2	201.12	2	263.98	2	267.36	2	293.6					-2	247.4	-2	290.44																																																											-2	90.78	-2	2.539999999999992	-2	18.899999999999977																																																																
160	EEI	Eei			2	122					-2	265.36	-2	291.6	2	210.0	2	255.38	2	249.4	2	292.44																																																																																									-2	142.62	-2	140.22	-2	140.4	-2	136.78									-2	130.14	-2	127.03999999999999	-2	115.28	-2	107.9									-2	106.9	-2	112.5	-2	59.56	-2	68.53999999999999
161	iiA	iia			2	124			2	265.98	2	267.36	2	293.6							-2	290.44																																																													-2	0.539999999999992	-2	16.899999999999977																																																																
162	aEa	aea			2	126					-2	265.36	-2	291.6			2	257.38	2	251.4	2	292.44																																													-2	51.920000000000016	-2	50.02000000000001													-2	0	-2	14.899999999999977																																																									-2	104.9	-2	110.5	-2	57.56	-2	66.53999999999999
163	OOe	ooe	2	168	0	126	2	203.12	2	267.98	2	267.36	2	293.6					-2	249.4	-2	290.44																																																																																																									-2	128.14	-2	125.03999999999999	-2	113.28	-2	105.9									-2	102.9	-2	108.5	-2	55.56	-2	64.53999999999999
164	uuE	yue	2	170	0	126			-2	265.98	-2	265.36	-2	291.6			2	259.38	2	251.4	2	292.44																													-2	93.53999999999999	-2	80.62													-2	49.920000000000016	-2	48.02000000000001													-2	0	-2	12.899999999999977																																																									-2	100.9	-2	106.5	-2	53.56	-2	62.53999999999999
165	oIE	Oie	2	172	0	126	-2	201.12	-2	263.98	-2	263.36	-2	289.6	2	212.0	2	261.38	2	253.4	2	294.44																																																																																																																																
167	AAA	aaa	2	174	0	126			2	265.98	2	265.36	2	291.6							-2	292.44																																																																																																																																
168	OAy	Oau			2	128			2	267.98	2	267.36	2	293.6							-2	290.44													-2	112.19999999999999	-2	107.5													-2	91.53999999999999	-2	78.62													-2	47.920000000000016	-2	46.02000000000001													-2	0	-2	10.899999999999977																																																																
170	oua	Oua	2	176	0	128	-2	199.12	-2	265.98	-2	265.36	-2	291.6					2	255.4	2	292.44													-2	110.19999999999999	-2	105.5													-2	89.53999999999999	-2	76.62													-2	45.920000000000016	-2	44.02000000000001													-2	0	-2	8.899999999999977																																																																
171	yOA	uoa	2	178	0	128	2	201.12	2	267.98	2	267.36	2	293.6					-2	253.4	-2	290.44																																																																																																																																
172	ooa	Ooa	2	180	0	128	-2	199.12	-2	265.98	-2	265.36	-2	291.6					2	255.4	2	292.44									-2	135.86	-2	131.52	-2	108.19999999999999	-2	103.5									-2	132.1	-2	115.69999999999999	-2	87.53999999999999	-2	74.62									-2	115.68	-2	103.41999999999999	-2	43.920000000000016	-2	42.02000000000001									-2	97.56	-2	88.78	-2	0	-2	6.899999999999977																																																																
173	Oye	oue	2	182	0	128	2	201.12	2	267.98	2	267.36	2	293.6					-2	253.4	-2	290.44																																																																																																											-2	123.03999999999999			-2	103.9									-2	98.9	-2	104.5	-2	51.56	-2	60.53999999999999
174	yiy	yiu			2	130			2	269.98	2	269.36	2	295.6							-2	288.44																															-2	72.62															-2	40.02000000000001													-2	0	-2	4.899999999999977																																																																
175	uuI	yui	2	184	0	130			-2	267.98	-2	267.36	-2	293.6	2	214.0	2	263.38	2	255.4	2	290.44																													-2	85.53999999999999	-2	70.62													-2	41.920000000000016	-2	38.02000000000001													-2	0	-2	2.8999999999999773																																																													-2	49.56	-2	58.53999999999999
176	Ia	ia	2	186	0	130							-2	291.6	2	216.0	2	265.38	2	257.4	2	292.44																																																													-2	0	-2	0.8999999999999773																																																																
177	iAO	iao			2	132	2	203.12	2	269.98	2	269.36	2	293.6					-2	255.39999999999998	-2	290.44																																																											-2	86.78	-2	0	-2	0																																																																
178	Euu	euu	2	188	0	132					-2	267.36	-2	291.6			2	267.38	2	257.4	2	292.44																																													-2	39.920000000000016	-2	36.02000000000001													-2	0	-2	0																																																																
179	yyA	yua			2	134			2	271.98	2	269.36	2	293.6							-2	290.44																													-2	83.53999999999999	-2	68.62													-2	37.920000000000016	-2	34.02000000000001													-2	0	-2	0																																																																
180	aou	Aou	2	190	0	134			-2	269.98	-2	267.36	-2	291.6							2	292.44																									-2	130.1	-2	113.69999999999999	-2	81.53999999999999	-2	66.62									-2	113.68	-2	101.41999999999999	-2	35.920000000000016	-2	32.02000000000001									-2	95.56	-2	84.78	-2	0	-2	0																																																																
181	AOy	aou	2	192	0	134	2	205.12	2	271.98	2	269.36	2	293.6					-2	255.39999999999998	-2	290.44																																																																																																																																
182	oIa	oia			2	136							-2	291.6	2	218.0	2	269.38	2	257.4	2	292.44																																																													-2	0	-2	0																																													-2	111.28	-2	101.9													-2	47.56	-2	56.53999999999999
183	AeO	Aeo			2	138	2	207.12	2	273.98	2	271.36	2	293.6					-2	255.39999999999998	-2	290.44																											-2	111.69999999999999			-2	64.62									-2	111.68	-2	99.41999999999999	-2	33.920000000000016	-2	30.02000000000001									-2	93.56	-2	82.78	-2	0	-2	0																																																																
184	aau	Aau	2	194	0	138			-2	271.98	-2	269.36	-2	291.6							2	292.44																													-2	79.53999999999999	-2	62.620000000000005													-2	31.920000000000016	-2	28.02000000000001													-2	0	-2	0																																																																
185	uoI	uoi			2	140							-2	289.6	2	220.0	2	271.38	2	257.4	2	294.44																																																																																																													-2	109.28	-2	99.9													-2	45.56	-2	54.53999999999999
186	aIa	aia			2	142							-2	287.6	2	222.0	2	273.38	2	259.4	2	296.44																																																													-2	0	-2	0																																																													-2	43.56	-2	52.53999999999999
187	iiy	iiu			2	144			2	273.98	2	271.36	2	289.6							-2	294.44																																																													-2	0	-2	0																																																																
188	yey	ueu	2	196	0	144			2	275.98	2	273.36	2	291.6							-2	292.44																																													-2	29.920000000000016	-2	26.02000000000001													-2	0	-2	0																																																									-2	96.9	-2	102.5	-2	41.56	-2	50.53999999999999
189	IoI	ioi	2	198	0	144							-2	289.6	2	224.0	2	275.38	2	261.4	2	294.44																																																									-2	91.56	-2	80.78	-2	0	-2	0																																													-2	107.28	-2	97.9													-2	39.56	-2	48.53999999999999
190	yeO	ueo	2	200	0	144	2	209.12	2	277.98	2	275.36	2	291.6					-2	259.4	-2	292.44																																									-2	109.68	-2	97.41999999999999	-2	27.920000000000016	-2	24.02000000000001									-2	89.56	-2	78.78	-2	0	-2	0																																																									-2	94.9	-2	100.5	-2	37.56	-2	46.53999999999999
191	uaE	yae	2	202	0	144			-2	275.98	-2	273.36	-2	289.6			2	277.38	2	261.4	2	294.44																													-2	77.53999999999999	-2	60.620000000000005													-2	25.920000000000016	-2	22.02000000000001													-2	0	-2	0																																																									-2	92.9	-2	98.5	-2	35.56	-2	44.53999999999999
192	AeA	Aea			2	146			2	277.98	2	275.36	2	291.6							-2	292.44																															-2	58.620000000000005													-2	23.920000000000016	-2	20.02000000000001													-2	0	-2	0																																																																
194	yyA	yua			2	148			2	279.98	2	277.36	2	293.6							-2	290.44																													-2	75.53999999999999	-2	56.620000000000005													-2	21.920000000000016	-2	18.02000000000001													-2	0	-2	0																																																																
195	aE	Ae	2	204	0	148			-2	277.98	-2	275.36	-2	291.6			2	279.38	2	263.4	2	292.44																																																																																																																																
196	IuI	iui	2	206	0	148							-2	289.6	2	226.0	2	281.38	2	265.4	2	294.44																																																													-2	0	-2	0																																																													-2	33.56	-2	42.53999999999999
197	iey	ieu			2	150			2	279.98	2	277.36	2	291.6							-2	292.44																																													-2	19.920000000000016	-2	16.02000000000001													-2	0	-2	0																																																																
198	ei	Ei	2	208	0	150					2	279.36	2	293.6			-2	279.38	-2	263.4	-2	290.44																																																																																													-2	138.4	-2	134.78													-2	105.28	-2	95.9													-2	31.560000000000002	-2	40.53999999999999
199	uoI	yoi	2	210	0	150			-2	277.98	-2	277.36	-2	291.6	2	228.0	2	281.38	2	265.4	2	292.44																									-2	128.1	-2	109.69999999999999	-2	73.53999999999999	-2	54.620000000000005									-2	107.68	-2	95.41999999999999	-2	17.920000000000016	-2	14.02000000000001									-2	87.56	-2	76.78	-2	0	-2	0																																													-2	103.28	-2	93.9													-2	29.560000000000002	-2	38.53999999999999
200	iyi	iui			2	152			2	279.98	2	279.36	2	293.6							-2	290.44																																																													-2	0	-2	0																																																													-2	27.560000000000002	-2	36.53999999999999
202	aIE	aie			2	154					-2	277.36	-2	291.6	2	230.0	2	283.38	2	267.4	2	292.44																																																																																																																											-2	96.5	-2	25.560000000000002	-2	34.53999999999999
203	AAA	Aaa			2	156			2	281.98	2	279.36	2	293.6							-2	290.44																													-2	71.53999999999999	-2	52.620000000000005													-2	15.920000000000016	-2	12.02000000000001													-2	0	-2	0																																																																
204	oII	oii			2	158							-2	291.6	2	232.0	2	285.38	2	269.4	2	292.44																																																																																																													-2	101.28	-2	91.9													-2	23.560000000000002	-2	32.53999999999999
205	eiO	Eio	2	212	0	158	2	211.12	2	283.98	2	281.36	2	293.6			-2	283.38	-2	267.4	-2	290.44																																																									-2	85.56	-2	74.78	-2	0	-2	0																													-2	136.4	-2	132.78													-2	99.28	-2	89.9													-2	21.560000000000002	-2	30.539999999999992
206	uI	yi	2	214	0	158			-2	281.98	-2	279.36	-2	291.6	2	234.0	2	285.38	2	269.4	2	292.44																																																																																																																																
208	OeO	oeo	2	216	0	158	2	213.12	2	283.98	2	281.36	2	293.6					-2	267.4	-2	290.44																																									-2	105.68	-2	93.41999999999999	-2	13.920000000000016	-2	10.02000000000001									-2	83.56	-2	72.78	-2	0	-2	0																																									-2	126.13999999999999	-2	121.03999999999999	-2	97.28	-2	87.9									-2	90.9	-2	94.5	-2	19.560000000000002	-2	28.539999999999992
209	uuI	yui	2	218	0	158			-2	281.98	-2	279.36	-2	291.6	2	236.0	2	287.38	2	269.4	2	292.44																													-2	69.53999999999999	-2	50.620000000000005													-2	11.920000000000016	-2	8.02000000000001													-2	0	-2	0																																																													-2	17.560000000000002	-2	26.539999999999992
210	uEo	yeo	2	220	0	158			-2	279.98	-2	277.36	-2	289.6			2	289.38	2	271.4	2	294.44																											-2	107.69999999999999			-2	48.620000000000005									-2	103.68	-2	91.41999999999999	-2	9.920000000000016	-2	6.02000000000001									-2	81.56	-2	70.78	-2	0	-2	0																																																																
211	OOi	ooi	2	222	0	158	2	215.12	2	281.98	2	279.36	2	291.6					-2	269.4	-2	292.44																																																																																																													-2	95.28	-2	85.9													-2	15.560000000000002	-2	24.539999999999992
212	yiO	uio	2	224	0	158	2	217.12	2	283.98	2	281.36	2	293.6					-2	267.4	-2	290.44																																																									-2	79.56	-2	68.78	-2	0	-2	0																																																													-2	13.560000000000002	-2	22.539999999999992
213	aE	ae			2	160					-2	279.36	-2	291.6			2	291.38	2	269.4	2	292.44																																																																																																																									-2	88.9	-2	92.5	-2	11.560000000000002	-2	20.539999999999992
214	auu	Auu	2	226	0	160			-2	281.98	-2	277.36	-2	289.6							2	294.44																													-2	67.53999999999999	-2	46.620000000000005													-2	7.920000000000016	-2	4.02000000000001													-2	0	-2	0																																																																
215	Oye	oue	2	228	0	160	2	219.12	2	283.98	2	279.36	2	291.6					-2	267.4	-2	292.44																																																																																																											-2	119.03999999999999			-2	83.9									-2	86.9	-2	90.5	-2	9.560000000000002	-2	18.539999999999992
216	yAA	yaa			2	162			2	285.98	2	281.36	2	293.6							-2	290.44																													-2	65.53999999999999	-2	44.620000000000005													-2	5.920000000000016	-2	2.0200000000000102													-2	0	-2	0																																																																
217	EEa	eea	2	230	0	162					-2	279.36	-2	291.6			2	293.38	2	269.4	2	292.44																																													-2	3.920000000000016	-2	0.020000000000010232													-2	0	-2	0																																																																
218	yey	yeu			2	164			2	287.98	2	281.36	2	293.6							-2	290.44																															-2	42.620000000000005													-2	1.920000000000016	-2	0													-2	0	-2	0																																																																
219	EEI	Eei			2	166					-2	279.36	-2	291.6	2	238.0	2	295.38	2	271.4	2	292.44																																																																																									-2	140.62	-2	138.22	-2	134.4	-2	130.78									-2	124.13999999999999	-2	117.03999999999999	-2	93.28	-2	81.9									-2	84.9	-2	88.5	-2	7.560000000000002	-2	16.539999999999992
221	AyO	auo	2	232	0	166	2	221.12	2	289.98	2	281.36	2	293.6					-2	269.4	-2	290.44																																																																																																																																
222	aIE	aie			2	168					-2	279.36	-2	291.6	2	240.0	2	297.38	2	271.4	2	292.44																																																																																																																											-2	86.5	-2	5.560000000000002	-2	14.539999999999992
225	eaa	Eaa	2	234	0	168					2	281.36	2	293.6			-2	295.38	-2	269.4	-2	290.44																																													2	3.920000000000016	2	2													2	2	2	2																																																																
226	oaE	oae			2	170					-2	279.36	-2	291.6			2	297.38	2	271.4	2	292.44																																																																																																											-2	115.03999999999999			-2	79.9									-2	82.9	-2	84.5	-2	3.5600000000000023	-2	12.539999999999992
227	euo	Euo	2	236	0	170					2	281.36	2	293.6			-2	295.38	-2	269.4	-2	290.44																																											2	93.41999999999999	2	5.920000000000016	2	4											2	70.78	2	4	2	4																																																																
229	OOO	ooo	2	238	0	170	2	223.12	2	291.98	2	283.36	2	295.6					-2	267.4	-2	288.44																																																																																																																																
230	uoe	yoe	2	240	0	170			-2	289.98	-2	281.36	-2	293.6							2	290.44																									-2	126.1	-2	105.69999999999999	-2	63.53999999999999	-2	40.620000000000005									-2	101.68	-2	91.41999999999999	-2	3.920000000000016	-2	2									-2	77.56	-2	68.78	-2	2	-2	2																																																											2	86.5			2	14.539999999999992
232	euo	Euo	2	242	0	170					2	283.36	2	295.6			-2	293.38	-2	265.4	-2	288.44																																											2	93.41999999999999	2	5.920000000000016	2	4											2	70.78	2	4	2	4																																																																
233	oIE	oie			2	172					-2	281.36	-2	293.6	2	242.0	2	295.38	2	267.4	2	290.44																																																																																																											-2	113.03999999999999	-2	91.28	-2	77.9											-2	84.5	-2	1.5600000000000023	-2	12.539999999999992
234	uoo	yoo	2	244	0	172			-2	287.98	-2	279.36	-2	291.6							2	292.44																									-2	124.1	-2	103.69999999999999	-2	61.53999999999999	-2	38.620000000000005									-2	99.68	-2	91.41999999999999	-2	3.920000000000016	-2	2									-2	75.56	-2	68.78	-2	2	-2	2																																																																
235	iyi	iui			2	174			2	289.98	2	281.36	2	293.6							-2	290.44																																																													-2	0	-2	0																																																													-2	0	-2	10.539999999999992
236	EoI	eoi	2	246	0	174					-2	279.36	-2	291.6	2	244.0	2	297.38	2	269.4	2	292.44																																									-2	97.68	-2	89.41999999999999	-2	1.920000000000016	-2	0									-2	73.56	-2	66.78	-2	0	-2	0																																													-2	89.28	-2	75.9													-2	0	-2	8.539999999999992
241	OyO	Ouo			2	176	2	225.12	2	291.98	2	281.36	2	293.6					-2	267.4	-2	290.44											-2	129.52	-2	106.19999999999999	-2	101.5											-2	101.69999999999999	-2	59.53999999999999	-2	36.620000000000005											-2	87.41999999999999	-2	0	-2	0											-2	64.78	-2	0	-2	0																																																																
242	oEa	oea			2	178					-2	279.36	-2	291.6			2	299.38	2	269.4	2	292.44																																													-2	0	-2	0													-2	0	-2	0																																									-2	122.13999999999999	-2	111.03999999999999	-2	87.28	-2	73.9									-2	80.9	-2	82.5	-2	0	-2	6.539999999999992
243	uuu	yuu	2	248	0	178			-2	289.98	-2	277.36	-2	289.6							2	294.44																													-2	57.53999999999999	-2	34.620000000000005													-2	0	-2	0													-2	0	-2	0																																																																
244	Oiy	oiu	2	250	0	178	2	227.12	2	291.98	2	279.36	2	291.6					-2	267.4	-2	292.44																																																													-2	0	-2	0																																													-2	85.28	-2	71.9													-2	0	-2	4.539999999999992
245	OiA	oia	2	252	0	178	2	229.12	2	293.98	2	281.36	2	293.6					-2	265.4	-2	290.44																																																													-2	0	-2	0																																													-2	83.28	-2	69.9													-2	0	-2	2.539999999999992
246	aoa	Aoa	2	254	0	178			-2	291.98	-2	279.36	-2	291.6							2	292.44																									-2	122.1	-2	99.69999999999999	-2	55.53999999999999	-2	32.620000000000005									-2	95.68	-2	85.41999999999999	-2	0	-2	0									-2	71.56	-2	62.78	-2	0	-2	0																																																																
247	eaa	Eaa	2	256	0	178					2	281.36	2	293.6			-2	297.38	-2	263.4	-2	290.44																																													2	2	2	2													2	2	2	2																																																																
248	oIE	oie			2	180					-2	279.36	-2	291.6	2	246.0	2	299.38	2	265.4	2	292.44																																																																																																											-2	109.03999999999999	-2	81.28	-2	67.9											-2	80.5	-2	0	-2	0.539999999999992
251	oei	Oei	2	258	0	180	-2	227.12	-2	289.98	-2	277.36	-2	289.6					2	267.4	2	294.44																																																																																																									2	124.13999999999999	2	111.03999999999999	2	83.28	2	69.9									2	82.9	2	82.5	2	2	2	2.539999999999992
254	OOy	Oou			2	182	2	229.12	2	291.98	2	279.36	2	291.6					-2	265.4	-2	292.44									-2	133.86	-2	127.52000000000001	-2	104.19999999999999	-2	99.5									-2	120.1	-2	97.69999999999999	-2	53.53999999999999	-2	30.620000000000005									-2	93.68	-2	83.41999999999999	-2	0	-2	0									-2	69.56	-2	60.78	-2	0	-2	0																																																																
255	yAA	uaa	2	260	0	182			2	293.98	2	281.36	2	293.6							-2	290.44																																																																																																																																
260	Oy	ou	2	262	0	182	2	231.12	2	295.98	2	283.36	2	295.6					-2	263.4	-2	288.44																																																																																																																																
261	aoa	Aoa	2	264	0	182			-2	293.98	-2	281.36	-2	293.6							2	290.44																									-2	118.1	-2	95.69999999999999	-2	51.53999999999999	-2	28.620000000000005									-2	91.68	-2	81.41999999999999	-2	0	-2	0									-2	67.56	-2	58.78	-2	0	-2	0																																																																
263	aia	Aia	2	266	0	182			-2	291.98	-2	279.36	-2	291.6							2	292.44																															-2	26.620000000000005															-2	0																																																																													2	4	2	4.539999999999992
264	aoo	Aoo	2	268	0	182			-2	289.98	-2	277.36	-2	289.6							2	294.44																									-2	116.1	-2	93.69999999999999	-2	49.53999999999999	-2	24.620000000000005									-2	89.68	-2	79.41999999999999	-2	0	-2	0									-2	65.56	-2	56.78	-2	0	-2	0																																																																
265	yAy	uau	2	270	0	182			2	291.98	2	279.36	2	291.6							-2	292.44																																																																																																																																
266	aio	Aio	2	272	0	182			-2	289.98	-2	277.36	-2	289.6							2	294.44																											-2	91.69999999999999			-2	22.620000000000005											-2	77.41999999999999			-2	0																																																																													2	6	2	6.539999999999992
267	AOi	aoi	2	274	0	182	2	233.12	2	291.98	2	279.36	2	291.6					-2	261.4	-2	292.44																																																																																																													-2	81.28	-2	67.9													-2	4	-2	4.539999999999992
269	eie	Eie	2	276	0	182					2	281.36	2	293.6			-2	297.38	-2	259.4	-2	290.44																																																																																											-2	136.22	-2	132.4	-2	128.78											-2	109.03999999999999	-2	79.28	-2	65.9											-2	80.5	-2	2	-2	2.539999999999992
271	oii	Oii	2	278	0	182	-2	231.12	-2	289.98	-2	279.36	-2	291.6					2	261.4	2	292.44																																																																																																													2	81.28	2	67.9													2	4	2	4.539999999999992
272	OiO	Oio			2	184	2	233.12	2	291.98	2	281.36	2	293.6					-2	259.4	-2	290.44											-2	125.52000000000001			-2	97.5											-2	89.69999999999999			-2	20.620000000000005											-2	75.41999999999999			-2	0									-2	63.56	-2	54.78	-2	0	-2	0																																																																
274	eua	Eua	2	280	0	184					2	283.36	2	295.6			-2	295.38	-2	257.4	-2	288.44																																													2	2	2	2													2	2	2	2																																																																
275	EuI	Eui			2	186							-2	293.6	2	248.0	2	297.38	2	259.4	2	290.44																																																																																															-2	126.78															-2	65.9													-2	2	-2	2.539999999999992
276	uIo	uio			2	188							-2	291.6	2	250.0	2	299.38	2	261.4	2	292.44																																																									-2	61.56	-2	52.78	-2	0	-2	0																																																													-2	0	-2	0.539999999999992
277	OAe	Oae			2	190			2	293.98	2	285.36	2	293.6							-2	290.44													-2	102.19999999999999	-2	95.5													-2	47.53999999999999	-2	18.620000000000005													-2	0	-2	0													-2	0	-2	0																																																									-2	80.9	-2	78.5	-2	0	-2	0
278	oie	Oie	2	282	0	190	-2	231.12	-2	291.98	-2	283.36	-2	291.6					2	263.4	2	292.44																																																																																																											2	111.03999999999999	2	83.28	2	67.9											2	80.5	2	2	2	2
279	OOO	Ooo			2	192	2	233.12	2	293.98	2	285.36	2	293.6					-2	261.4	-2	290.44									-2	131.86	-2	123.52000000000001	-2	100.19999999999999	-2	93.5									-2	114.1	-2	87.69999999999999	-2	45.53999999999999	-2	16.620000000000005									-2	87.68	-2	73.41999999999999	-2	0	-2	0									-2	59.56	-2	50.78	-2	0	-2	0																																																																
280	ei	Ei	2	284	0	192					2	287.36	2	295.6			-2	297.38	-2	259.4	-2	288.44																																																																																													-2	130.4	-2	124.78													-2	81.28	-2	65.9													-2	0	-2	0
282	eoe	Eoe	2	286	0	192					2	289.36	2	297.6			-2	295.38	-2	257.4	-2	286.44																																									2	89.68	2	75.41999999999999	2	2	2	2									2	61.56	2	52.78	2	2	2	2																											-2	134.22			-2	122.78											-2	109.03999999999999			-2	63.900000000000006											-2	78.5			-2	0
286	auI	aui			2	194							-2	295.6	2	252.0	2	297.38	2	259.4	2	288.44																																																																																																																													-2	0	-2	0
287	oie	Oie	2	288	0	194	-2	231.12	-2	291.98	-2	287.36	-2	293.6					2	261.4	2	290.44																																																																																																											2	111.03999999999999	2	83.28	2	65.9											2	80.5	2	2	2	2
289	uoi	yoi	2	290	0	194			-2	289.98	-2	285.36	-2	291.6							2	292.44																									-2	112.1	-2	85.69999999999999	-2	43.53999999999999	-2	14.620000000000005									-2	87.68	-2	73.41999999999999	-2	0	-2	0									-2	59.56	-2	50.78	-2	0	-2	0																																																															2	4
292	ei	Ei	2	292	0	194					2	287.36	2	293.6			-2	295.38	-2	259.4	-2	290.44																																																																																													-2	128.4	-2	120.78													-2	81.28	-2	63.900000000000006													-2	0	-2	2
293	oi	Oi	2	294	0	194	-2	229.12	-2	287.98	-2	285.36	-2	291.6					2	261.4	2	292.44																																																																																																													2	83.28	2	65.9													2	2	2	4
295	uO	uo			2	196	2	231.12	2	289.98	2	287.36	2	293.6					-2	259.4	-2	290.44																																																																																																																	2	152.0	2	152.0	2	152.0	2	152.0	2	82.9	2	82.5	2	4	2	6
301	EoE	eoe	2	296	0	196					-2	285.36	-2	291.6			2	297.38	2	261.4	2	292.44																																									-2	85.68	-2	71.41999999999999	-2	0	-2	0									-2	57.56	-2	48.78	-2	0	-2	0																																									-2	122.13999999999999	-2	109.03999999999999	-2	81.28	-2	63.900000000000006									-2	80.9	-2	80.5	-2	2	-2	4
302	uAA	uaa			2	198			2	291.98	2	287.36	2	293.6							-2	290.44																																																																																																																					2	154.0	2	154.0	2	82.9	2	82.5	2	4	2	6
303	AOi	Aoi			2	200	2	233.12	2	293.98	2	289.36	2	295.6					-2	259.4	-2	288.44																									-2	110.1	-2	83.69999999999999	-2	41.53999999999999	-2	12.620000000000005									-2	83.68	-2	69.41999999999999	-2	0	-2	0									-2	55.56	-2	46.78	-2	0	-2	0																																													-2	79.28	-2	61.900000000000006													-2	2	-2	4
305	oii	Oii	2	298	0	200	-2	231.12	-2	291.98	-2	287.36	-2	293.6					2	261.4	2	290.44																																																																																																													2	81.28	2	63.900000000000006													2	4	2	6
306	EIu	Eiu			2	202							-2	291.6	2	254.0	2	299.38	2	263.4	2	292.44																																																													-2	0	-2	0																													-2	126.4	-2	118.78													-2	79.28	-2	61.900000000000006													-2	2	-2	4
307	eO	eo			2	204	2	233.12	2	293.98	2	289.36	2	293.6					-2	261.4	-2	290.44																																									-2	81.68	-2	67.41999999999999	-2	0	-2	0									-2	53.56	-2	44.78	-2	0	-2	0																																																																
309	eoe	Eoe	2	300	0	204					2	291.36	2	295.6			-2	297.38	-2	259.4	-2	288.44																																									2	83.68	2	69.41999999999999	2	2	2	2									2	55.56	2	46.78	2	2	2	2																											-2	132.22			-2	116.78											-2	107.03999999999999			-2	59.900000000000006											-2	80.5			-2	2
310	eeu	Eeu	2	302	0	204					2	293.36	2	297.6			-2	295.38	-2	257.4	-2	286.44																																																																																									-2	138.62	-2	130.22	-2	124.4	-2	114.78									-2	120.13999999999999	-2	105.03999999999999	-2	77.28	-2	57.900000000000006									-2	80.9	-2	78.5	-2	0	-2	0
311	uoE	uoe			2	206					-2	291.36	-2	295.6			2	297.38	2	259.4	2	288.44																																																																																																									-2	118.13999999999999	-2	103.03999999999999	-2	75.28	-2	55.900000000000006									-2	78.9	-2	76.5	-2	0	-2	0
319	AEE	Aee			2	208					-2	289.36	-2	293.6			2	299.38	2	261.4	2	290.44																					2	152.0	2	152.0	2	112.1	2	85.69999999999999	2	43.53999999999999	2	14.620000000000005					2	152.0	2	152.0	2	85.68	2	71.41999999999999	2	4	2	4					2	152.0	2	152.0	2	57.56	2	48.78	2	4	2	4																																																																
320	eeA	eea			2	210			2	295.98	2	291.36	2	295.6							-2	288.44																																													-2	2	-2	2													-2	2	-2	2																																																																
324	aEa	aea			2	212					-2	289.36	-2	293.6			2	301.38	2	263.4	2	290.44																																													-2	0	-2	0													-2	0	-2	0																																																									-2	76.9	-2	74.5	-2	0	-2	0
339	eue	Eue	2	304	0	212					2	291.36	2	295.6			-2	299.38	-2	261.4	-2	288.44																																													2	2	2	2													2	2	2	2																											-2	128.22			-2	112.78											-2	101.03999999999999			-2	53.900000000000006											-2	72.5			-2	0
363	AuE	Aue			2	214					-2	289.36	-2	293.6			2	301.38	2	263.4	2	290.44																							2	154.0			2	87.69999999999999			2	16.620000000000005							2	154.0			2	73.41999999999999			2	4							2	154.0			2	50.78			2	4																																																									-2	74.9	-2	70.5	-2	0	-2	0
433	eo	Eo	2	306	0	214					2	291.36	2	295.6			-2	299.38	-2	261.4	-2	288.44																																									2	87.68	2	75.41999999999999	2	4	2	6									2	59.56	2	52.78	2	4	2	6																																																																
446	AoI	Aoi			2	216							-2	293.6	2	256.0	2	301.38	2	263.4	2	290.44																			2	152.0			2	156.0			2	89.69999999999999			2	18.620000000000005			2	152.0			2	156.0			2	77.41999999999999			2	8			2	152.0			2	156.0			2	54.78			2	8																																													-2	73.28	-2	51.900000000000006													-2	0	-2	0
455	yAA	yaa			2	218			2	297.98	2	293.36	2	295.6							-2	288.44																													-2	41.53999999999999	-2	16.620000000000005													-2	2	-2	6													-2	2	-2	6																																																																
484	eIa	eia			2	220							-2	293.6	2	258.0	2	303.38	2	265.4	2	290.44																																	2	152.0	2	154.0	2	154.0	2	158.0	2	89.68	2	79.41999999999999	2	4	2	8	2	152.0	2	154.0	2	154.0	2	158.0	2	61.56	2	56.78			2	8																																																																
495	eue	Eue	2	308	0	220					2	295.36	2	295.6			-2	301.38	-2	263.4	-2	288.44																																													2	6	2	10													2	4	2	10																											-2	126.22			-2	110.78											-2	99.03999999999999			-2	49.900000000000006											-2	68.5			-2	0
511	oIa	oia			2	222							-2	293.6	2	260.0	2	303.38	2	265.4	2	290.44																																																													-2	2	-2	8																																													-2	71.28	-2	47.900000000000006													-2	0	-2	0
555	eOO	eoo			2	224	2	235.12	2	299.98	2	297.36	2	295.6					-2	263.4	-2	288.44																																									-2	87.68	-2	77.41999999999999	-2	4	-2	8									-2	59.56	-2	54.78	-2	0	-2	6																																																																
558	eua	Eua	2	310	0	224					2	299.36	2	297.6			-2	301.38	-2	261.4	-2	286.44																																													2	6	2	10													2	2	2	8																																																																
559	eaE	eae			2	226					-2	297.36	-2	295.6			2	303.38	2	263.4	2	288.44																																							2	160.0			2	79.41999999999999			2	12							2	160.0			2	56.78			2	10																																																									-2	72.9	-2	66.5	-2	0	-2	0
734	eoi	Eoi	2	312	0	226					2	299.36	2	297.6			-2	301.38	-2	261.4	-2	286.44																																									2	89.68	2	81.41999999999999	2	8	2	14									2	61.56	2	58.78	2	4	2	12																															-2	108.78															-2	45.900000000000006															-2	0
736	oEa	oea			2	228					-2	297.36	-2	295.6			2	303.38	2	263.4	2	288.44																																													-2	6	-2	12													-2	2	-2	10																																									-2	116.13999999999999	-2	97.03999999999999	-2	69.28	-2	43.900000000000006									-2	70.9	-2	64.5	-2	0	-2	0
803	oEu	oeu			2	230					-2	295.36	-2	293.6			2	305.38	2	265.4	2	290.44																																													-2	4	-2	10													-2	0	-2	8																																									-2	114.13999999999999	-2	95.03999999999999	-2	67.28	-2	41.900000000000006									-2	68.9	-2	62.5	-2	0	-2	0
841	eoe	Eoe	2	314	0	230					2	297.36	2	295.6			-2	303.38	-2	263.4	-2	288.44																																									2	91.68	2	83.41999999999999	2	6	2	12									2	63.56	2	60.78	2	2	2	10																											-2	124.22			-2	106.78											-2	93.03999999999999			-2	39.900000000000006											-2	60.5			-2	0
915	eoE	eoe			2	232					-2	295.36	-2	293.6			2	305.38	2	265.4	2	290.44																																							2	162.0			2	85.41999999999999			2	14							2	162.0			2	62.78			2	12																																									-2	112.13999999999999	-2	91.03999999999999	-2	65.28	-2	37.900000000000006									-2	66.9	-2	58.5	-2	0	-2	0
1445	aaE	aae			2	234					-2	293.36	-2	291.6			2	307.38	2	267.4	2	292.44																																																																																																																									-2	64.9	-2	56.5	-2	0	-2	0
2525	euu	Euu	2	316	0	234					2	295.36	2	293.6			-2	305.38	-2	265.4	-2	290.44																																													2	8	2	16													2	4	2	14																																																																
4976	OyA	Oua			2	236			2	301.98	2	297.36	2	295.6							-2	288.44													-2	98.19999999999999	-2	91.5													-2	39.53999999999999	-2	14.620000000000005													-2	6	-2	14													-2	2	-2	12																																																																
7069	ouE	oue			0.2	236.2					-0.2	297.16	-0.2	295.40000000000003			0.2	305.58	0.2	265.59999999999997	0.2	288.64																																																																																																											-0.2	90.83999999999999			-0.2	37.7									-0.2	64.7	-0.2	56.3	-0.2	0	-0.2	0
8944	yE	ye			0.2	236.39999999999998					-0.2	296.96000000000004	-0.2	295.20000000000005			0.2	305.78	0.2	265.79999999999995	0.2	288.84																					0.2	152.2	0.2	156.2	0.2	112.3	0.2	89.89999999999999	0.2	39.739999999999995	0.2	14.820000000000004					0.2	154.2	0.2	162.2	0.2	91.88000000000001	0.2	85.61999999999999	0.2	6.2	0.2	14.2					0.2	154.2	0.2	162.2	0.2	63.760000000000005	0.2	62.980000000000004	0.2	2.2	0.2	12.2																																																																
10005	eEo	eeo			0.02	236.42					-0.02	296.94000000000005	-0.02	295.18000000000006			0.02	305.79999999999995	0.02	265.81999999999994	0.02	288.85999999999996																																					0.02	154.22	0.02	162.22			0.02	85.63999999999999			0.02	14.219999999999999					0.02	154.22	0.02	162.22			0.02	63.00000000000001			0.02	12.219999999999999																																																																
12959	aEE	aee			0.02	236.44					-0.02	296.9200000000001	-0.02	295.1600000000001			0.02	305.81999999999994	0.02	265.8399999999999	0.02	288.87999999999994																																																																																																																									-0.02	64.68	-0.02	56.279999999999994	-0.02	0	-0.02	0
13226	eiu	Eiu	0.02	316.02	0	236.44					0.02	296.94000000000005	0.02	295.18000000000006			-0.02	305.79999999999995	-0.02	265.81999999999994	-0.02	288.85999999999996																																															0.02	14.239999999999998																																													-0.02	124.38000000000001	-0.02	106.76													-0.02	65.26	-0.02	37.68													-0.02	0	-0.02	0
15027	oEa	oea			0.002	236.442					-0.002	296.93800000000005	-0.002	295.17800000000005			0.002	305.80199999999996	0.002	265.82199999999995	0.002	288.86199999999997																																													-0.002	6.198	-0.002	14.237999999999998													-0.002	2.1980000000000004	-0.002	12.217999999999998																																									-0.002	112.13799999999999	-0.002	90.838	-0.002	65.25800000000001	-0.002	37.678									-0.002	64.67800000000001	-0.002	56.27799999999999	-0.002	0	-0.002	0
18168	EEE	Eee			0.002	236.44400000000002					-0.002	296.93600000000004	-0.002	295.17600000000004			0.002	305.804	0.002	265.82399999999996	0.002	288.864																																																																																									-0.002	138.618	-0.002	124.218	-0.002	124.37800000000001	-0.002	106.75800000000001									-0.002	112.136	-0.002	90.836	-0.002	65.25600000000001	-0.002	37.675999999999995									-0.002	64.67600000000002	-0.002	56.27599999999999	-0.002	0	-0.002	0
19577	OEu	Oeu			0.002	236.44600000000003					-0.002	296.934	-0.002	295.17400000000004			0.002	305.806	0.002	265.82599999999996	0.002	288.866					0.002	150.002	0.002	150.002	0.002	131.86200000000002	0.002	123.522	0.002	98.20199999999998	0.002	91.502					0.002	152.202	0.002	156.202	0.002	112.30199999999999	0.002	89.90199999999999	0.002	39.742	0.002	14.822000000000005					0.002	154.222	0.002	162.222	0.002	91.882	0.002	85.64199999999998			0.002	14.239999999999998					0.002	154.222	0.002	162.222	0.002	63.76200000000001	0.002	63.00200000000001			0.002	12.219999999999999																																																																
TOTAL				316.02		236.44600000000003		235.12		301.98		296.934		295.17400000000004		260.0		305.806		265.82599999999996		288.866		150.0		150.0		150.002		150.002		131.86200000000002		123.522		98.20199999999998		91.502		150.0		152.0		152.202		156.202		112.30199999999999		89.90199999999999		39.742		14.822000000000005		152.0		154.0		154.222		162.222		91.882		85.64199999999998		6.198		14.239999999999998		152.0		154.0		154.222		162.222		63.76200000000001		63.00200000000001		2.1980000000000004		12.219999999999999		150.0		150.0		150.0		150.0		150.0		150.0		150.0		150.0		150.0		150.0		150.0		150.0		138.618		124.218		124.37800000000001		106.75800000000001		150.0		150.0		150.0		150.0		112.136		90.836		65.25600000000001		37.675999999999995		152.0		152.0		154.0		154.0		64.67600000000002		56.27599999999999		0		0
