trialnum	Generated	Heard	Id(Bk)Syl1	now	Id(Bk)	now	*F1	now	*F3	now	*F4	now	*F5	now	*B1	now	*B2	now	*B3	now	*B5	now	*F1_B1	now	*F1..._B1	now	*F1_B2	now	*F1..._B2	now	*F1_B3	now	*F1..._B3	now	*F1_B5	now	*F1..._B5	now	*F3_B1	now	*F3..._B1	now	*F3_B2	now	*F3..._B2	now	*F3_B3	now	*F3..._B3	now	*F3_B5	now	*F3..._B5	now	*F4_B1	now	*F4..._B1	now	*F4_B2	now	*F4..._B2	now	*F4_B3	now	*F4..._B3	now	*F4_B5	now	*F4..._B5	now	*F5_B1	now	*F5..._B1	now	*F5_B2	now	*F5..._B2	now	*F5_B3	now	*F5..._B3	now	*F5_B5	now	*F5..._B5	now	*_B1F1	now	*_B1...F1	now	*_B1F3	now	*_B1...F3	now	*_B1F4	now	*_B1...F4	now	*_B1F5	now	*_B1...F5	now	*_B2F1	now	*_B2...F1	now	*_B2F3	now	*_B2...F3	now	*_B2F4	now	*_B2...F4	now	*_B2F5	now	*_B2...F5	now	*_B3F1	now	*_B3...F1	now	*_B3F3	now	*_B3...F3	now	*_B3F4	now	*_B3...F4	now	*_B3F5	now	*_B3...F5	now	*_B5F1	now	*_B5...F1	now	*_B5F3	now	*_B5...F3	now	*_B5F4	now	*_B5...F4	now	*_B5F5	now	*_B5...F5	now
				0		0		178.82		234.88		288.9		343.78		150.0		150.0		180.62		240.78		150.0		150.0		150.0		150.0		150.0		150.0		150.0		150.0		150.0		150.0		150.0		150.0		150.0		150.0		150.0		150.0		150.0		150.0		150.0		150.0		154.18		155.32		162.2		166.58		150.0		150.0		150.0		150.0		158.2		160.38		173.64		180.38		150.0		150.0		150.0		150.0		150.0		150.0		150.0		150.0		150.0		150.0		150.0		150.0		150.0		150.0		150.0		150.0		150.0		150.0		150.0		150.0		154.48		155.98		158.4		160.38		150.0		150.0		150.0		150.0		162.42		167.26		173.94		180.86
1	oau	OAy	2	2	2	2	-2	176.82	-2	232.88	-2	286.9	-2	341.78					2	182.62	2	242.78																																																																																																																																
2	uaa	yAA	2	4	2	4			-2	230.88	-2	284.9	-2	339.78							2	244.78																																																																																																																																
3	uIa	uia			2	6							-2	337.78	2	152.0	2	152.0	2	184.62	2	246.78																																																													-2	171.64	-2	178.38																																																													-2	171.94	-2	178.86
4	oaI	OAi	2	6	2	8	-2	174.82	-2	228.88	-2	282.9	-2	335.78	2	154.0	2	154.0	2	186.62	2	248.78																																																																																																																																
5	aIu	aiu			2	10							-2	333.78	2	156.0	2	156.0	2	188.62	2	250.78																																																													-2	169.64	-2	176.38																																																													-2	169.94	-2	176.86
6	EoI	eoi	2	8	2	12					-2	280.9	-2	331.78	2	158.0	2	158.0	2	190.62	2	252.78																																									-2	152.18	-2	153.32	-2	160.2	-2	164.58									-2	156.2	-2	158.38	-2	167.64	-2	174.38																																													-2	156.4	-2	158.38													-2	167.94	-2	174.86
7	uoI	uoi			2	14							-2	329.78	2	160.0	2	160.0	2	192.62	2	254.78																																																																																																													-2	154.4	-2	156.38													-2	165.94	-2	172.86
8	Iua	iyA	2	10	2	16			-2	226.88	-2	278.9	-2	327.78	2	162.0	2	162.0	2	194.62	2	256.78																																																																																																																																
9	aIa	aia			2	18							-2	325.78	2	164.0	2	164.0	2	196.62	2	258.78																																																													-2	165.64	-2	172.38																																																													-2	163.94	-2	170.86
10	EEI	eei	2	12	2	20					-2	276.9	-2	323.78	2	166.0	2	166.0	2	198.62	2	260.78																																																																																																																																
12	oI	oi			2	22							-2	321.78	2	168.0	2	168.0	2	200.62	2	262.78																																																																																																													-2	152.4	-2	154.38													-2	161.94	-2	168.86
13	Eou	eOy	2	14	2	24	-2	172.82	-2	224.88	-2	274.9	-2	319.78			2	170.0	2	202.62	2	264.78																																																																																																																																
14	uIE	uie			2	26					-2	272.9	-2	317.78	2	170.0	2	172.0	2	204.62	2	266.78																																																																																																																											-2	165.26	-2	159.94	-2	166.86
15	Eua	eua	2	16	2	28					-2	270.9	-2	315.78			2	174.0	2	206.62	2	268.78																																													-2	158.2	-2	162.58													-2	163.64	-2	170.38																																																																
16	Iaa	iAA	2	18	2	30			-2	222.88	-2	268.9	-2	313.78	2	172.0	2	176.0	2	208.62	2	270.78																																																																																																																																
17	uaa	yAA	2	20	2	32			-2	220.88	-2	266.9	-2	311.78							2	272.78																																																																																																																																
18	uIu	yiy	2	22	2	34			-2	218.88	-2	264.9	-2	309.78	2	174.0	2	178.0	2	210.62	2	274.78																																																																																																																																
19	oIE	Oie	2	24	2	36	-2	170.82	-2	216.88	-2	262.9	-2	307.78	2	176.0	2	180.0	2	212.62	2	276.78																																																																																																																																
20	IEu	iey	2	26	2	38			-2	214.88	-2	260.9	-2	305.78	2	178.0	2	182.0	2	214.62	2	278.78																																																																																																																																
22	aI	ai			2	40							-2	303.78	2	180.0	2	184.0	2	216.62	2	280.78																																																																																																																													-2	157.94	-2	164.86
23	oII	Oii	2	28	2	42	-2	168.82	-2	212.88	-2	258.9	-2	301.78	2	182.0	2	186.0	2	218.62	2	282.78																																																																																																																																
24	IIo	iio	2	30	2	44							-2	299.78	2	184.0	2	188.0	2	220.62	2	284.78																																																									-2	154.2	-2	156.38	-2	161.64	-2	168.38																																																																
25	aoo	AOO	2	32	2	46	-2	166.82	-2	210.88	-2	256.9	-2	297.78					2	222.62	2	286.78																																																																																																																																
26	Eo	eo	2	34	2	48					-2	254.89999999999998	-2	295.78			2	190.0	2	224.62	2	288.78																																									-2	150.18	-2	151.32	-2	156.2	-2	160.58									-2	152.2	-2	154.38	-2	159.64	-2	166.38																																																																
27	EoI	eoi	2	36	2	50					-2	252.89999999999998	-2	293.78	2	186.0	2	192.0	2	226.62	2	290.78																																									-2	148.18	-2	149.32	-2	154.2	-2	158.58									-2	150.2	-2	152.38	-2	157.64	-2	164.38																																													-2	150.4	-2	152.38													-2	155.94	-2	162.86
28	Eau	eAy	2	38	2	52			-2	208.88	-2	250.89999999999998	-2	291.78			2	194.0	2	228.62	2	292.78																																																																																																																																
29	Aie	aie	2	40	2	54			2	210.88	2	252.89999999999998	2	293.78							-2	290.78																																																																																																																											-2	163.26	-2	153.94	-2	160.86
30	uuI	uui			2	56							-2	291.78	2	188.0	2	196.0	2	230.62	2	292.78																																																																																																																													-2	151.94	-2	158.86
32	Eoo	eoo	2	42	2	58					-2	250.89999999999998	-2	289.78			2	198.0	2	232.62	2	294.78																																									-2	146.18	-2	147.32	-2	152.2	-2	156.58									-2	148.2	-2	150.38	-2	155.64	-2	162.38																																																																
34	OOe	ooe	2	44	2	60	2	168.82	2	212.88	2	252.89999999999998	2	291.78					-2	230.62	-2	292.78																																																																																																									-2	152.48	-2	153.98	-2	148.4	-2	150.38									-2	160.42	-2	161.26	-2	149.94	-2	156.86
35	yyO	uuo	2	46	2	62	2	170.82	2	214.88	2	254.89999999999998	2	293.78					-2	228.62	-2	290.78																																																																																																																																
36	Io	io	2	48	2	64							-2	291.78	2	190.0	2	200.0	2	230.62	2	292.78																																																									-2	146.2	-2	148.38	-2	153.64	-2	160.38																																																																
37	Euo	euo	2	50	2	66					-2	252.89999999999998	-2	289.78			2	202.0	2	232.62	2	294.78																																											-2	145.32	-2	150.2	-2	154.58											-2	146.38	-2	151.64	-2	158.38																																																																
41	OAO	oao	2	52	2	68	2	172.82	2	216.88	2	254.89999999999998	2	291.78					-2	230.62	-2	292.78																																																																																																																																
42	uIu	yiy	2	54	2	70			-2	214.88	-2	252.89999999999998	-2	289.78	2	192.0	2	204.0	2	232.62	2	294.78																																																																																																																																
43	eAO	eao			2	72	2	174.82	2	216.88	2	254.89999999999998	2	291.78					-2	230.62	-2	292.78																																											-2	143.32	-2	148.2	-2	152.58											-2	144.38	-2	149.64	-2	156.38																																																																
44	IEo	ieo	2	56	2	74					-2	252.89999999999998	-2	289.78	2	194.0	2	206.0	2	232.62	2	294.78																																									-2	144.18	-2	141.32	-2	146.2	-2	150.58									-2	144.2	-2	142.38	-2	147.64	-2	154.38																																																																
45	AOO	aoo	2	58	2	76	2	176.82	2	218.88	2	254.89999999999998	2	291.78					-2	230.62	-2	292.78																																																																																																																																
49	ou	Oy	2	60	2	78	-2	174.82	-2	216.88	-2	252.89999999999998	-2	289.78					2	232.62	2	294.78																																																																																																																																
50	yAO	uao	2	62	2	80	2	176.82	2	218.88	2	254.89999999999998	2	291.78					-2	230.62	-2	292.78																																																																																																																																
51	iyA	iua			2	82			2	220.88	2	256.9	2	293.78							-2	290.78																																																													-2	145.64	-2	152.38																																																																
52	EIu	eiy	2	64	2	84			-2	218.88	-2	254.89999999999998	-2	291.78	2	196.0	2	208.0	2	232.62	2	292.78																																																																																																																																
55	Ayi	aui	2	66	2	86			2	220.88	2	256.9	2	293.78							-2	290.78																																																																																																																													-2	147.94	-2	154.86
56	oE	Oe	2	68	2	88	-2	174.82	-2	218.88	-2	254.89999999999998	-2	291.78			2	210.0	2	234.62	2	292.78																																																																																																																																
57	uI	ui			2	90							-2	289.78	2	198.0	2	212.0	2	236.62	2	294.78																																																																																																																													-2	145.94	-2	152.86
61	Oyy	ouu	2	70	2	92	2	176.82	2	220.88	2	256.9	2	291.78					-2	234.62	-2	292.78																																																																																																																																
62	yy	uu	2	72	2	94			2	222.88	2	258.9	2	293.78							-2	290.78																																																																																																																																
63	ouo	OyO	2	74	2	96	-2	174.82	-2	220.88	-2	256.9	-2	291.78					2	236.62	2	292.78																																																																																																																																
64	IEo	ieO	2	76	2	98	-2	172.82	-2	218.88	-2	254.89999999999998	-2	289.78	2	200.0	2	214.0	2	238.62	2	294.78																																																																																																																																
65	Ai	ai	2	78	2	100			2	220.88	2	256.9	2	291.78							-2	292.78																																																																																																																													-2	143.94	-2	150.86
67	eiA	eia			2	102			2	222.88	2	258.9	2	293.78							-2	290.78																																															-2	148.58													-2	143.64	-2	150.38																																																																
68	EE	ee	2	80	2	104					-2	256.9	-2	291.78			2	216.0	2	240.62	2	292.78																																																																																																																																
70	Eo	eo	2	82	2	106					-2	254.89999999999998	-2	289.78			2	218.0	2	242.62	2	294.78																																									-2	142.18	-2	139.32	-2	144.2	-2	146.58									-2	142.2	-2	140.38	-2	141.64	-2	148.38																																																																
71	eOi	eoi			2	108	2	174.82	2	224.88	2	256.9	2	291.78					-2	240.62	-2	292.78																																									-2	140.18	-2	137.32	-2	142.2	-2	144.58									-2	140.2	-2	138.38	-2	139.64	-2	146.38																																													-2	146.4	-2	148.38													-2	141.94	-2	148.86
74	iOe	ioe			2	110	2	176.82	2	226.88	2	258.9	2	293.78					-2	238.62	-2	290.78																																																									-2	138.2	-2	136.38	-2	137.64	-2	144.38																																									-2	150.48	-2	151.98	-2	144.4	-2	146.38									-2	158.42	-2	159.26	-2	139.94	-2	146.86
75	Ioa	ioa	2	84	2	112							-2	291.78	2	202.0	2	220.0	2	240.62	2	292.78																																																									-2	136.2	-2	134.38	-2	135.64	-2	142.38																																																																
76	eAe	eae			2	114			2	228.88	2	260.9	2	293.78							-2	290.78																																													-2	140.2	-2	142.58													-2	133.64	-2	140.38																																																									-2	156.42	-2	157.26	-2	137.94	-2	144.86
77	uuI	uui			2	116							-2	291.78	2	204.0	2	222.0	2	242.62	2	292.78																																																																																																																													-2	135.94	-2	142.86
78	iye	iue			2	118			2	230.88	2	262.9	2	293.78							-2	290.78																																																													-2	131.64	-2	138.38																																																									-2	154.42	-2	155.26	-2	133.94	-2	140.86
79	IoI	ioi	2	86	2	120							-2	291.78	2	206.0	2	224.0	2	244.62	2	292.78																																																									-2	134.2	-2	132.38	-2	129.64	-2	136.38																																													-2	142.4	-2	144.38													-2	131.94	-2	138.86
80	yi	ui	2	88	2	122			2	232.88	2	264.9	2	293.78							-2	290.78																																																																																																																													-2	129.94	-2	136.86
81	EuI	eyi	2	90	2	124			-2	230.88	-2	262.9	-2	291.78	2	208.0	2	226.0	2	246.62	2	292.78																																																																																																																																
82	IEI	iei	2	92	2	126					-2	260.9	-2	289.78	2	210.0	2	228.0	2	248.62	2	294.78																																																																																																																																
85	yAi	uai	2	94	2	128			2	232.88	2	262.9	2	291.78							-2	292.78																																																																																																																													-2	127.94	-2	134.86
86	EI	ei	2	96	2	130					-2	260.9	-2	289.78	2	212.0	2	230.0	2	250.62	2	294.78																																																																																																																																
88	OyA	oua	2	98	2	132	2	178.82	2	234.88	2	262.9	2	291.78					-2	248.62	-2	292.78																																																																																																																																
89	aoI	AOi	2	100	2	134	-2	176.82	-2	232.88	-2	260.9	-2	289.78	2	214.0	2	232.0	2	250.62	2	294.78																																																																																																																																
90	eiO	eio			2	136	2	178.82	2	234.88	2	262.9	2	291.78					-2	248.62	-2	292.78																																											-2	135.32			-2	140.58									-2	132.2	-2	130.38	-2	127.63999999999999	-2	134.38																																																																
91	eyy	euu			2	138			2	236.88	2	264.9	2	293.78							-2	290.78																																													-2	138.2	-2	138.58													-2	125.63999999999999	-2	132.38																																																																
92	uEa	uea			2	140					-2	262.9	-2	291.78			2	234.0	2	250.62	2	292.78																																													-2	136.2	-2	136.58													-2	123.63999999999999	-2	130.38																																																									-2	152.42	-2	153.26	-2	125.94	-2	132.86
94	IoI	ioi	2	102	2	142							-2	289.78	2	216.0	2	236.0	2	252.62	2	294.78																																																									-2	130.2	-2	128.38	-2	121.63999999999999	-2	128.38																																													-2	140.4	-2	142.38													-2	123.94	-2	130.86
95	iAy	iau			2	144			2	238.88	2	264.9	2	291.78							-2	292.78																																																													-2	119.63999999999999	-2	126.38																																																																
97	aIE	Aie	2	104	2	146			-2	236.88	-2	262.9	-2	289.78	2	218.0	2	238.0	2	254.62	2	294.78																																																																																																																																
104	OO	oo	2	106	2	148	2	180.82	2	238.88	2	264.9	2	291.78					-2	252.62	-2	292.78																																																																																																																																
106	Ae	ae	2	108	2	150			2	240.88	2	266.9	2	293.78							-2	290.78																																																																																																																									-2	150.42	-2	151.26	-2	121.94	-2	128.86
107	uEI	yei	2	110	2	152			-2	238.88	-2	264.9	-2	291.78	2	220.0	2	240.0	2	254.62	2	292.78																																																																																																																																
108	oIu	oiu			2	154							-2	289.78	2	222.0	2	242.0	2	256.62	2	294.78																																																													-2	117.63999999999999	-2	124.38																																													-2	138.4	-2	140.38													-2	119.94	-2	126.86000000000001
109	OiO	oio	2	112	2	156	2	182.82	2	240.88	2	266.9	2	291.78					-2	254.62	-2	292.78																																																									-2	128.2	-2	126.38	-2	115.63999999999999	-2	122.38																																													-2	136.4	-2	138.38													-2	117.94	-2	124.86000000000001
110	Oey	oeu	2	114	2	158	2	184.82	2	242.88	2	268.9	2	293.78					-2	252.62	-2	290.78																																													-2	134.2	-2	134.58													-2	113.63999999999999	-2	120.38																																									-2	148.48	-2	149.98	-2	134.4	-2	136.38									-2	148.42	-2	149.26	-2	115.94	-2	122.86000000000001
111	IIu	iiu	2	116	2	160							-2	291.78	2	224.0	2	244.0	2	254.62	2	292.78																																																													-2	111.63999999999999	-2	118.38																																																																
112	OeO	oeo	2	118	2	162	2	186.82	2	244.88	2	270.9	2	293.78					-2	252.62	-2	290.78																																									-2	138.18	-2	133.32	-2	132.2	-2	132.58									-2	126.19999999999999	-2	124.38	-2	109.63999999999999	-2	116.38																																									-2	146.48	-2	147.98	-2	132.4	-2	134.38									-2	146.42	-2	147.26	-2	113.94	-2	120.86000000000001
113	uIu	yiy	2	120	2	164			-2	242.88	-2	268.9	-2	291.78	2	226.0	2	246.0	2	254.62	2	292.78																																																																																																																																
114	aI	ai			2	166							-2	289.78	2	228.0	2	248.0	2	256.62	2	294.78																																																																																																																													-2	111.94	-2	118.86000000000001
116	AOy	aou	2	122	2	168	2	188.82	2	244.88	2	270.9	2	291.78					-2	254.62	-2	292.78																																																																																																																																
117	Ioo	ioo	2	124	2	170							-2	289.78	2	230.0	2	250.0	2	256.62	2	294.78																																																									-2	124.19999999999999	-2	122.38	-2	107.63999999999999	-2	114.38																																																																
118	OiA	oia	2	126	2	172	2	190.82	2	246.88	2	272.9	2	291.78					-2	254.62	-2	292.78																																																													-2	105.63999999999999	-2	112.38																																													-2	130.4	-2	132.38													-2	109.94	-2	116.86000000000001
119	IIo	iio	2	128	2	174							-2	289.78	2	232.0	2	252.0	2	256.62	2	294.78																																																									-2	122.19999999999999	-2	120.38	-2	103.63999999999999	-2	110.38																																																																
120	iyi	iui			2	176			2	248.88	2	274.9	2	291.78							-2	292.78																																																													-2	101.63999999999999	-2	108.38																																																													-2	107.94	-2	114.86000000000001
121	Ea	ea	2	130	2	178					-2	272.9	-2	289.78			2	254.0	2	258.62	2	294.78																																													-2	130.2	-2	130.58													-2	99.63999999999999	-2	106.38																																																																
125	OAA	oaa	2	132	2	180	2	192.82	2	250.88	2	274.9	2	291.78					-2	256.62	-2	292.78																																																																																																																																
126	AAy	aau	2	134	2	182			2	252.88	2	276.9	2	293.78							-2	290.78																																																																																																																																
127	IIE	iie	2	136	2	184					-2	274.9	-2	291.78	2	234.0	2	256.0	2	258.62	2	292.78																																																																																																																																
128	EIE	eie	2	138	2	186					-2	272.9	-2	289.78	2	236.0	2	258.0	2	260.62	2	294.78																																																																																																																																
131	yOi	uoi	2	140	2	188	2	194.82	2	254.88	2	274.9	2	291.78					-2	258.62	-2	292.78																																																																																																													-2	128.4	-2	130.38													-2	105.94	-2	112.86000000000001
132	yeO	ueo	2	142	2	190	2	196.82	2	256.88	2	276.9	2	293.78					-2	256.62	-2	290.78																																									-2	136.18	-2	131.32	-2	128.2	-2	128.58									-2	120.19999999999999	-2	118.38	-2	97.63999999999999	-2	104.38																																																									-2	144.42	-2	145.26	-2	103.94	-2	110.86000000000001
133	oIa	OiA	2	144	2	192	-2	194.82	-2	254.88	-2	274.9	-2	291.78	2	238.0	2	260.0	2	258.62	2	292.78																																																																																																																																
134	uEI	yei	2	146	2	194			-2	252.88	-2	272.9	-2	289.78	2	240.0	2	262.0	2	260.62	2	294.78																																																																																																																																
139	AyA	aua	2	148	2	196			2	254.88	2	274.9	2	291.78							-2	292.78																																																																																																																																
141	uIo	uio			2	198							-2	289.78	2	242.0	2	264.0	2	262.62	2	294.78																																																									-2	118.19999999999999	-2	116.38	-2	95.63999999999999	-2	102.38																																																													-2	101.94	-2	108.86000000000001
142	AOi	aoi	2	150	2	200	2	196.82	2	256.88	2	276.9	2	291.78					-2	260.62	-2	292.78																																																																																																													-2	126.4	-2	128.38													-2	99.94	-2	106.86000000000001
145	IuE	iye	2	152	2	202			-2	254.88	-2	274.9	-2	289.78	2	244.0	2	266.0	2	262.62	2	294.78																																																																																																																																
146	iyi	iui			2	204			2	256.88	2	276.9	2	291.78							-2	292.78																																																													-2	93.63999999999999	-2	100.38																																																													-2	97.94	-2	104.86000000000001
148	ooI	ooi			2	206							-2	289.78	2	246.0	2	268.0	2	264.62	2	294.78																																																																																																													-2	124.4	-2	126.38													-2	95.94	-2	102.86000000000001
151	iiy	iiu			2	208			2	258.88	2	278.9	2	291.78							-2	292.78																																																													-2	91.63999999999999	-2	98.38																																																																
152	Ioa	ioa	2	154	2	210							-2	289.78	2	248.0	2	270.0	2	266.62	2	294.78																																																									-2	116.19999999999999	-2	114.38	-2	89.63999999999999	-2	96.38																																																																
153	OOe	ooe	2	156	2	212	2	198.82	2	260.88	2	280.9	2	291.78					-2	264.62	-2	292.78																																																																																																									-2	144.48	-2	145.98	-2	122.4	-2	124.38									-2	142.42	-2	143.26	-2	93.94	-2	100.86000000000001
154	IaI	iAi	2	158	2	214			-2	258.88	-2	278.9	-2	289.78	2	250.0	2	272.0	2	266.62	2	294.78																																																																																																																																
156	Ae	ae	2	160	2	216			2	260.88	2	280.9	2	291.78							-2	292.78																																																																																																																									-2	140.42	-2	141.26	-2	91.94	-2	98.86000000000001
157	EEa	eeA	2	162	2	218			-2	258.88	-2	278.9	-2	289.78			2	274.0	2	268.62	2	294.78																																																																																																																																
158	yAA	uaa	2	164	2	220			2	260.88	2	280.9	2	291.78							-2	292.78																																																																																																																																
160	aII	aii			2	222							-2	289.78	2	252.0	2	276.0	2	270.62	2	294.78																																																																																																																													-2	89.94	-2	96.86000000000001
162	Iaa	iaa	2	166	2	224							-2	287.78	2	254.0	2	278.0	2	272.62	2	296.78																																																													-2	87.63999999999999	-2	94.38																																																																
167	Ay	au	2	168	2	226			2	262.88	2	282.9	2	289.78							-2	294.78																																																																																																																																
168	Oye	oue	2	170	2	228	2	200.82	2	264.88	2	284.9	2	291.78					-2	270.62	-2	292.78																																																																																																											-2	143.98			-2	122.38									-2	138.42	-2	139.26	-2	87.94	-2	94.86000000000001
169	iAi	iai			2	230			2	266.88	2	286.9	2	293.78							-2	290.78																																																													-2	85.63999999999999	-2	92.38																																																													-2	85.94	-2	92.86000000000001
170	IIE	iie	2	172	2	232					-2	284.9	-2	291.78	2	256.0	2	280.0	2	272.62	2	292.78																																																																																																																																
171	auu	Ayy	2	174	2	234			-2	264.88	-2	282.9	-2	289.78							2	294.78																																																																																																																																
172	yOi	uoi	2	176	2	236	2	202.82	2	266.88	2	284.9	2	291.78					-2	270.62	-2	292.78																																																																																																													-2	120.4	-2	120.38													-2	83.94	-2	90.86000000000001
173	yi	ui	2	178	2	238			2	268.88	2	286.9	2	293.78							-2	290.78																																																																																																																													-2	81.94	-2	88.86000000000001
174	Iuo	iyO	2	180	2	240	-2	200.82	-2	266.88	-2	284.9	-2	291.78	2	258.0	2	282.0	2	272.62	2	292.78																																																																																																																																
176	Eua	eua	2	182	2	242					-2	282.9	-2	289.78			2	284.0	2	274.62	2	294.78																																													-2	126.19999999999999	-2	126.58000000000001													-2	83.63999999999999	-2	90.38																																																																
178	AAA	aaa	2	184	2	244			2	268.88	2	284.9	2	291.78							-2	292.78																																																																																																																																
179	iyA	iua			2	246			2	270.88	2	286.9	2	293.78							-2	290.78																																																													-2	81.63999999999999	-2	88.38																																																																
180	Eao	eao	2	186	2	248					-2	284.9	-2	291.78			2	286.0	2	276.62	2	292.78																																											-2	129.32	-2	124.19999999999999	-2	124.58000000000001											-2	112.38	-2	79.63999999999999	-2	86.38																																																																
181	Ia	iA	2	188	2	250			-2	268.88	-2	282.9	-2	289.78	2	260.0	2	288.0	2	278.62	2	294.78																																																																																																																																
186	eAO	eao			2	252	2	202.82	2	270.88	2	284.9	2	291.78					-2	276.62	-2	292.78																																											-2	127.32	-2	122.19999999999999	-2	122.58000000000001											-2	110.38	-2	77.63999999999999	-2	84.38																																																																
187	Oe	oe	2	190	2	254	2	204.82	2	272.88	2	286.9	2	293.78					-2	274.62	-2	290.78																																																																																																									-2	142.48	-2	141.98	-2	118.4	-2	118.38									-2	136.42	-2	137.26	-2	79.94	-2	86.86000000000001
188	EEu	eeu	2	192	2	256					-2	284.9	-2	291.78			2	290.0	2	276.62	2	292.78																																													-2	120.19999999999999	-2	120.58000000000001													-2	75.63999999999999	-2	82.38																																																																
189	ouI	Oyi	2	194	2	258	-2	202.82	-2	270.88	-2	282.9	-2	289.78	2	262.0	2	292.0	2	278.62	2	294.78																																																																																																																																
190	Oie	oie	2	196	2	260	2	204.82	2	272.88	2	284.9	2	291.78					-2	276.62	-2	292.78																																																																																																											-2	139.98	-2	116.4	-2	116.38											-2	135.26	-2	77.94	-2	84.86000000000001
192	oI	Oi	2	198	2	262	-2	202.82	-2	270.88	-2	282.9	-2	289.78	2	264.0	2	294.0	2	278.62	2	294.78																																																																																																																																
194	yOi	uoi	2	200	2	264	2	204.82	2	272.88	2	284.9	2	291.78					-2	276.62	-2	292.78																																																																																																													-2	114.4	-2	114.38													-2	75.94	-2	82.86000000000001
196	uuI	uui			2	266							-2	289.78	2	266.0	2	296.0	2	278.62	2	294.78																																																																																																																													-2	73.94	-2	80.86000000000001
198	AeO	aeo	2	202	2	268	2	206.82	2	274.88	2	286.9	2	291.78					-2	276.62	-2	292.78																																									-2	134.18	-2	125.32	-2	118.19999999999999	-2	118.58000000000001									-2	114.19999999999999	-2	108.38	-2	73.63999999999999	-2	80.38																																																									-2	134.42	-2	133.26	-2	71.94	-2	78.86000000000001
199	yy	uu	2	204	2	270			2	276.88	2	288.9	2	293.78							-2	290.78																																																																																																																																
200	aeo	AeO	2	206	2	272	-2	204.82	-2	274.88	-2	286.9	-2	291.78					2	278.62	2	292.78																																									2	136.18	2	127.32	2	120.19999999999999	2	120.58000000000001									2	116.19999999999999	2	110.38	2	75.63999999999999	2	82.38																																																									2	136.42	2	135.26	2	73.94	2	80.86000000000001
201	Oi	oi	2	208	2	274	2	206.82	2	276.88	2	288.9	2	293.78					-2	276.62	-2	290.78																																																																																																													-2	112.4	-2	112.38													-2	71.94	-2	78.86000000000001
204	oaa	OAA	2	210	2	276	-2	204.82	-2	274.88	-2	286.9	-2	291.78					2	278.62	2	292.78																																																																																																																																
207	yee	uee	2	212	2	278			2	276.88	2	288.9	2	293.78							-2	290.78																																																																																																																									-2	134.42	-2	133.26	-2	69.94	-2	76.86000000000001
208	iio	iiO			2	280	-2	202.82	-2	274.88	-2	286.9	-2	291.78					2	280.62	2	292.78																																																									2	118.19999999999999	2	112.38	2	77.63999999999999	2	84.38																																																																
210	eyi	eui			2	282			2	276.88	2	288.9	2	293.78							-2	290.78																																													-2	118.19999999999999	-2	118.58000000000001													-2	75.63999999999999	-2	82.38																																																													-2	67.94	-2	74.86000000000001
212	iio	iiO			2	284	-2	200.82	-2	274.88	-2	286.9	-2	291.78					2	282.62	2	292.78																																																									2	120.19999999999999	2	114.38	2	77.63999999999999	2	84.38																																																																
217	iOA	ioa			2	286	2	202.82	2	276.88	2	288.9	2	293.78					-2	280.62	-2	290.78																																																									-2	118.19999999999999	-2	112.38	-2	75.63999999999999	-2	82.38																																																																
218	auu	Ayy	2	214	2	288			-2	274.88	-2	286.9	-2	291.78							2	292.78																																																																																																																																
219	aIu	aiu			2	290							-2	289.78	2	268.0	2	298.0	2	282.62	2	294.78																																																													-2	73.63999999999999	-2	80.38																																																													-2	65.94	-2	72.86000000000001
223	yee	uee	2	216	2	292			2	276.88	2	288.9	2	291.78							-2	292.78																																																																																																																									-2	132.42	-2	131.26	-2	63.94	-2	70.86000000000001
225	iyy	iuu			2	294			2	278.88	2	290.9	2	293.78							-2	290.78																																																													-2	71.63999999999999	-2	78.38																																																																
229	iuo	iyO			2	296	-2	200.82	-2	276.88	-2	288.9	-2	291.78					2	284.62	2	292.78																																																											2	114.38	2	73.63999999999999	2	80.38																																																																
246	aia	AiA	2	218	2	298			-2	274.88	-2	286.9	-2	289.78							2	294.78																																																													2	75.63999999999999	2	82.38																																																													2	65.94	2	72.86000000000001
257	eOi	eoi			2	300	2	202.82	2	276.88	2	288.9	2	291.78					-2	282.62	-2	292.78																																									-2	134.18	-2	125.32	-2	116.19999999999999	-2	116.58000000000001									-2	116.19999999999999	-2	112.38	-2	73.63999999999999	-2	80.38																																													-2	110.4	-2	110.38													-2	63.94	-2	70.86000000000001
299	yAy	uau	2	220	2	302			2	278.88	2	290.9	2	293.78							-2	290.78																																																																																																																																
1482	Iuo	iyO	2	222	2	304	-2	200.82	-2	276.88	-2	288.9	-2	291.78	2	270.0	2	300.0	2	284.62	2	292.78																																																																																																																																
TOTAL				222		304		200.82		276.88		288.9		291.78		270.0		300.0		284.62		292.78		150.0		150.0		150.0		150.0		150.0		150.0		150.0		150.0		150.0		150.0		150.0		150.0		150.0		150.0		150.0		150.0		150.0		150.0		150.0		150.0		134.18		125.32		116.19999999999999		116.58000000000001		150.0		150.0		150.0		150.0		116.19999999999999		112.38		73.63999999999999		80.38		150.0		150.0		150.0		150.0		150.0		150.0		150.0		150.0		150.0		150.0		150.0		150.0		150.0		150.0		150.0		150.0		150.0		150.0		150.0		150.0		142.48		139.98		110.4		110.38		150.0		150.0		150.0		150.0		132.42		131.26		63.94		70.86000000000001
