trialnum	Generated	Heard	Id(Bk)Syl1	now	Id(Bk)	now	*F1	now	*F3	now	*F4	now	*F5	now	*B1	now	*B2	now	*B3	now	*B5	now	*F1_B1	now	*F1..._B1	now	*F1_B2	now	*F1..._B2	now	*F1_B3	now	*F1..._B3	now	*F1_B5	now	*F1..._B5	now	*F3_B1	now	*F3..._B1	now	*F3_B2	now	*F3..._B2	now	*F3_B3	now	*F3..._B3	now	*F3_B5	now	*F3..._B5	now	*F4_B1	now	*F4..._B1	now	*F4_B2	now	*F4..._B2	now	*F4_B3	now	*F4..._B3	now	*F4_B5	now	*F4..._B5	now	*F5_B1	now	*F5..._B1	now	*F5_B2	now	*F5..._B2	now	*F5_B3	now	*F5..._B3	now	*F5_B5	now	*F5..._B5	now	*_B1F1	now	*_B1...F1	now	*_B1F3	now	*_B1...F3	now	*_B1F4	now	*_B1...F4	now	*_B1F5	now	*_B1...F5	now	*_B2F1	now	*_B2...F1	now	*_B2F3	now	*_B2...F3	now	*_B2F4	now	*_B2...F4	now	*_B2F5	now	*_B2...F5	now	*_B3F1	now	*_B3...F1	now	*_B3F3	now	*_B3...F3	now	*_B3F4	now	*_B3...F4	now	*_B3F5	now	*_B3...F5	now	*_B5F1	now	*_B5...F1	now	*_B5F3	now	*_B5...F3	now	*_B5F4	now	*_B5...F4	now	*_B5F5	now	*_B5...F5	now
				0		0		300		300		300		300		300		300		300		300		300		300		300		300		300		300		300		300		300		300		300		300		300		300		300		300		300		300		300		300		300		300		300		300		300		300		300		300		300		300		300		300		300		300		300		300		300		300		300		300		300		300		300		300		300		300		300		300		300		300		300		300		300		300		300		300		300		300		300		300		300		300		300		300
1	EEu	Eeu			2	2					-2	298	-2	298			2	302	2	302	2	302																																													-2	298	-2	298													-2	298	-2	298																									-2	298	-2	298	-2	298	-2	298									-2	298	-2	298	-2	298	-2	298									-2	298	-2	298	-2	298	-2	298
4	OO	oo	2	2	0	2	2	302	2	302	2	300	2	300					-2	300	-2	300																																																																																																																																
5	eeo	Eeo	2	4	0	2					2	302	2	302			-2	300	-2	298	-2	298																																																																																									-2	296	-2	296	-2	296	-2	296									-2	296	-2	296	-2	296	-2	296									-2	296	-2	296	-2	296	-2	296
6	eoe	Eoe	2	6	0	2					2	304	2	304			-2	298	-2	296	-2	296																																									2	302	2	302	2	300	2	300									2	302	2	302	2	300	2	300																											-2	294			-2	294											-2	294			-2	294											-2	294			-2	294
7	aEI	aei			2	4					-2	302	-2	302	2	302	2	300	2	298	2	298																																																																																																																									-2	294	-2	292	-2	294	-2	292
8	IIo	iio	2	8	0	4							-2	300	2	304	2	302	2	300	2	300																																																									-2	300	-2	300	-2	298	-2	298																																																																
10	uaa	yaa	2	10	0	4			-2	300	-2	300	-2	298							2	302																													-2	298	-2	298													-2	298	-2	298													-2	296	-2	296																																																																
11	yyy	uuu	2	12	0	4			2	302	2	302	2	300							-2	300																																																																																																																																
12	iyA	iua			2	6			2	304	2	304	2	302							-2	298																																																													-2	294	-2	294																																																																
14	aua	Aua	2	14	0	6			-2	302	-2	302	-2	300							2	300																													-2	296	-2	296													-2	296	-2	296													-2	292	-2	292																																																																
17	aia	Aia	2	16	0	6			-2	300	-2	300	-2	298							2	302																															-2	294															-2	294																																																																													2	296	2	294
18	eO	eo			2	8	2	304	2	302	2	302	2	300					-2	298	-2	300																																									-2	300	-2	300	-2	294	-2	292									-2	298	-2	298	-2	290	-2	290																																																																
20	oEo	oeo			2	10					-2	300	-2	298			2	304	2	300	2	302																																									-2	298	-2	298	-2	292	-2	290									-2	296	-2	296	-2	288	-2	288																																									-2	294	-2	292	-2	294	-2	292									-2	292	-2	290	-2	294	-2	292
21	uio	yio	2	18	0	10			-2	300	-2	298	-2	296							2	304																											-2	298			-2	292											-2	296			-2	288																																																																													2	296	2	294
23	oyi	oui			2	12			2	302	2	300	2	298							-2	302																																																																																																					2	302	2	302	2	296	2	294	2	296							2	302	2	302	2	294	2	292			-2	292
25	uEE	uee			2	14					-2	298	-2	296			2	306	2	302	2	304																																																																																																																									-2	292	-2	290	-2	294	-2	290
26	yyy	uuu	2	20	0	14			2	304	2	300	2	298							-2	302																																																																																																																																
28	eae	Eae	2	22	0	14					2	302	2	300			-2	304	-2	300	-2	300																																													2	294	2	290													2	290	2	290																											-2	292			-2	292											-2	292			-2	290											-2	288			-2	288
29	aia	Aia	2	24	0	14			-2	302	-2	300	-2	298							2	302																															-2	290															-2	288																																																																													2	296	2	290
33	eeu	Eeu	2	26	0	14					2	302	2	300			-2	302	-2	298	-2	300																																																																																									-2	294	-2	290	-2	294	-2	290									-2	294	-2	290	-2	294	-2	288									-2	290	-2	286	-2	294	-2	288
35	oai	Oai	2	28	0	14	-2	302	-2	300	-2	300	-2	298					2	300	2	302													-2	298	-2	298													-2	294	-2	288													-2	292	-2	286													-2	288	-2	288																																															2	290															2	290
36	yey	yeu			2	16			2	302	2	302	2	300							-2	300																															-2	286													-2	290	-2	284													-2	286	-2	286																																																																
38	Eai	eai	2	30	0	16					-2	300	-2	298			2	304	2	302	2	302																																													-2	288	-2	282													-2	284	-2	284																															2	292															2	292															2	292
39	uoo	yoo	2	32	0	16			-2	300	-2	298	-2	296							2	304																									-2	298	-2	296	-2	292	-2	284									-2	296	-2	294	-2	286	-2	280									-2	294	-2	294	-2	282	-2	282																																																																
40	iyi	iui			2	18			2	302	2	300	2	298							-2	302																																																													-2	280	-2	280																																																													-2	292	-2	290
41	aia	Aia	2	34	0	18			-2	300	-2	298	-2	296							2	304																															-2	282															-2	278																																																																													2	294	2	292
42	yAe	uae	2	36	0	18			2	302	2	300	2	298							-2	302																																																																																																																									-2	288	-2	284	-2	292	-2	290
43	OiO	Oio			2	20	2	304	2	304	2	302	2	300					-2	300	-2	300											-2	298			-2	296											-2	294			-2	280											-2	292			-2	276									-2	292	-2	292	-2	278	-2	278																																																																
47	uue	yue	2	38	0	20			-2	302	-2	300	-2	298							2	302																													-2	290	-2	278													-2	284	-2	274													-2	276	-2	276																																																											2	286			2	292
48	eou	Eou	2	40	0	20					2	302	2	300			-2	302	-2	298	-2	300																																									2	298	2	294	2	286	2	276									2	294	2	294	2	278	2	278																																																																
51	aai	Aai	2	42	0	20			-2	300	-2	300	-2	298							2	302																													-2	288	-2	276													-2	284	-2	274													-2	276	-2	276																																																															2	294
52	eOO	Eoo	2	44	0	20	2	306	2	302	2	302	2	300			-2	300	-2	296	-2	300																																																																																																																																
53	aoi	Aoi	2	46	0	20			-2	300	-2	300	-2	298							2	302																									-2	296	-2	292	-2	286	-2	274									-2	296	-2	292	-2	282	-2	272									-2	292	-2	292	-2	274	-2	274																																																															2	296
55	iyi	iui			2	22			2	302	2	302	2	300							-2	300																																																													-2	272	-2	272																																																													-2	290	-2	294
57	uei	yei	2	48	0	22			-2	300	-2	300	-2	298							2	302																																																																																																																									2	290	2	288	2	292	2	296
58	EiE	eie	2	50	0	22					-2	298	-2	296			2	302	2	298	2	304																																																					2	302	2	302	2	294	2	294	2	274	2	274																													2	296	2	294													2	296	2	294													2	294	2	298
59	OiO	oio	2	52	0	22	2	308	2	302	2	300	2	298					-2	296	-2	302																																																									-2	292	-2	292	-2	272	-2	272																																													-2	294	-2	292													-2	292	-2	296
60	oa	Oa	2	54	0	22	-2	306	-2	300	-2	298	-2	296					2	298	2	304													-2	296	-2	294													-2	284	-2	272													-2	280	-2	270													-2	270	-2	270																																																																
62	oA	Oa	2	56	0	22	-2	304											2	300															-2	294	-2	292													-2	282	-2	270													-2	278	-2	268													-2	268	-2	268																																					2	304	2	304	2	296	2	292	2	296	2	294					2	304	2	304	2	292	2	290	2	294	2	298
64	eOi	Eoi	2	58	0	22	2	306	2	302	2	300	2	298			-2	300	-2	298	-2	302																																																																																															-2	292													-2	294	-2	292													-2	292	-2	296
65	eAy	eau			2	24			2	304	2	302	2	300							-2	300																																													-2	276	-2	266													-2	266	-2	266																																																																
66	oaE	oae			2	26					-2	300	-2	298			2	302	2	300	2	302																																																																																																											-2	290			-2	290									-2	290	-2	288	-2	290	-2	294
68	uoi	yoi	2	60	0	26			-2	302	-2	298	-2	296							2	304																									-2	294	-2	290	-2	280	-2	268									-2	294	-2	290	-2	274	-2	264									-2	290	-2	290	-2	264	-2	264																																																															2	296
69	Oi	oi	2	62	0	26	2	308	2	304	2	300	2	298					-2	298	-2	302																																																																																																													-2	292	-2	288													-2	288	-2	294
75	ouu	Ouu	2	64	0	26	-2	306	-2	302	-2	298	-2	296					2	300	2	304													-2	292	-2	290													-2	278	-2	266													-2	272	-2	262													-2	262	-2	262																																																																
77	Ayo	auo	2	66	0	26			2	304	2	300	2	298							-2	302																									2	296	2	292	2	280	2	268									2	296	2	292	2	274	2	264									2	292	2	292	2	264	2	264																																																																
78	Aei	aei	2	68	0	26			2	306	2	302	2	300							-2	300																																																																																																																									-2	288	-2	286	-2	286	-2	292
79	uia	yia	2	70	0	26			-2	304	-2	300	-2	298							2	302																															-2	266															-2	262																																																																													2	288	2	294
80	yoe	uoe	2	72	0	26			2	306	2	302	2	300							-2	300																									2	298	2	294	2	282	2	268									2	298	2	294	2	276	2	264									2	294	2	294	2	266	2	266																																																											-2	284			-2	292
81	uI	ui			2	28							-2	298	2	306	2	304	2	302	2	302																																																																																																																													-2	286	-2	290
83	uae	yae	2	74	0	28			-2	304	-2	300	-2	296							2	304																													-2	280	-2	266													-2	274	-2	262													-2	264	-2	264																																																											2	286			2	292
86	ooe	Ooe	2	76	0	28	-2	304	-2	302	-2	298	-2	294					2	304	2	306									-2	298	-2	296	-2	290	-2	288									-2	296	-2	292	-2	278	-2	264									-2	296	-2	292	-2	272	-2	260									-2	292	-2	292	-2	262	-2	262																																											2	292			2	290											2	288			2	294
87	eAe	eae			2	30			2	304	2	300	2	296							-2	304																																													-2	270	-2	258													-2	260	-2	260																																																									-2	286	-2	286	-2	284	-2	292
89	uOe	uoe			2	32	2	306	2	306	2	302	2	298					-2	302	-2	302																																																																																																									-2	294	-2	290	-2	290	-2	288	2	302	2	302	2	306	2	306			-2	284			-2	290
91	yAy	yau			2	34			2	308	2	304	2	300							-2	300																													-2	276	-2	262													-2	268	-2	256													-2	258	-2	258																																																																
94	uE	ue			2	36					-2	302	-2	298			2	306	2	304	2	302																																																																																																																									-2	284	-2	282	-2	282	-2	288
95	aou	Aou	2	78	0	36			-2	306	-2	300	-2	296							2	304																									-2	294	-2	290	-2	274	-2	260									-2	294	-2	290	-2	266	-2	254									-2	290	-2	290	-2	256	-2	256																																																																
96	yAe	yae			2	38			2	308	2	302	2	298							-2	302																													-2	272	-2	258													-2	264	-2	252													-2	254	-2	254																																																									-2	282	-2	280	-2	280	-2	286
97	ee	Ee	2	80	0	38					2	304	2	300			-2	304	-2	302	-2	300																																																																																									-2	292	-2	288	-2	294	-2	290									-2	292	-2	288	-2	288	-2	286									-2	280	-2	278	-2	278	-2	284
98	uio	yio	2	82	0	38			-2	306	-2	302	-2	298							2	302																											-2	288			-2	256											-2	288			-2	250																																																																													2	280	2	286
101	ooi	Ooi	2	84	0	38	-2	304	-2	304	-2	300	-2	296					2	304	2	304									-2	296	-2	294	-2	288	-2	286									-2	292	-2	286	-2	270	-2	254									-2	292	-2	286	-2	262	-2	248									-2	288	-2	288	-2	252	-2	252																																															2	288															2	288
104	OiA	oia	2	86	0	38	2	306	2	306	2	302	2	298					-2	302	-2	302																																																													-2	250	-2	250																																													-2	286	-2	286													-2	278	-2	286
113	aoo	Aoo	2	88	0	38			-2	304	-2	300	-2	296							2	304																									-2	290	-2	284	-2	268	-2	252									-2	290	-2	284	-2	260	-2	246									-2	286	-2	286	-2	248	-2	248																																																																
116	aaa	Aaa	2	90	0	38			-2	302	-2	298	-2	294							2	306																													-2	266	-2	250													-2	258	-2	244													-2	246	-2	246																																																																
118	eyA	Eua	2	92	0	38			2	304	2	300	2	296			-2	302	-2	300	-2	304																																																																																																																																
119	eeO	Eeo	2	94	0	38	2	308	2	306	2	302	2	298			-2	300	-2	298	-2	302																																									-2	288	-2	282	-2	256	-2	242									-2	284	-2	284	-2	244	-2	244																									-2	290	-2	286	-2	292	-2	288									-2	290	-2	286	-2	284	-2	284									-2	278	-2	276	-2	276	-2	284
122	aoI	Aoi	2	96	0	38			-2	304	-2	300	-2	296	2	308	2	302	2	300	2	304																									-2	288	-2	282	-2	264	-2	248									-2	286	-2	280	-2	254	-2	240									-2	282	-2	282	-2	242	-2	242																																													-2	282	-2	282													-2	274	-2	282
123	Aoo	aoo	2	98	0	38			2	306	2	302	2	298							-2	302																									2	290	2	284	2	266	2	250									2	288	2	282	2	256	2	242									2	284	2	284	2	244	2	244																																																																
125	ui	yi	2	100	0	38			-2	304	-2	300	-2	296							2	304																																																																																																																													2	276	2	284
128	yoa	uoa	2	102	0	38			2	306	2	302	2	298							-2	302																									2	292	2	286	2	268	2	252									2	290	2	284	2	258	2	244									2	286	2	286	2	246	2	246																																																																
129	oEa	oea			2	40					-2	300	-2	296			2	304	2	302	2	304																																													-2	256	-2	242													-2	244	-2	244																																									-2	288	-2	284	-2	280	-2	280									-2	276	-2	274	-2	274	-2	282
130	oua	Oua	2	104	0	40	-2	306	-2	304	-2	298	-2	294					2	304	2	306													-2	286	-2	284													-2	266	-2	250													-2	254	-2	240													-2	242	-2	242																																																																
131	eyi	Eui	2	106	0	40			2	306	2	300	2	296			-2	302	-2	302	-2	304																																																																																															-2	286															-2	278													-2	272	-2	280
139	oua	Oua	2	108	0	40	-2	304	-2	304	-2	298	-2	294					2	304	2	306													-2	284	-2	282													-2	264	-2	248													-2	252	-2	238													-2	240	-2	240																																																																
140	eAi	eai			2	42			2	306	2	300	2	296							-2	304																																													-2	250	-2	236													-2	238	-2	238																																																													-2	270	-2	278
142	uo	yo	2	110	0	42			-2	304	-2	298	-2	294							2	306																									-2	290	-2	284	-2	262	-2	246									-2	288	-2	282	-2	248	-2	234									-2	284	-2	284	-2	236	-2	236																																																																
143	Ay	au	2	112	0	42			2	306	2	300	2	296							-2	304																																																																																																																																
144	AAy	aau	2	114	0	42			2	308	2	302	2	298							-2	302																																																																																																																																
148	eui	Eui	2	116	0	42					2	304	2	300			-2	300	-2	302	-2	300																																													2	250	2	236													2	238	2	238																															-2	284															-2	276															-2	276
150	ooi	Ooi	2	118	0	42	-2	302	-2	306	-2	302	-2	298					2	304	2	302									-2	294	-2	292	-2	282	-2	280									-2	288	-2	282	-2	260	-2	244									-2	286	-2	280	-2	248	-2	234									-2	282	-2	282	-2	236	-2	236																																															2	278															2	278
153	oae	Oae	2	120	0	42	-2	300	-2	304	-2	300	-2	296					2	306	2	304													-2	280	-2	278													-2	258	-2	242													-2	246	-2	232													-2	234	-2	234																																											2	286			2	280											2	276			2	280
154	OiA	oia	2	122	0	42	2	302	2	306	2	302	2	298					-2	304	-2	302																																																													-2	232	-2	232																																													-2	278	-2	278													-2	268	-2	278
158	eA	Ea	2	124	0	42			2	308	2	304	2	300			-2	298	-2	302	-2	300																																																																																																																																
159	oEE	oee			2	44					-2	302	-2	298			2	300	2	304	2	302																																																																																																									-2	286	-2	284	-2	276	-2	276									-2	274	-2	274	-2	266	-2	276
160	Eii	eii	2	126	0	44					-2	300	-2	296			2	302	2	306	2	304																																																																																													2	294	2	286													2	278	2	278													2	268	2	278
163	uea	yea	2	128	0	44			-2	306	-2	298	-2	294							2	306																															-2	240																																																																																									2	276	2	276	2	270	2	280
164	Aey	Aeu			2	46			2	308	2	300	2	296							-2	304																															-2	238													-2	244	-2	230													-2	230	-2	230																																																																
165	ei	Ei	2	130	0	46					2	302	2	298			-2	300	-2	304	-2	302																																																																																													-2	292	-2	284													-2	276	-2	276													-2	268	-2	278
167	oii	Oii	2	132	0	46	-2	300	-2	306	-2	300	-2	296					2	306	2	304																																																																																																													2	278	2	278													2	270	2	280
168	OOu	Oou			2	48	2	302	2	308	2	302	2	298					-2	304	-2	302									-2	292	-2	290			-2	276									-2	286	-2	280			-2	236									-2	284	-2	278			-2	228									-2	280	-2	280			-2	228																																																																
170	aiu	Aiu	2	134	0	48			-2	306	-2	300	-2	296							2	304																															-2	234															-2	226																																																																													2	272	2	282
173	uu	yu	2	136	0	48			-2	304	-2	298	-2	294							2	306																													-2	256	-2	232													-2	242	-2	224													-2	228	-2	226																																																																
174	aoo	Aoo	2	138	0	48			-2	302	-2	296	-2	292							2	308																									-2	284	-2	278	-2	254	-2	230									-2	282	-2	276	-2	240	-2	222									-2	278	-2	278	-2	226	-2	224																																																																
175	OAy	Oau			2	50			2	304	2	298	2	294							-2	306													-2	278	-2	274													-2	252	-2	228													-2	238	-2	220													-2	224	-2	222																																																																
177	OAy	Oau			2	52			2	306	2	300	2	296							-2	304													-2	276	-2	272													-2	250	-2	226													-2	236	-2	218													-2	222	-2	220																																																																
178	eiO	eio			2	54	2	304	2	308	2	302	2	298					-2	302	-2	302																																											-2	274			-2	216									-2	276	-2	276	-2	220	-2	218																																																																
184	uoe	yoe	2	140	0	54			-2	306	-2	300	-2	296							2	304																									-2	282	-2	276	-2	248	-2	224									-2	280	-2	272	-2	234	-2	214									-2	274	-2	274	-2	218	-2	216																																																											2	278			2	284
185	eei	Eei	2	142	0	54					2	302	2	298			-2	298	-2	300	-2	302																																																																																									-2	288	-2	284	-2	290	-2	282									-2	284	-2	282	-2	276	-2	276									-2	274	-2	276	-2	270	-2	282
187	uEE	uee			2	56					-2	300	-2	296			2	300	2	302	2	304																																																																																																																									-2	272	-2	274	-2	268	-2	280
188	eui	Eui	2	144	0	56					2	302	2	298			-2	298	-2	300	-2	302																																													2	236	2	216													2	220	2	218																															-2	280															-2	274															-2	278
189	aia	Aia	2	146	0	56			-2	304	-2	300	-2	296							2	304																															-2	222															-2	214																																																																													2	270	2	280
190	ooa	Ooa	2	148	0	56	-2	302	-2	302	-2	298	-2	294					2	302	2	306									-2	290	-2	288	-2	274	-2	270									-2	280	-2	274	-2	246	-2	220									-2	278	-2	270	-2	234	-2	212									-2	272	-2	272	-2	218	-2	216																																																																
191	iyy	iuu			2	58			2	304	2	300	2	296							-2	304																																																													-2	216	-2	214																																																																
193	AAO	aao	2	150	0	58	2	304	2	306	2	302	2	298					-2	300	-2	302																																																																																																																																
194	auE	aue			2	60					-2	300	-2	296			2	300	2	302	2	304																																																																																																																									-2	270	-2	272	-2	268	-2	278
195	OOO	ooo	2	152	0	60	2	306	2	308	2	302	2	298					-2	300	-2	302																																																																																																																																
196	oEE	oee			2	62					-2	300	-2	296			2	302	2	302	2	304																																																																																																									-2	282	-2	280	-2	274	-2	272									-2	268	-2	270	-2	266	-2	276
199	auo	Auo	2	154	0	62			-2	306	-2	298	-2	294							2	306																											-2	272	-2	244	-2	218											-2	268	-2	232	-2	210											-2	270	-2	214	-2	212																																																																
200	Aye	aue	2	156	0	62			2	308	2	300	2	296							-2	304																																																																																																																									-2	266	-2	268	-2	264	-2	274
201	OeA	oea	2	158	0	62	2	308	2	310	2	302	2	298					-2	300	-2	302																																													-2	230	-2	208													-2	212	-2	210																																									-2	280	-2	278	-2	272	-2	270									-2	264	-2	266	-2	262	-2	272
203	ei	Ei	2	160	0	62					2	304	2	300			-2	300	-2	298	-2	300																																																																																													-2	288	-2	278													-2	270	-2	268													-2	260	-2	270
205	EiE	Eie			2	64					-2	302	-2	298			2	302	2	300	2	302																																																					2	304	2	304	2	274	2	272	2	214	2	212																											-2	282															-2	276															-2	264				
207	aoo	Aoo	2	162	0	64			-2	308	-2	300	-2	296							2	304																									-2	278	-2	270	-2	242	-2	216									-2	276	-2	266	-2	228	-2	206									-2	272	-2	270	-2	212	-2	210																																																																
210	oii	Oii	2	164	0	64	-2	306	-2	306	-2	298	-2	294					2	302	2	306																																																																																																													2	272	2	270													2	262	2	272
211	aoa	Aoa	2	166	0	64			-2	304	-2	296	-2	292							2	308																									-2	276	-2	268	-2	240	-2	214									-2	274	-2	264	-2	226	-2	204									-2	270	-2	268	-2	210	-2	208																																																																
212	OeO	oeo	2	168	0	64	2	308	2	306	2	298	2	294					-2	300	-2	306																																									-2	272	-2	262	-2	224	-2	202									-2	268	-2	266	-2	208	-2	206																																									-2	278	-2	274	-2	270	-2	268									-2	262	-2	262	-2	260	-2	270
213	AOe	Aoe			2	66	2	310	2	308	2	300	2	296					-2	298	-2	304																									-2	274	-2	266	-2	238	-2	212									-2	270	-2	260	-2	222	-2	200									-2	266	-2	264	-2	206	-2	204																																									-2	276	-2	272	-2	268	-2	266									-2	260	-2	260	-2	258	-2	268
215	ea	Ea	2	170	0	66					2	302	2	298			-2	300	-2	296	-2	302																																													2	224	2	202													2	208	2	206																																																																
216	uEi	yei	2	172	0	66			-2	306	-2	300	-2	296			2	302	2	298	2	304																																																																																													2	290	2	280													2	270	2	268													2	260	2	270
217	eo	Eo	2	174	0	66					2	302	2	298			-2	300	-2	296	-2	302																																									2	272	2	262	2	226	2	204									2	268	2	266	2	210	2	208																																																																
218	eea	Eea	2	176	0	66					2	304	2	300			-2	298	-2	294	-2	300																																																																																									-2	286	-2	280	-2	288	-2	278									-2	274	-2	270	-2	268	-2	266									-2	258	-2	258	-2	258	-2	268
220	aou	Aou	2	178	0	66			-2	304	-2	302	-2	298							2	302																									-2	272	-2	264	-2	236	-2	210									-2	270	-2	260	-2	224	-2	202									-2	266	-2	264	-2	208	-2	206																																																																
221	oe	Oe	2	180	0	66	-2	308	-2	302	-2	300	-2	296					2	296	2	304																																																																																																									2	276	2	272	2	270	2	268									2	260	2	260	2	260	2	270
222	AAi	Aai			2	68			2	304	2	302	2	298							-2	302																													-2	234	-2	208													-2	222	-2	200													-2	206	-2	204																																																													-2	258	-2	268
223	Eii	eii	2	182	0	68					-2	300	-2	296			2	300	2	298	2	304																																																																																													2	290	2	280													2	272	2	270													2	260	2	270
224	eo	Eo	2	184	0	68					2	302	2	298			-2	298	-2	296	-2	302																																									2	272	2	262	2	224	2	202									2	268	2	266	2	208	2	206																																																																
226	AeA	Aea			2	70			2	306	2	304	2	300							-2	300																															-2	206													-2	222	-2	200													-2	206	-2	204																																																																
227	oaE	oae			2	72					-2	302	-2	298			2	300	2	298	2	302																																																																																																											-2	270			-2	268									-2	258	-2	258	-2	258	-2	268
228	uuo	yuo	2	186	0	72			-2	304	-2	300	-2	296							2	304																											-2	262	-2	232	-2	204											-2	260	-2	220	-2	198											-2	264	-2	204	-2	202																																																																
229	uao	yao	2	188	0	72			-2	302	-2	298	-2	294							2	306																											-2	260	-2	230	-2	202											-2	258	-2	218	-2	196											-2	262	-2	202	-2	200																																																																
231	OAO	oao	2	190	0	72	2	310	2	304	2	300	2	296					-2	296	-2	304																																																																																																																																
233	eoa	Eoa	2	192	0	72					2	302	2	298			-2	298	-2	294	-2	302																																									2	274	2	260	2	220	2	198									2	270	2	264	2	204	2	202																																																																
234	aa	Aa	2	194	0	72			-2	302	-2	300	-2	296							2	304																													-2	228	-2	200													-2	218	-2	196													-2	202	-2	200																																																																
238	EE	ee	2	196	0	72					-2	298	-2	294			2	300	2	296	2	306																																																																																																																																
239	yAy	yau			2	74			2	304	2	300	2	296							-2	304																													-2	226	-2	198													-2	216	-2	194													-2	200	-2	198																																																																
240	yyA	uua	2	198	0	74			2	306	2	302	2	298							-2	302																																																																																																																																
243	uee	yee	2	200	0	74			-2	304	-2	300	-2	296							2	304																																																																																																																									2	260	2	260	2	260	2	270
244	eeu	Eeu	2	202	0	74					2	302	2	298			-2	298	-2	294	-2	302																																																																																									-2	284	-2	278	-2	288	-2	278									-2	274	-2	268	-2	270	-2	266									-2	258	-2	258	-2	258	-2	268
247	uio	yio	2	204	0	74			-2	302	-2	300	-2	296							2	304																											-2	258			-2	196											-2	258			-2	192																																																																													2	260	2	270
248	AeA	Aea			2	76			2	304	2	302	2	298							-2	302																															-2	194													-2	214	-2	190													-2	198	-2	196																																																																
249	aia	Aia	2	206	0	76			-2	302	-2	300	-2	296							2	304																															-2	192															-2	188																																																																													2	262	2	272
251	uuo	yuo	2	208	0	76			-2	300	-2	298	-2	294							2	306																											-2	256	-2	224	-2	190											-2	256	-2	212	-2	186											-2	262	-2	196	-2	194																																																																
252	Aiy	aiu	2	210	0	76			2	302	2	300	2	296							-2	304																																																													-2	194	-2	192																																																													-2	260	-2	270
256	eeo	Eeo	2	212	0	76					2	302	2	298			-2	296	-2	292	-2	302																																																																																									-2	282	-2	276	-2	286	-2	276									-2	272	-2	266	-2	268	-2	264									-2	256	-2	256	-2	258	-2	268
257	eio	Eio	2	214	0	76					2	304	2	300			-2	294	-2	290	-2	300																																											2	258			2	188																																													-2	284	-2	274													-2	266	-2	262													-2	256	-2	266
260	oEi	Oei	2	216	0	76	-2	308	-2	300	-2	302	-2	298			2	296	2	292	2	302																																																																																													2	286	2	276													2	268	2	264													2	258	2	268
263	eio	Eio	2	218	0	76					2	304	2	300			-2	294	-2	290	-2	300																																											2	260			2	190																																													-2	284	-2	274													-2	266	-2	262													-2	256	-2	266
264	EEo	eeo	2	220	0	76					-2	302	-2	298			2	296	2	292	2	302																																									-2	272	-2	258	-2	210	-2	188									-2	268	-2	260	-2	192	-2	190																																																																
265	AA	aa	2	222	0	76			2	302	2	304	2	300							-2	300																																																																																																																																
268	yii	uii	2	224	0	76			2	304	2	306	2	302							-2	298																																																																																																																													-2	254	-2	264
269	oio	Oio	2	226	0	76	-2	306	-2	302	-2	304	-2	300					2	294	2	300											-2	286			-2	268											-2	254			-2	188											-2	256			-2	186																																																													2	268	2	264													2	256	2	266
270	uEa	uea			2	78					-2	302	-2	298			2	298	2	296	2	302																																													-2	208	-2	184													-2	190	-2	188																																																									-2	254	-2	254	-2	254	-2	264
271	ai	Ai	2	228	0	78			-2	300	-2	300	-2	296							2	304																																																																																																																													2	256	2	266
274	Ay	Au			2	80			2	302	2	302	2	298							-2	302																													-2	222	-2	186													-2	206	-2	182													-2	188	-2	186																																																																
278	oiE	oie			2	82					-2	300	-2	296			2	300	2	298	2	304																																																					2	306	2	306	2	270	2	262	2	190	2	188																																											-2	264															-2	252				
280	eoi	Eoi	2	230	0	82					2	302	2	298			-2	298	-2	296	-2	302																																									2	274	2	258	2	208	2	184									2	272	2	264	2	192	2	190																															-2	272															-2	262															-2	264
281	yAi	uai	2	232	0	82			2	304	2	304	2	300							-2	300																																																																																																																													-2	254	-2	262
282	aEo	Aeo	2	234	0	82			-2	302	-2	302	-2	298			2	300	2	298	2	302																											-2	252			-2	184									-2	272	-2	256	-2	206	-2	182									-2	270	-2	262	-2	190	-2	188																																																																
284	oo	Oo	2	236	0	82	-2	304	-2	300	-2	300	-2	296					2	300	2	304									-2	288	-2	284	-2	272	-2	266									-2	270	-2	250	-2	220	-2	182									-2	270	-2	254	-2	204	-2	180									-2	268	-2	260	-2	188	-2	186																																																																
285	iyA	iua			2	84			2	302	2	302	2	298							-2	302																																																													-2	186	-2	184																																																																
286	aie	Aie	2	238	0	84			-2	300	-2	300	-2	296							2	304																																																																																																																											2	254	2	256	2	264
287	aua	Aua	2	240	0	84			-2	298	-2	298	-2	294							2	306																													-2	218	-2	180													-2	202	-2	178													-2	184	-2	182																																																																
289	eOy	eou			2	86	2	306	2	300	2	300	2	296					-2	298	-2	304																																									-2	268	-2	252	-2	200	-2	176									-2	266	-2	258	-2	182	-2	180																																																																
291	eyi	Eui	2	242	0	86			2	302	2	302	2	298			-2	298	-2	296	-2	302																																																																																															-2	270															-2	260													-2	254	-2	262
292	yiy	uiu	2	244	0	86			2	304	2	304	2	300							-2	300																																																													-2	180	-2	178																																																													-2	252	-2	260
293	oeo	Oeo	2	246	0	86	-2	304	-2	302	-2	302	-2	298					2	298	2	302											-2	282			-2	264											-2	248			-2	178																																																																									2	274	2	266	2	270	2	262									2	256	2	256	2	254	2	262
296	aiu	Aiu	2	248	0	86			-2	300	-2	300	-2	296							2	304																															-2	176															-2	174																																																																													2	256	2	264
298	oau	Oau	2	250	0	86	-2	302	-2	298	-2	298	-2	294					2	300	2	306													-2	270	-2	262													-2	216	-2	174													-2	198	-2	172													-2	178	-2	176																																																																
299	eyA	eua			2	88			2	300	2	300	2	296							-2	304																																													-2	196	-2	170													-2	176	-2	174																																																																
301	Aey	Aeu			2	90			2	302	2	302	2	298							-2	302																															-2	172													-2	194	-2	168													-2	174	-2	172																																																																
302	oua	Oua	2	252	0	90	-2	300	-2	300	-2	300	-2	296					2	302	2	304													-2	268	-2	260													-2	214	-2	170													-2	192	-2	166													-2	172	-2	170																																																																
303	EEu	Eeu			2	92					-2	298	-2	294			2	300	2	304	2	306																																													-2	190	-2	164													-2	170	-2	168																									-2	280	-2	274	-2	282	-2	268									-2	272	-2	264	-2	268	-2	260									-2	254	-2	254	-2	254	-2	262
304	ieO	ieo			2	94	2	302	2	302	2	300	2	296					-2	302	-2	304																																									-2	266	-2	250	-2	188	-2	162									-2	264	-2	256	-2	168	-2	166																																																																
305	ey	Eu	2	254	0	94			2	304	2	302	2	298			-2	298	-2	300	-2	302																																																																																																																																
307	oii	Oii	2	256	0	94	-2	300	-2	302	-2	300	-2	296					2	302	2	304																																																																																																													2	270	2	262													2	256	2	264
308	oia	Oia	2	258	0	94	-2	298	-2	300	-2	298	-2	294					2	304	2	306															-2	258															-2	168															-2	160																																																													2	272	2	264													2	258	2	266
309	eeO	eeo			2	96	2	300	2	302	2	300	2	296					-2	302	-2	304																																									-2	264	-2	248	-2	186	-2	158									-2	262	-2	254	-2	166	-2	164																																																																
311	eAi	Eai	2	260	0	96			2	304	2	302	2	298			-2	296	-2	300	-2	302																																																																																															-2	266															-2	262													-2	256	-2	264
312	ooa	Ooa	2	262	0	96	-2	298	-2	302	-2	300	-2	296					2	302	2	304									-2	286	-2	280	-2	266	-2	256									-2	268	-2	246	-2	212	-2	166									-2	262	-2	246	-2	184	-2	156									-2	260	-2	252	-2	164	-2	162																																																																
313	iyA	iua			2	98			2	304	2	302	2	298							-2	302																																																													-2	162	-2	160																																																																
314	OOO	Ooo			2	100	2	300	2	306	2	304	2	300					-2	300	-2	300									-2	284	-2	278	-2	264	-2	254									-2	266	-2	244	-2	210	-2	164									-2	260	-2	244	-2	182	-2	154									-2	258	-2	250	-2	160	-2	158																																																																
315	aEE	aee			2	102					-2	302	-2	298			2	298	2	302	2	302																																																																																																																									-2	252	-2	252	-2	254	-2	262
320	aE	ae			2	104					-2	300	-2	296			2	300	2	304	2	304																																																																																																																									-2	250	-2	250	-2	252	-2	260
321	Oy	Ou			2	106			2	308	2	302	2	298							-2	302													-2	262	-2	252													-2	208	-2	162													-2	180	-2	152													-2	158	-2	156																																																																
322	Eio	eio	2	264	0	106					-2	300	-2	296			2	302	2	306	2	304																																											-2	242			-2	150																																													2	284	2	268													2	274	2	264													2	254	2	262
323	OiO	Oio			2	108	2	302	2	310	2	302	2	298					-2	304	-2	302											-2	276			-2	250											-2	242			-2	160											-2	240			-2	148									-2	256	-2	248	-2	156	-2	154																																																																
325	aea	Aea	2	266	0	108			-2	308	-2	300	-2	296							2	304																															-2	158																																																																																									2	252	2	252	2	256	2	264
330	uo	yo	2	268	0	108			-2	306	-2	298	-2	294							2	306																									-2	264	-2	240	-2	206	-2	156									-2	258	-2	238	-2	178	-2	146									-2	254	-2	246	-2	154	-2	152																																																																
334	AAO	Aao			2	110	2	304	2	308	2	300	2	296					-2	302	-2	304																											-2	238	-2	204	-2	154											-2	236	-2	176	-2	144											-2	244	-2	152	-2	150																																																																
335	OOA	Ooa			2	112	2	306	2	310	2	302	2	298					-2	300	-2	302									-2	282	-2	274	-2	260	-2	248									-2	262	-2	236	-2	202	-2	152									-2	256	-2	234	-2	174	-2	142									-2	252	-2	242	-2	150	-2	148																																																																
336	ua	ya	2	270	0	112			-2	308	-2	300	-2	296							2	304																													-2	200	-2	150													-2	172	-2	140													-2	148	-2	146																																																																
337	uia	yia	2	272	0	112			-2	306	-2	298	-2	294							2	306																															-2	148															-2	138																																																																													2	258	2	266
339	ueu	yeu	2	274	0	112			-2	304	-2	296	-2	292							2	308																															-2	146																																																																																									2	254	2	254	2	260	2	268
341	eai	Eai	2	276	0	112					2	298	2	294			-2	300	-2	298	-2	306																																													2	174	2	140													2	150	2	148																															-2	266															-2	262															-2	266
342	eAe	Eae	2	278	0	112			2	306	2	300	2	296			-2	298	-2	296	-2	304																																																																																											-2	272			-2	264											-2	262			-2	260									-2	252	-2	252	-2	258	-2	264
344	aea	Aea	2	280	0	112			-2	304	-2	298	-2	294							2	306																															-2	144																																																																																									2	254	2	254	2	260	2	266
345	eei	Eei	2	282	0	112					2	300	2	296			-2	296	-2	294	-2	304																																																																																									-2	278	-2	270	-2	282	-2	262									-2	270	-2	260	-2	272	-2	258									-2	252	-2	252	-2	258	-2	264
346	AOA	aoa	2	284	0	112	2	308	2	306	2	302	2	298					-2	292	-2	302																																																																																																																																
350	oiu	Oiu	2	286	0	112	-2	306	-2	304	-2	300	-2	296					2	294	2	304															-2	246															-2	142															-2	138																																																													2	274	2	260													2	260	2	266
351	oia	Oia	2	288	0	112	-2	304	-2	302	-2	298	-2	294					2	296	2	306															-2	244															-2	140															-2	136																																																													2	276	2	262													2	262	2	268
352	ei	Ei	2	290	0	112					2	300	2	296			-2	294	-2	294	-2	304																																																																																													-2	280	-2	260													-2	274	-2	260													-2	260	-2	266
353	yeO	ueo	2	292	0	112	2	306	2	304	2	302	2	298					-2	292	-2	302																																									-2	254	-2	232	-2	172	-2	134									-2	250	-2	240	-2	148	-2	146																																																									-2	250	-2	250	-2	258	-2	264
357	yyo	uuo	2	294	0	112			2	306	2	304	2	300							-2	300																									2	264	2	238	2	202	2	142									2	256	2	234	2	174	2	136									2	252	2	242	2	150	2	148																																																																
359	oEE	oee			2	114					-2	302	-2	298			2	296	2	294	2	302																																																																																																									-2	268	-2	258	-2	272	-2	258									-2	248	-2	248	-2	256	-2	262
360	aoe	Aoe	2	296	0	114			-2	304	-2	300	-2	296							2	304																									-2	262	-2	236	-2	200	-2	140									-2	254	-2	232	-2	172	-2	134									-2	250	-2	240	-2	148	-2	146																																																											2	250			2	264
361	ou	Ou	2	298	0	114	-2	304	-2	302	-2	298	-2	294					2	296	2	306													-2	258	-2	242													-2	198	-2	138													-2	170	-2	132													-2	146	-2	144																																																																
362	AOy	aou	2	300	0	114	2	306	2	304	2	300	2	296					-2	294	-2	304																																																																																																																																
366	eAi	Eai	2	302	0	114			2	306	2	302	2	298			-2	294	-2	292	-2	302																																																																																															-2	258															-2	256													-2	254	-2	262
370	oie	Oie	2	304	0	114	-2	304	-2	304	-2	300	-2	296					2	294	2	304																																																																																																											2	260	2	274	2	258											2	252	2	256	2	264
371	ooE	ooe			2	116					-2	298	-2	294			2	296	2	296	2	306																																																																																																									-2	266	-2	258	-2	272	-2	256									-2	246	-2	250	-2	254	-2	262
372	Oey	oeu	2	306	0	116	2	306	2	306	2	300	2	296					-2	294	-2	304																																													-2	168	-2	130													-2	144	-2	142																																									-2	264	-2	256	-2	270	-2	254									-2	244	-2	248	-2	252	-2	260
374	oee	Oee	2	308	0	116	-2	304	-2	304	-2	298	-2	294					2	296	2	306																																																																																																									2	266	2	258	2	272	2	256									2	246	2	250	2	254	2	262
375	iAi	iai			2	118			2	306	2	300	2	296							-2	304																																																													-2	142	-2	140																																																													-2	252	-2	260
377	ey	eu			2	120			2	308	2	302	2	298							-2	302																																													-2	166	-2	128													-2	140	-2	138																																																																
380	oue	Oue	2	310	0	120	-2	302	-2	306	-2	300	-2	296					2	298	2	304													-2	256	-2	240													-2	196	-2	136													-2	164	-2	126													-2	138	-2	136																																											2	260			2	258											2	252			2	262
388	iOi	ioi			2	122	2	304	2	308	2	302	2	298					-2	296	-2	302																																																									-2	248	-2	238	-2	136	-2	134																																													-2	270	-2	256													-2	250	-2	260
392	uui	yui	2	312	0	122			-2	306	-2	300	-2	296							2	304																													-2	194	-2	134													-2	162	-2	124													-2	134	-2	132																																																															2	262
416	AOi	Aoi			2	124	2	306	2	308	2	302	2	298					-2	294	-2	302																									-2	260	-2	234	-2	192	-2	132									-2	252	-2	230	-2	160	-2	122									-2	246	-2	236	-2	132	-2	130																																													-2	268	-2	254													-2	248	-2	260
420	oaE	oae			2	126					-2	300	-2	296			2	298	2	296	2	304																																																																																																											-2	258			-2	252									-2	244	-2	250	-2	246	-2	258
442	eyA	Eua	2	314	0	126			2	310	2	302	2	298			-2	296	-2	294	-2	302																																																																																																																																
443	aE	ae			2	128					-2	300	-2	296			2	298	2	296	2	304																																																																																																																									-2	242	-2	248	-2	244	-2	256
449	ooo	Ooo	2	316	0	128	-2	304	-2	308	-2	298	-2	294					2	298	2	306									-2	280	-2	272	-2	254	-2	238									-2	258	-2	232	-2	190	-2	130									-2	250	-2	228	-2	158	-2	120									-2	244	-2	234	-2	130	-2	128																																																																
453	eAe	eae			2	130			2	310	2	300	2	296							-2	304																																													-2	156	-2	118													-2	128	-2	126																																																									-2	240	-2	246	-2	242	-2	254
476	aEo	aeo			2	132					-2	298	-2	294			2	300	2	300	2	306																																									-2	248	-2	226	-2	154	-2	116									-2	242	-2	232	-2	126	-2	124																																																									-2	238	-2	244	-2	240	-2	252
484	eyA	eua			2	134			2	312	2	300	2	296							-2	304																																													-2	152	-2	114													-2	124	-2	122																																																																
505	oii	Oii	2	318	0	134	-2	302	-2	310	-2	298	-2	294					2	302	2	306																																																																																																													2	270	2	254													2	242	2	254
534	iyO	iuo			2	136	2	304	2	312	2	300	2	296					-2	300	-2	304																																																											-2	230	-2	122	-2	120																																																																
604	EEE	Eee			2	138					-2	298	-2	294			2	302	2	302	2	306																																																																																									-2	276	-2	268	-2	278	-2	256									-2	264	-2	256	-2	268	-2	252									-2	236	-2	242	-2	240	-2	252
654	AAO	Aao			2	140	2	306	2	314	2	300	2	296					-2	300	-2	304																											-2	230	-2	188	-2	128											-2	224	-2	150	-2	112											-2	228	-2	120	-2	118																																																																
655	oie	Oie	2	320	0	140	-2	304	-2	312	-2	298	-2	294					2	302	2	306																																																																																																											2	258	2	270	2	254											2	244	2	242	2	254
726	Oye	Oue			2	142			2	314	2	300	2	296							-2	304													-2	252	-2	236													-2	186	-2	126													-2	148	-2	110													-2	118	-2	116																																																									-2	234	-2	242	-2	240	-2	252
754	ouo	Ouo	2	322	0	142	-2	302	-2	312	-2	298	-2	294					2	304	2	306											-2	270	-2	250	-2	234											-2	228	-2	184	-2	124											-2	222	-2	146	-2	108											-2	226	-2	116	-2	114																																																																
911	oAA	oaa			2	144			2	314	2	300	2	296							-2	304																																																																																																					2	306	2	306	2	266	2	260	2	272	2	256					2	308	2	308	2	236	2	244	2	242	2	254
1000	iAi	iai			2	146			2	316	2	302	2	298							-2	302																																																													-2	114	-2	112																																																													-2	240	-2	252
1002	uE	ue			2	148					-2	300	-2	296			2	304	2	306	2	304																																																																																																																									-2	234	-2	242	-2	238	-2	250
1512	oui	Oui	2	324	0	148	-2	300	-2	314	-2	298	-2	294					2	308	2	306													-2	248	-2	232													-2	182	-2	122													-2	144	-2	106													-2	112	-2	110																																															2	258															2	252
1591	yyy	yuu			2	150			2	316	2	300	2	296							-2	304																													-2	180	-2	120													-2	142	-2	104													-2	110	-2	108																																																																
1986	oO	oo			2	152	2	302	2	318	2	302	2	298					-2	306	-2	302																																																																																																	2	302	2	302	2	308	2	308	2	268	2	262	2	274	2	260	2	304	2	304	2	310	2	310	2	236	2	244	2	240	2	254
2020	eEE	eee			2	154					-2	300	-2	296			2	306	2	308	2	304																																					2	302	2	302	2	250	2	224	2	144	2	106					2	308	2	308	2	244	2	228	2	112	2	110																																																																
2063	oui	Oui	2	326	0	154	-2	300	-2	316	-2	298	-2	294					2	310	2	306													-2	246	-2	230													-2	178	-2	118													-2	142	-2	104													-2	110	-2	108																																															2	262															2	256
2547	oaO	oao			2	156	2	302	2	318	2	300	2	296					-2	308	-2	304																																																																																																			2	304			2	310			2	264			2	264	2	306	2	306	2	312	2	312	2	238	2	246	2	242	2	258
4160	aao	Aao	2	328	0	156			-2	316	-2	298	-2	294							2	306																											-2	226	-2	176	-2	116											-2	222	-2	140	-2	102											-2	226	-2	108	-2	106																																																																
4342	EOu	Eou			2	158	2	304	2	318	2	300	2	296					-2	306	-2	304													2	248	2	232													2	178	2	118													2	142	2	104													2	110	2	108																	2	302	2	302	2	302	2	302	2	278	2	270	2	280	2	258	2	304	2	306	2	310	2	312	2	270	2	266	2	276	2	266	2	308	2	308	2	314	2	314	2	240	2	248	2	244	2	260
4631	auE	Aue	2	330	0	158			-2	316	-2	298	-2	294			2	308	2	308	2	306																													-2	176	-2	116													-2	140	-2	102													-2	108	-2	106																																																									-2	238	-2	246	-2	242	-2	258
5292	AOe	Aoe			0.2	158.2	0.2	304.2	0.2	316.2	0.2	298.2	0.2	294.2					-0.2	307.8	-0.2	305.8																									-0.2	257.8	-0.2	225.8	-0.2	175.8	-0.2	115.8									-0.2	249.8	-0.2	221.8	-0.2	139.8	-0.2	101.8									-0.2	243.8	-0.2	225.8	-0.2	107.8	-0.2	105.8																																									-0.2	269.8	-0.2	265.8	-0.2	275.8	-0.2	265.8									-0.2	237.8	-0.2	245.8	-0.2	241.8	-0.2	257.8
5766	OOO	Ooo			0.2	158.39999999999998	0.2	304.4	0.2	316.4	0.2	298.4	0.2	294.4					-0.2	307.6	-0.2	305.6									-0.2	279.8	-0.2	269.8	-0.2	247.8	-0.2	231.8									-0.2	257.6	-0.2	225.60000000000002	-0.2	175.60000000000002	-0.2	115.6									-0.2	249.60000000000002	-0.2	221.60000000000002	-0.2	139.60000000000002	-0.2	101.6									-0.2	243.60000000000002	-0.2	225.60000000000002	-0.2	107.6	-0.2	105.6																																																																
11170	ayO	auo			0.02	158.42	0.02	304.41999999999996	0.02	316.41999999999996	0.02	298.41999999999996	0.02	294.41999999999996					-0.02	307.58000000000004	-0.02	305.58000000000004																																																																																																																			0.02	308.02	0.02	314.02	0.02	314.02	0.02	237.82000000000002	0.02	245.82000000000002	0.02	241.82000000000002	0.02	257.82
11733	AyO	Auo			0.02	158.44	0.02	304.43999999999994	0.02	316.43999999999994	0.02	298.43999999999994	0.02	294.43999999999994					-0.02	307.56000000000006	-0.02	305.56000000000006																											-0.02	225.58	-0.02	175.58	-0.02	115.58											-0.02	221.58	-0.02	139.58	-0.02	101.58											-0.02	225.58	-0.02	107.58	-0.02	105.58																																																																
14816	OeO	Oeo			0.02	158.46	0.02	304.4599999999999	0.02	316.4599999999999	0.02	298.4599999999999	0.02	294.4599999999999					-0.02	307.5400000000001	-0.02	305.5400000000001											-0.02	269.78000000000003			-0.02	231.78											-0.02	225.56			-0.02	115.56									-0.02	249.58	-0.02	221.56	-0.02	139.56	-0.02	101.56									-0.02	243.58	-0.02	225.56	-0.02	107.56	-0.02	105.56																																																																
18658	AOe	Aoe			0.002	158.46200000000002	0.002	304.46199999999993	0.002	316.46199999999993	0.002	298.46199999999993	0.002	294.46199999999993					-0.002	307.53800000000007	-0.002	305.53800000000007																									-0.002	257.598	-0.002	225.558	-0.002	175.578	-0.002	115.558									-0.002	249.578	-0.002	221.558	-0.002	139.558	-0.002	101.558									-0.002	243.578	-0.002	225.558	-0.002	107.558	-0.002	105.558																																									-0.002	269.798	-0.002	265.798	-0.002	275.798	-0.002	265.798									-0.002	237.818	-0.002	245.818	-0.002	241.818	-0.002	257.818
TOTAL				330		158.46200000000002		304.46199999999993		316.46199999999993		298.46199999999993		294.46199999999993		308		308		307.53800000000007		305.53800000000007		300		300		300		300		279.8		269.78000000000003		247.8		231.78		300		300		300		300		257.598		225.558		175.578		115.558		300		300		302		302		249.578		221.558		139.558		101.558		300		300		308		308		243.578		225.558		107.558		105.558		300		300		300		300		300		300		300		300		302		302		302		302		278		270		280		258		304		306		310		312		269.798		265.798		275.798		265.798		308		308.02		314.02		314.02		237.818		245.818		241.818		257.818
