trialnum	Generated	Heard	Id(Bk)Syl1	now	Id(Bk)	now	*F1	now	*F3	now	*F4	now	*F5	now	*B1	now	*B2	now	*B3	now	*B5	now	*F1_B1	now	*F1..._B1	now	*F1_B2	now	*F1..._B2	now	*F1_B3	now	*F1..._B3	now	*F1_B5	now	*F1..._B5	now	*F3_B1	now	*F3..._B1	now	*F3_B2	now	*F3..._B2	now	*F3_B3	now	*F3..._B3	now	*F3_B5	now	*F3..._B5	now	*F4_B1	now	*F4..._B1	now	*F4_B2	now	*F4..._B2	now	*F4_B3	now	*F4..._B3	now	*F4_B5	now	*F4..._B5	now	*F5_B1	now	*F5..._B1	now	*F5_B2	now	*F5..._B2	now	*F5_B3	now	*F5..._B3	now	*F5_B5	now	*F5..._B5	now	*_B1F1	now	*_B1...F1	now	*_B1F3	now	*_B1...F3	now	*_B1F4	now	*_B1...F4	now	*_B1F5	now	*_B1...F5	now	*_B2F1	now	*_B2...F1	now	*_B2F3	now	*_B2...F3	now	*_B2F4	now	*_B2...F4	now	*_B2F5	now	*_B2...F5	now	*_B3F1	now	*_B3...F1	now	*_B3F3	now	*_B3...F3	now	*_B3F4	now	*_B3...F4	now	*_B3F5	now	*_B3...F5	now	*_B5F1	now	*_B5...F1	now	*_B5F3	now	*_B5...F3	now	*_B5F4	now	*_B5...F4	now	*_B5F5	now	*_B5...F5	now
				0		0		100		100		100		100		100		100		100		100		100		100		100		100		100		100		100		100		100		100		100		100		100		100		100		100		100		100		100		100		100		100		100		100		100		100		100		100		100		100		100		100		100		100		100		100		100		100		100		100		100		100		100		100		100		100		100		100		100		100		100		100		100		100		100		100		100		100		100		100		100		100		100		100
1	EEu	eeu	1.2	1.2	0	0					-2	98	-2	98			1.2	101.2	1.2	101.2	1.2	101.2																																													-2	98	-2	98													-2	98	-2	98																																																																
2	Aey	aeu	1.3846153846153846	2.5846153846153843	0	0			1.3846153846153846	101.38461538461539	1.3846153846153846	99.38461538461539	1.3846153846153846	99.38461538461539							-2	99.2																																													-2	96	-2	96													-2	96	-2	96																																																									-2	98	-2	98	-2	98	-2	98
3	OeO	Oeo			1.4736842105263157	1.4736842105263157	1.4736842105263157	101.47368421052632	1.4736842105263157	102.8582995951417	1.4736842105263157	100.8582995951417	1.4736842105263157	100.8582995951417					-2	99.2	-2	97.2											-2	98			-2	98											-2	98			-2	98									-2	98	-2	98	-2	94	-2	94									-2	98	-2	98	-2	94	-2	94																																																																
4	uau	yau	1.6363636363636365	4.220979020979021	0	1.4736842105263157			-2	100.8582995951417	-2	98.8582995951417	-2	98.8582995951417							1.6363636363636365	98.83636363636364																													-2	98	-2	96													-2	92	-2	92													-2	92	-2	92																																																																
6	EoE	Eoe			1.5	2.973684210526316					-2	96.8582995951417	-2	96.8582995951417			1.5	102.7	1.5	100.7	1.5	100.33636363636364																																																																																											-2	98			-2	98									-2	98	-2	98	-2	98	-2	98									-2	96	-2	96	-2	96	-2	96
7	Aii	aii	0.8571428571428571	5.078121878121878	0	2.973684210526316			0.8571428571428571	101.71544245228456	0.8571428571428571	97.71544245228456	0.8571428571428571	97.71544245228456							-2	98.33636363636364																																																																																																																													-2	94	-2	94
9	uou	you	1.7647058823529411	6.842827760474819	0	2.973684210526316			-2	99.71544245228456	-2	95.71544245228456	-2	95.71544245228456							1.7647058823529411	100.10106951871659																									-2	98	-2	96	-2	96	-2	94									-2	96	-2	96	-2	90	-2	90									-2	96	-2	96	-2	90	-2	90																																																																
13	eou	Eou	0.42857142857142855	7.271399189046248	0	2.973684210526316					0.42857142857142855	96.144013880856	0.42857142857142855	96.144013880856			-2	100.7	-2	98.7	-2	98.10106951871659																																									0.42857142857142855	96.42857142857143	0.42857142857142855	96.42857142857143	0.42857142857142855	90.42857142857143	0.42857142857142855	90.42857142857143									0.42857142857142855	96.42857142857143	0.42857142857142855	96.42857142857143	0.42857142857142855	90.42857142857143	0.42857142857142855	90.42857142857143																																																																
14	eye	Eue	1.4666666666666666	8.738065855712914	0	2.973684210526316			1.4666666666666666	101.18210911895123	1.4666666666666666	97.61068054752266	1.4666666666666666	97.61068054752266			-2	98.7	-2	96.7	-2	96.10106951871659																																																																																											-2	96			-2	96											-2	96			-2	96									-2	94	-2	94	-2	92	-2	92
16	aEo	aeo			1.5555555555555556	4.529239766081871					-2	95.61068054752266	-2	95.61068054752266			1.5555555555555556	100.25555555555556	1.5555555555555556	98.25555555555556	1.5555555555555556	97.65662507427214																																									-2	94.42857142857143	-2	94.42857142857143	-2	88.42857142857143	-2	88.42857142857143									-2	94.42857142857143	-2	94.42857142857143	-2	88.42857142857143	-2	88.42857142857143																																																									-2	92	-2	92	-2	90	-2	90
18	ouE	Oue	1.6	10.338065855712914	0	4.529239766081871	-2	99.47368421052632	-2	99.18210911895123	-2	93.61068054752266	-2	93.61068054752266			1.6	101.85555555555555	1.6	99.85555555555555	1.6	99.25662507427214													-2	98	-2	96													-2	94	-2	92													-2	86.42857142857143	-2	86.42857142857143													-2	86.42857142857143	-2	86.42857142857143																																																									-2	90	-2	90	-2	88	-2	88
19	OAy	Oau			1.3846153846153846	5.913855150697255			1.3846153846153846	100.56672450356662	1.3846153846153846	94.99529593213805	1.3846153846153846	94.99529593213805							-2	97.25662507427214													-2	96	-2	94													-2	92	-2	90													-2	84.42857142857143	-2	84.42857142857143													-2	84.42857142857143	-2	84.42857142857143																																																																
20	oue	Oue	1.263157894736842	11.601223750449757	0	5.913855150697255	-2	97.47368421052632	-2	98.56672450356662	-2	92.99529593213805	-2	92.99529593213805					1.263157894736842	101.11871345029239	1.263157894736842	98.51978296900897													-2	94	-2	92													-2	90	-2	88													-2	82.42857142857143	-2	82.42857142857143													-2	82.42857142857143	-2	82.42857142857143																																											1.263157894736842	97.26315789473684			1.263157894736842	97.26315789473684											1.263157894736842	91.26315789473684			1.263157894736842	89.26315789473684
21	eoa	Eoa	0.42857142857142855	12.029795179021185	0	5.913855150697255					0.42857142857142855	93.42386736070948	0.42857142857142855	93.42386736070948			-2	99.85555555555555	-2	99.11871345029239	-2	96.51978296900897																																									0.42857142857142855	94.85714285714286	0.42857142857142855	94.85714285714286	0.42857142857142855	82.85714285714286	0.42857142857142855	82.85714285714286									0.42857142857142855	94.85714285714286	0.42857142857142855	94.85714285714286	0.42857142857142855	82.85714285714286	0.42857142857142855	82.85714285714286																																																																
23	eie	Eie	1.6	13.629795179021185	0	5.913855150697255					1.6	95.02386736070947	1.6	95.02386736070947			-2	97.85555555555555	-2	97.11871345029239	-2	94.51978296900897																																																																																											-2	94	-2	98	-2	94											-2	95.26315789473684	-2	96	-2	95.26315789473684											-2	89.26315789473684	-2	86	-2	87.26315789473684
24	uie	yie	0.75	14.379795179021185	0	5.913855150697255			-2	96.56672450356662	-2	93.02386736070947	-2	93.02386736070947							0.75	95.26978296900897																																																																																																																											0.75	90.01315789473684	0.75	86.75	0.75	88.01315789473684
25	oui	Oui	1.411764705882353	15.791559884903538	0	5.913855150697255	-2	95.47368421052632	-2	94.56672450356662	-2	91.02386736070947	-2	91.02386736070947					1.411764705882353	98.53047815617474	1.411764705882353	96.68154767489132													-2	92	-2	90													-2	88	-2	86													-2	80.85714285714286	-2	80.85714285714286													-2	80.85714285714286	-2	80.85714285714286																																															1.411764705882353	96.67492260061918															1.411764705882353	89.42492260061918
26	Aie	aie	1.0	16.79155988490354	0	5.913855150697255			1.0	95.56672450356662	1.0	92.02386736070947	1.0	92.02386736070947							-2	94.68154767489132																																																																																																																											-2	88.01315789473684	-2	84.75	-2	87.42492260061918
27	yAy	uau	0.4	17.191559884903537	0	5.913855150697255			0.4	95.96672450356662	0.4	92.42386736070948	0.4	92.42386736070948							-2	92.68154767489132																																																																																																																																
29	OAO	Oao			1.4736842105263157	7.387539361223571	1.4736842105263157	96.94736842105263	1.4736842105263157	97.44040871409294	1.4736842105263157	93.8975515712358	1.4736842105263157	93.8975515712358					-2	96.53047815617474	-2	90.68154767489132											-2	96	-2	90	-2	88											-2	94	-2	86	-2	84											-2	92.85714285714286	-2	78.85714285714286	-2	78.85714285714286											-2	92.85714285714286	-2	78.85714285714286	-2	78.85714285714286																																																																
30	oau	Oau	1.6	18.79155988490354	0	7.387539361223571	-2	94.94736842105263	-2	95.44040871409294	-2	91.8975515712358	-2	91.8975515712358					1.6	98.13047815617473	1.6	92.28154767489131													-2	88	-2	86													-2	84	-2	82													-2	76.85714285714286	-2	76.85714285714286													-2	76.85714285714286	-2	76.85714285714286																																																																
31	yOa	yoa			1.2222222222222223	8.609761583445794	1.2222222222222223	96.16959064327486	1.2222222222222223	96.66263093631517	1.2222222222222223	93.11977379345802	1.2222222222222223	93.11977379345802					-2	96.13047815617473	-2	90.28154767489131													1.2222222222222223	89.22222222222223	1.2222222222222223	87.22222222222223									-2	96	-2	92			-2	80									-2	92.85714285714286	-2	90.85714285714286			-2	74.85714285714286									-2	92.85714285714286	-2	90.85714285714286			-2	74.85714285714286																																																																
33	eoa	Eoa	0.42857142857142855	19.220131313474965	0	8.609761583445794					0.42857142857142855	93.54834522202945	0.42857142857142855	93.54834522202945			-2	95.85555555555555	-2	94.13047815617473	-2	88.28154767489131																																									0.42857142857142855	93.28571428571429	0.42857142857142855	91.28571428571429	0.42857142857142855	77.28571428571429	0.42857142857142855	75.28571428571429									0.42857142857142855	93.28571428571429	0.42857142857142855	91.28571428571429	0.42857142857142855	77.28571428571429	0.42857142857142855	75.28571428571429																																																																
34	aEo	aeo			1.5555555555555556	10.165317139001349					-2	91.54834522202945	-2	91.54834522202945			1.5555555555555556	97.41111111111111	1.5555555555555556	95.68603371173029	1.5555555555555556	89.83710323044687																																									-2	91.28571428571429	-2	89.28571428571429	-2	75.28571428571429	-2	73.28571428571429									-2	91.28571428571429	-2	89.28571428571429	-2	75.28571428571429	-2	73.28571428571429																																																									-2	88	-2	86.01315789473684	-2	82.75	-2	85.42492260061918
37	ae	Ae	0.6666666666666666	19.886797980141633	0	10.165317139001349			-2	94.66263093631517	-2	89.54834522202945	-2	89.54834522202945							0.6666666666666666	90.50376989711354																																																																																																																									0.6666666666666666	88.66666666666667	0.6666666666666666	86.6798245614035	0.6666666666666666	83.41666666666667	0.6666666666666666	86.09158926728585
39	oua	Oua	1.6	21.486797980141635	0	10.165317139001349	-2	94.16959064327486	-2	92.66263093631517	-2	87.54834522202945	-2	87.54834522202945					1.6	97.28603371173028	1.6	92.10376989711354													-2	87.22222222222223	-2	85.22222222222223													-2	82	-2	78													-2	73.28571428571429	-2	71.28571428571429													-2	73.28571428571429	-2	71.28571428571429																																																																
40	yyi	uui	0.8571428571428571	22.343940837284492	0	10.165317139001349			0.8571428571428571	93.51977379345803	0.8571428571428571	88.40548807917231	0.8571428571428571	88.40548807917231							-2	90.10376989711354																																																																																																																													-2	81.41666666666667	-2	84.09158926728585
42	OOe	ooe	1.3333333333333333	23.677274170617824	0	10.165317139001349	1.3333333333333333	95.50292397660819	1.3333333333333333	94.85310712679136	1.3333333333333333	89.73882141250564	1.3333333333333333	89.73882141250564					-2	95.28603371173028	-2	88.10376989711354																																																																																																									-2	96	-2	93.26315789473684	-2	94	-2	94.67492260061918									-2	86.66666666666667	-2	84.6798245614035	-2	79.41666666666667	-2	82.09158926728585
46	AO	ao	0.5714285714285714	24.248702742046397	0	10.165317139001349	0.5714285714285714	96.07435254803676	0.5714285714285714	95.42453569821993	0.5714285714285714	90.31024998393421	0.5714285714285714	90.31024998393421					-2	93.28603371173028	-2	86.10376989711354																																																																																																																																
47	aoa	Aoa	1.7647058823529411	26.01340862439934	0	10.165317139001349			-2	93.42453569821993	-2	88.31024998393421	-2	88.31024998393421							1.7647058823529411	87.86847577946648																									-2	94	-2	90	-2	80	-2	76									-2	89.28571428571429	-2	87.28571428571429	-2	71.28571428571429	-2	69.28571428571429									-2	89.28571428571429	-2	87.28571428571429	-2	71.28571428571429	-2	69.28571428571429																																																																
49	euu	Euu	0.6	26.61340862439934	0	10.165317139001349					0.6	88.91024998393421	0.6	88.91024998393421			-2	95.41111111111111	-2	91.28603371173028	-2	85.86847577946648																																													0.6	71.88571428571429	0.6	69.88571428571429													0.6	71.88571428571429	0.6	69.88571428571429																																																																
50	oao	Oao	1.6842105263157894	28.29761915071513	0	10.165317139001349	-2	94.07435254803676	-2	91.42453569821993	-2	86.91024998393421	-2	86.91024998393421					1.6842105263157894	92.97024423804608	1.6842105263157894	87.55268630578227											-2	94	-2	85.22222222222223	-2	83.22222222222223											-2	88	-2	78	-2	74											-2	85.28571428571429	-2	69.88571428571429	-2	67.88571428571429											-2	85.28571428571429	-2	69.88571428571429	-2	67.88571428571429																																																																
51	ao	Ao	1.7647058823529411	30.06232503306807	0	10.165317139001349			-2	89.42453569821993	-2	84.91024998393421	-2	84.91024998393421							1.7647058823529411	89.31739218813522																									-2	92	-2	86	-2	76	-2	72									-2	87.28571428571429	-2	83.28571428571429	-2	67.88571428571429	-2	65.88571428571429									-2	87.28571428571429	-2	83.28571428571429	-2	67.88571428571429	-2	65.88571428571429																																																																
53	iiy	iiu			0.8571428571428571	11.022459996144207			0.8571428571428571	90.28167855536279	0.8571428571428571	85.76739284107707	0.8571428571428571	85.76739284107707							-2	87.31739218813522																																																													-2	65.88571428571429	-2	63.885714285714286																																																																
54	yyi	yui			1.3846153846153846	12.407075380759592			1.3846153846153846	91.66629393997817	1.3846153846153846	87.15200822569246	1.3846153846153846	87.15200822569246							-2	85.31739218813522																													-2	74	-2	70													-2	65.88571428571429	-2	63.885714285714286													-2	63.885714285714286	-2	61.885714285714286																																																													-2	77.41666666666667	-2	80.09158926728585
55	ooo	Ooo	1.7391304347826086	31.80145546785068	0	12.407075380759592	-2	92.07435254803676	-2	89.66629393997817	-2	85.15200822569246	-2	85.15200822569246					1.7391304347826086	94.70937467282869	1.7391304347826086	87.05652262291783									-2	98	-2	92	-2	83.22222222222223	-2	81.22222222222223									-2	90	-2	84	-2	72	-2	68									-2	85.28571428571429	-2	81.28571428571429	-2	63.885714285714286	-2	61.885714285714286									-2	85.28571428571429	-2	81.28571428571429	-2	61.885714285714286	-2	59.885714285714286																																																																
57	OAO	Oao			1.4736842105263157	13.880759591285907	1.4736842105263157	93.54803675856307	1.4736842105263157	91.13997815050449	1.4736842105263157	86.62569243621877	1.4736842105263157	86.62569243621877					-2	92.70937467282869	-2	85.05652262291783											-2	90	-2	81.22222222222223	-2	79.22222222222223											-2	82	-2	70	-2	66											-2	79.28571428571429	-2	61.885714285714286	-2	59.885714285714286											-2	79.28571428571429	-2	59.885714285714286	-2	57.885714285714286																																																																
60	eoa	Eoa	0.42857142857142855	32.23002689642211	0	13.880759591285907					0.42857142857142855	87.0542638647902	0.42857142857142855	87.0542638647902			-2	93.41111111111111	-2	90.70937467282869	-2	83.05652262291783																																									0.42857142857142855	85.71428571428572	0.42857142857142855	79.71428571428572	0.42857142857142855	62.31428571428572	0.42857142857142855	60.31428571428572									0.42857142857142855	85.71428571428572	0.42857142857142855	79.71428571428572	0.42857142857142855	60.31428571428572	0.42857142857142855	58.31428571428572																																																																
66	ee	Ee	1.6666666666666667	33.896693563088775	0	13.880759591285907					1.6666666666666667	88.72093053145687	1.6666666666666667	88.72093053145687			-2	91.41111111111111	-2	88.70937467282869	-2	81.05652262291783																																																																																									-2	98	-2	92	-2	96	-2	92									-2	94	-2	91.26315789473684	-2	92	-2	92.67492260061918									-2	84.66666666666667	-2	82.6798245614035	-2	75.41666666666667	-2	78.09158926728585
68	eeu	Eeu	1.6666666666666667	35.56336022975544	0	13.880759591285907					1.6666666666666667	90.38759719812354	1.6666666666666667	90.38759719812354			-2	89.41111111111111	-2	86.70937467282869	-2	79.05652262291783																																																																																									-2	96	-2	90	-2	94	-2	90									-2	92	-2	89.26315789473684	-2	90	-2	90.67492260061918									-2	82.66666666666667	-2	80.6798245614035	-2	73.41666666666667	-2	76.09158926728585
69	oEi	oei			0.8571428571428571	14.737902448428764					-2	88.38759719812354	-2	88.38759719812354			0.8571428571428571	90.26825396825397	0.8571428571428571	87.56651752997155	0.8571428571428571	79.91366548006069																																																																																													0.8571428571428571	94.85714285714286	0.8571428571428571	90.85714285714286									-2	90	-2	87.26315789473684			0.8571428571428571	91.53206545776204									-2	80.66666666666667	-2	78.6798245614035			0.8571428571428571	76.94873212442872
70	ueo	yeo	0.9090909090909091	36.472451138846345	0	14.737902448428764			-2	89.13997815050449	-2	86.38759719812354	-2	86.38759719812354							0.9090909090909091	80.82275638915159																											-2	80			-2	64																																																																																									0.9090909090909091	81.57575757575758	0.9090909090909091	79.58891547049441	0.9090909090909091	74.32575757575758	0.9090909090909091	77.85782303351962
73	aEa	aea			1.4285714285714286	16.166473877000193					-2	84.38759719812354	-2	84.38759719812354			1.4285714285714286	91.6968253968254	1.4285714285714286	88.99508895854298	1.4285714285714286	82.25132781772302																																													-2	60.31428571428572	-2	58.31428571428572													-2	58.31428571428572	-2	56.31428571428572																																																									-2	79.57575757575758	-2	77.58891547049441	-2	72.32575757575758	-2	75.85782303351962
76	oaa	Oaa	1.6	38.07245113884635	0	16.166473877000193	-2	91.54803675856307	-2	87.13997815050449	-2	82.38759719812354	-2	82.38759719812354					1.6	90.59508895854297	1.6	83.85132781772302													-2	79.22222222222223	-2	77.22222222222223													-2	68	-2	62													-2	58.31428571428572	-2	56.31428571428572													-2	56.31428571428572	-2	54.31428571428572																																																																
77	eyO	Euo	0.75	38.82245113884635	0	16.166473877000193	0.75	92.29803675856307	0.75	87.88997815050449	0.75	83.13759719812354	0.75	83.13759719812354			-2	89.6968253968254	-2	88.59508895854297	-2	81.85132781772302																																																																																																																																
78	Oia	oia	0.8571428571428571	39.6795939959892	0	16.166473877000193	0.8571428571428571	93.15517961570593	0.8571428571428571	88.74712100764735	0.8571428571428571	83.9947400552664	0.8571428571428571	83.9947400552664					-2	86.59508895854297	-2	79.85132781772302															0.8571428571428571	78.07936507936509															0.8571428571428571	62.857142857142854															0.8571428571428571	57.17142857142857																																																													-2	88	-2	89.53206545776204													-2	70.32575757575758	-2	73.85782303351962
79	eu	Eu	0.6	40.2795939959892	0	16.166473877000193					0.6	84.5947400552664	0.6	84.5947400552664			-2	87.6968253968254	-2	84.59508895854297	-2	77.85132781772302																																													0.6	58.91428571428572	0.6	57.77142857142857													0.6	56.91428571428572	0.6	54.91428571428572																																																																
80	aii	Aii	0.8571428571428571	41.13673685313206	0	16.166473877000193			-2	86.74712100764735	-2	82.5947400552664	-2	82.5947400552664							0.8571428571428571	78.70847067486588																																																																																																																													0.8571428571428571	71.18290043290044	0.8571428571428571	74.71496589066248
81	euo	Euo	0.5	41.63673685313206	0	16.166473877000193					0.5	83.0947400552664	0.5	83.0947400552664			-2	85.6968253968254	-2	82.59508895854297	-2	76.70847067486588																																											0.5	80.21428571428572	0.5	59.41428571428572	0.5	58.27142857142857											0.5	80.21428571428572	0.5	57.41428571428572	0.5	55.41428571428572																																																																
82	eiu	Eiu	1.3846153846153846	43.02135223774744	0	16.166473877000193					1.3846153846153846	84.47935543988179	1.3846153846153846	84.47935543988179			-2	83.6968253968254	-2	80.59508895854297	-2	74.70847067486588																																															1.3846153846153846	59.65604395604396																																													-2	92.85714285714286	-2	88.85714285714286													-2	86	-2	87.53206545776204													-2	69.18290043290044	-2	72.71496589066248
83	aia	Aia	1.1111111111111112	44.13246334885856	0	16.166473877000193			-2	84.74712100764735	-2	82.47935543988179	-2	82.47935543988179							1.1111111111111112	75.819581785977																															-2	60.857142857142854															-2	57.65604395604396																																																																													1.1111111111111112	70.29401154401155	1.1111111111111112	73.8260770017736
87	eua	Eua	0.6	44.73246334885856	0	16.166473877000193					0.6	83.07935543988178	0.6	83.07935543988178			-2	81.6968253968254	-2	78.59508895854297	-2	73.819581785977																																													0.6	60.01428571428572	0.6	58.25604395604396													0.6	58.01428571428572	0.6	56.01428571428572																																																																
89	aia	Aia	1.1111111111111112	45.84357445996967	0	16.166473877000193			-2	82.74712100764735	-2	81.07935543988178	-2	81.07935543988178							1.1111111111111112	74.93069289708811																															-2	58.857142857142854															-2	56.25604395604396																																																																													1.1111111111111112	71.40512265512267	1.1111111111111112	74.93718811288471
92	aao	Aao	1.7142857142857142	47.55786017425539	0	16.166473877000193			-2	80.74712100764735	-2	79.07935543988178	-2	79.07935543988178							1.7142857142857142	76.64497861137382																											-2	78	-2	66	-2	56.857142857142854											-2	78.21428571428572	-2	58.01428571428572	-2	54.25604395604396											-2	78.21428571428572	-2	56.01428571428572	-2	54.01428571428572																																																																
93	uia	yia	1.1111111111111112	48.6689712853665	0	16.166473877000193			-2	78.74712100764735	-2	77.07935543988178	-2	77.07935543988178							1.1111111111111112	77.75608972248493																															-2	54.857142857142854															-2	52.25604395604396																																																																													1.1111111111111112	72.51623376623378	1.1111111111111112	76.04829922399583
94	EuE	Eue			1.4285714285714286	17.59504530557162					-2	75.07935543988178	-2	75.07935543988178			1.4285714285714286	83.12539682539683	1.4285714285714286	80.0236603871144	1.4285714285714286	79.18466115105636																																																																																											-2	88			-2	86.85714285714286											-2	85.26315789473684			-2	85.53206545776204									-2	77.57575757575758	-2	75.58891547049441	-2	70.51623376623378	-2	74.04829922399583
99	eiy	Eiu	1.4666666666666666	50.13563795203317	0	17.59504530557162			1.4666666666666666	80.21378767431402	1.4666666666666666	76.54602210654845	1.4666666666666666	76.54602210654845			-2	81.12539682539683	-2	78.0236603871144	-2	77.18466115105636																																																													-2	54.01428571428572	-2	52.01428571428572																													-2	90.85714285714286	-2	84.85714285714286													-2	84	-2	83.53206545776204													-2	68.51623376623378	-2	72.04829922399583
101	oio	Oio	1.1764705882352942	51.31210854026847	0	17.59504530557162	-2	91.15517961570593	-2	78.21378767431402	-2	74.54602210654845	-2	74.54602210654845					1.1764705882352942	79.2001309753497	1.1764705882352942	78.36113173929165											-2	88			-2	76.07936507936509											-2	76			-2	52.857142857142854											-2	76.21428571428572			-2	50.25604395604396																																																													1.1764705882352942	85.17647058823529	1.1764705882352942	84.70853604599733													1.1764705882352942	69.69270435446907	1.1764705882352942	73.22476981223112
102	Eoo	eoo	1.4285714285714286	52.7406799688399	0	17.59504530557162					-2	72.54602210654845	-2	72.54602210654845			1.4285714285714286	82.55396825396826	1.4285714285714286	80.62870240392112	1.4285714285714286	79.78970316786308																																									-2	83.71428571428572	-2	74.21428571428572	-2	56.01428571428572	-2	48.25604395604396									-2	83.71428571428572	-2	76.21428571428572	-2	52.01428571428572	-2	50.01428571428572																																																																
103	uau	yau	1.6363636363636365	54.37704360520353	0	17.59504530557162			-2	76.21378767431402	-2	70.54602210654845	-2	70.54602210654845							1.6363636363636365	81.42606680422672																													-2	64	-2	50.857142857142854													-2	54.01428571428572	-2	46.25604395604396													-2	50.01428571428572	-2	48.01428571428572																																																																
105	yii	uii	0.8571428571428571	55.234186462346386	0	17.59504530557162			0.8571428571428571	77.07093053145688	0.8571428571428571	71.40316496369131	0.8571428571428571	71.40316496369131							-2	79.42606680422672																																																																																																																													-2	67.69270435446907	-2	71.22476981223112
107	aoa	Aoa	1.7647058823529411	56.99889234469933	0	17.59504530557162			-2	75.07093053145688	-2	69.40316496369131	-2	69.40316496369131							1.7647058823529411	81.19077268657966																									-2	88	-2	74	-2	62	-2	48.857142857142854									-2	81.71428571428572	-2	72.21428571428572	-2	52.01428571428572	-2	44.25604395604396									-2	81.71428571428572	-2	74.21428571428572	-2	48.01428571428572	-2	46.01428571428572																																																																
108	eie	Eie	1.6	58.59889234469933	0	17.59504530557162					1.6	71.0031649636913	1.6	71.0031649636913			-2	80.55396825396826	-2	78.62870240392112	-2	79.19077268657966																																																																																											-2	86	-2	88.85714285714286	-2	82.85714285714286											-2	83.26315789473684	-2	83.17647058823529	-2	82.70853604599733											-2	73.58891547049441	-2	65.69270435446907	-2	69.22476981223112
111	Ayy	auu	0.4	58.99889234469933	0	17.59504530557162			0.4	75.47093053145689	0.4	71.40316496369131	0.4	71.40316496369131							-2	77.19077268657966																																																																																																																																
112	uEo	yeo	1.5294117647058822	60.52830410940521	0	17.59504530557162			-2	73.47093053145689	-2	69.40316496369131	-2	69.40316496369131			1.5294117647058822	82.08338001867415	1.5294117647058822	80.15811416862701	1.5294117647058822	78.72018445128555																											-2	72			-2	46.857142857142854									-2	79.71428571428572	-2	70.21428571428572	-2	50.01428571428572	-2	42.25604395604396									-2	79.71428571428572	-2	72.21428571428572	-2	46.01428571428572	-2	44.01428571428572																																																																
113	yey	ueu	1.3846153846153846	61.9129194940206	0	17.59504530557162			1.3846153846153846	74.85554591607227	1.3846153846153846	70.7877803483067	1.3846153846153846	70.7877803483067							-2	76.72018445128555																																													-2	48.01428571428572	-2	40.25604395604396													-2	44.01428571428572	-2	42.01428571428572																																																									-2	75.57575757575758	-2	71.58891547049441	-2	63.69270435446907	-2	67.22476981223112
115	yeA	uea	1.3846153846153846	63.297534878635986	0	17.59504530557162			1.3846153846153846	76.24016130068766	1.3846153846153846	72.17239573292208	1.3846153846153846	72.17239573292208							-2	74.72018445128555																																													-2	46.01428571428572	-2	38.25604395604396													-2	42.01428571428572	-2	40.01428571428572																																																									-2	73.57575757575758	-2	69.58891547049441	-2	61.69270435446907	-2	65.22476981223112
116	oau	Oau	1.6	64.89753487863598	0	17.59504530557162	-2	89.15517961570593	-2	74.24016130068766	-2	70.17239573292208	-2	70.17239573292208					1.6	81.758114168627	1.6	76.32018445128554													-2	77.22222222222223	-2	74.07936507936509													-2	60	-2	44.857142857142854													-2	44.01428571428572	-2	36.25604395604396													-2	40.01428571428572	-2	38.01428571428572																																																																
117	yAA	yaa			1.2727272727272727	18.867772578298894			1.2727272727272727	75.51288857341493	1.2727272727272727	71.44512300564935	1.2727272727272727	71.44512300564935							-2	74.32018445128554																													-2	58	-2	42.857142857142854													-2	42.01428571428572	-2	34.25604395604396													-2	38.01428571428572	-2	36.01428571428572																																																																
118	eau	Eau	0.6	65.49753487863597	0	18.867772578298894					0.6	72.04512300564934	0.6	72.04512300564934			-2	80.08338001867415	-2	79.758114168627	-2	72.32018445128554																																													0.6	42.61428571428572	0.6	34.85604395604396													0.6	38.61428571428572	0.6	36.61428571428572																																																																
125	uo	yo	1.7647058823529411	67.26224076098892	0	18.867772578298894			-2	73.51288857341493	-2	70.04512300564934	-2	70.04512300564934							1.7647058823529411	74.08489033363848																									-2	86	-2	70	-2	56	-2	40.857142857142854									-2	77.71428571428572	-2	68.21428571428572	-2	40.61428571428572	-2	32.85604395604396									-2	77.71428571428572	-2	70.21428571428572	-2	36.61428571428572	-2	34.61428571428572																																																																
126	AyA	aua	0.4	67.66224076098892	0	18.867772578298894			0.4	73.91288857341493	0.4	70.44512300564935	0.4	70.44512300564935							-2	72.08489033363848																																																																																																																																
127	yyA	yua			1.2727272727272727	20.140499851026167			1.2727272727272727	75.1856158461422	1.2727272727272727	71.71785027837662	1.2727272727272727	71.71785027837662							-2	70.08489033363848																													-2	54	-2	38.857142857142854													-2	38.61428571428572	-2	30.856043956043962													-2	34.61428571428572	-2	32.61428571428572																																																																
129	oEE	oee			1.4285714285714286	21.569071279597594					-2	69.71785027837662	-2	69.71785027837662			1.4285714285714286	81.51195144724558	1.4285714285714286	81.18668559719843	1.4285714285714286	71.51346176220991																																																																																																									-2	88	-2	81.26315789473684	-2	81.17647058823529	-2	80.70853604599733									-2	71.57575757575758	-2	67.58891547049441	-2	59.69270435446907	-2	63.224769812231116
134	yyA	uua	0.4	68.06224076098893	0	21.569071279597594			0.4	75.5856158461422	0.4	70.11785027837662	0.4	70.11785027837662							-2	69.51346176220991																																																																																																																																
135	ui	yi	0.8571428571428571	68.91938361813179	0	21.569071279597594			-2	73.5856158461422	-2	68.11785027837662	-2	68.11785027837662							0.8571428571428571	70.37060461935278																																																																																																																													0.8571428571428571	60.549847211611926	0.8571428571428571	64.08191266937398
137	oii	Oii	0.7272727272727273	69.64665634540452	0	21.569071279597594	-2	87.15517961570593	-2	71.5856158461422	-2	66.11785027837662	-2	66.11785027837662					0.7272727272727273	81.91395832447117	0.7272727272727273	71.09787734662551																																																																																																													0.7272727272727273	81.90374331550802	0.7272727272727273	81.43580877327007													0.7272727272727273	61.27711993888465	0.7272727272727273	64.80918539664671
138	eoi	Eoi	0.7058823529411765	70.3525386983457	0	21.569071279597594					0.7058823529411765	66.8237326313178	0.7058823529411765	66.8237326313178			-2	79.51195144724558	-2	79.91395832447117	-2	69.09787734662551																																									0.7058823529411765	78.4201680672269	0.7058823529411765	68.9201680672269	0.7058823529411765	39.320168067226895	0.7058823529411765	31.56192630898514									0.7058823529411765	78.4201680672269	0.7058823529411765	70.9201680672269	0.7058823529411765	35.320168067226895	0.7058823529411765	33.320168067226895																															-2	80.85714285714286															-2	79.43580877327007															-2	62.80918539664671
139	aoa	Aoa	1.7647058823529411	72.11724458069864	0	21.569071279597594			-2	69.5856158461422	-2	64.8237326313178	-2	64.8237326313178							1.7647058823529411	70.86258322897845																									-2	84	-2	68	-2	52	-2	36.857142857142854									-2	76.4201680672269	-2	66.9201680672269	-2	37.320168067226895	-2	29.56192630898514									-2	76.4201680672269	-2	68.9201680672269	-2	33.320168067226895	-2	31.320168067226895																																																																
146	oii	Oii	0.7272727272727273	72.84451730797137	0	21.569071279597594	-2	85.15517961570593	-2	67.5856158461422	-2	62.823732631317796	-2	62.823732631317796					0.7272727272727273	80.6412310517439	0.7272727272727273	71.58985595625118																																																																																																													0.7272727272727273	82.63101604278076	0.7272727272727273	80.1630815005428													0.7272727272727273	62.00439266615738	0.7272727272727273	63.53645812391944
150	eA	ea			1.1111111111111112	22.680182390708705			1.1111111111111112	68.69672695725332	1.1111111111111112	63.93484374242891	1.1111111111111112	63.93484374242891							-2	69.58985595625118																																													-2	35.320168067226895	-2	27.56192630898514													-2	31.320168067226895	-2	29.320168067226895																																																																
151	Oie	oie	1.2307692307692308	74.0752865387406	0	22.680182390708705	1.2307692307692308	86.38594884647516	1.2307692307692308	69.92749618802254	1.2307692307692308	65.16561297319814	1.2307692307692308	65.16561297319814					-2	78.6412310517439	-2	67.58985595625118																																																																																																											-2	79.26315789473684	-2	80.63101604278076	-2	78.1630815005428											-2	65.58891547049441	-2	60.00439266615738	-2	61.53645812391944
153	ei	Ei	1.5	75.5752865387406	0	22.680182390708705					1.5	66.66561297319814	1.5	66.66561297319814			-2	77.51195144724558	-2	76.6412310517439	-2	65.58985595625118																																																																																													-2	86.85714285714286	-2	78.85714285714286													-2	78.63101604278076	-2	76.1630815005428													-2	58.00439266615738	-2	59.53645812391944
157	oua	Oua	1.6	77.1752865387406	0	22.680182390708705	-2	84.38594884647516	-2	67.92749618802254	-2	64.66561297319814	-2	64.66561297319814					1.6	78.2412310517439	1.6	67.18985595625118													-2	75.22222222222223	-2	72.07936507936509													-2	50	-2	34.857142857142854													-2	33.320168067226895	-2	25.56192630898514													-2	29.320168067226895	-2	27.320168067226895																																																																
158	uoE	uoe			1.4285714285714286	24.108753819280132					-2	62.66561297319814	-2	62.66561297319814			1.4285714285714286	78.94052287581701	1.4285714285714286	79.66980248031533	1.4285714285714286	68.61842738482261																																																																																																									-2	86	-2	77.26315789473684	-2	76.63101604278076	-2	74.1630815005428									-2	69.57575757575758	-2	63.58891547049441	-2	56.00439266615738	-2	57.53645812391944
159	yey	yeu			1.2	25.30875381928013			1.2	69.12749618802255	1.2	63.86561297319814	1.2	63.86561297319814							-2	66.61842738482261																															-2	32.857142857142854													-2	31.320168067226895	-2	23.56192630898514													-2	27.320168067226895	-2	25.320168067226895																																																																
160	yAi	yai			1.3846153846153846	26.693369203895514			1.3846153846153846	70.51211157263793	1.3846153846153846	65.25022835781353	1.3846153846153846	65.25022835781353							-2	64.61842738482261																													-2	48	-2	30.857142857142854													-2	29.320168067226895	-2	21.56192630898514													-2	25.320168067226895	-2	23.320168067226895																																																													-2	54.00439266615738	-2	55.53645812391944
161	eao	Eao	0.5	77.6752865387406	0	26.693369203895514					0.5	65.75022835781353	0.5	65.75022835781353			-2	76.94052287581701	-2	77.66980248031533	-2	62.61842738482261																																											0.5	67.4201680672269	0.5	29.820168067226895	0.5	22.06192630898514											0.5	69.4201680672269	0.5	25.820168067226895	0.5	23.820168067226895																																																																
165	ooE	ooe			1.4285714285714286	28.12194063246694					-2	63.750228357813526	-2	63.750228357813526			1.4285714285714286	78.36909430438844	1.4285714285714286	79.09837390888676	1.4285714285714286	64.04699881339404																																																																																																									-2	84	-2	75.26315789473684	-2	74.63101604278076	-2	72.1630815005428									-2	67.57575757575758	-2	61.58891547049441	-2	52.00439266615738	-2	53.53645812391944
166	ooa	Ooa	1.7391304347826086	79.4144169735232	0	28.12194063246694	-2	82.38594884647516	-2	68.51211157263793	-2	61.750228357813526	-2	61.750228357813526					1.7391304347826086	80.83750434366937	1.7391304347826086	65.78612924817665									-2	96	-2	86	-2	73.22222222222223	-2	70.07936507936509									-2	82	-2	66	-2	46	-2	28.857142857142854									-2	74.4201680672269	-2	65.4201680672269	-2	27.820168067226895	-2	20.06192630898514									-2	74.4201680672269	-2	67.4201680672269	-2	23.820168067226895	-2	21.820168067226895																																																																
173	ouo	Ouo	1.6842105263157894	81.098627499839	0	28.12194063246694	-2	80.38594884647516	-2	66.51211157263793	-2	59.750228357813526	-2	59.750228357813526					1.6842105263157894	82.52171486998516	1.6842105263157894	67.47033977449244											-2	84	-2	71.22222222222223	-2	68.07936507936509											-2	64	-2	44	-2	26.857142857142854											-2	63.420168067226896	-2	25.820168067226895	-2	18.06192630898514											-2	65.4201680672269	-2	21.820168067226895	-2	19.820168067226895																																																																
174	Oyy	Ouu			1.3846153846153846	29.506556017082325			1.3846153846153846	67.89672695725332	1.3846153846153846	61.13484374242891	1.3846153846153846	61.13484374242891							-2	65.47033977449244													-2	69.22222222222223	-2	66.07936507936509													-2	42	-2	24.857142857142854													-2	23.820168067226895	-2	16.06192630898514													-2	19.820168067226895	-2	17.820168067226895																																																																
180	ei	Ei	1.5	82.598627499839	0	29.506556017082325					1.5	62.63484374242891	1.5	62.63484374242891			-2	76.36909430438844	-2	80.52171486998516	-2	63.470339774492444																																																																																													-2	84.85714285714286	-2	76.85714285714286													-2	72.63101604278076	-2	70.1630815005428													-2	50.00439266615738	-2	51.53645812391944
185	eiu	Eiu	1.3846153846153846	83.98324288445438	0	29.506556017082325					1.3846153846153846	64.0194591270443	1.3846153846153846	64.0194591270443			-2	74.36909430438844	-2	78.52171486998516	-2	61.470339774492444																																															1.3846153846153846	17.446541693600523																																													-2	82.85714285714286	-2	74.85714285714286													-2	70.63101604278076	-2	68.1630815005428													-2	48.00439266615738	-2	49.53645812391944
186	EE	Ee			1.5555555555555556	31.062111572637882					-2	62.0194591270443	-2	62.0194591270443			1.5555555555555556	75.924649859944	1.5555555555555556	80.07727042554072	1.5555555555555556	63.025895330048																																																																																									-2	94	-2	84	-2	80.85714285714286	-2	72.85714285714286									-2	82	-2	73.26315789473684	-2	68.63101604278076	-2	66.1630815005428									-2	65.57575757575758	-2	59.58891547049441	-2	46.00439266615738	-2	47.53645812391944
189	yiy	yiu			1.1111111111111112	32.173222683748996			1.1111111111111112	69.00783806836444	1.1111111111111112	63.130570238155414	1.1111111111111112	63.130570238155414							-2	61.025895330048																															-2	22.857142857142854															-2	15.446541693600523													-2	17.820168067226895	-2	15.820168067226895																																																																
190	OOO	ooo	0.5714285714285714	84.55467145588295	0	32.173222683748996	0.5714285714285714	80.95737741790373	0.5714285714285714	69.579266639793	0.5714285714285714	63.70199880958398	0.5714285714285714	63.70199880958398					-2	78.07727042554072	-2	59.025895330048																																																																																																																																
195	Oy	Ou			1.3846153846153846	33.55783806836438			1.3846153846153846	70.96388202440839	1.3846153846153846	65.08661419419937	1.3846153846153846	65.08661419419937							-2	57.025895330048													-2	67.22222222222223	-2	64.07936507936509													-2	40	-2	20.857142857142854													-2	21.820168067226895	-2	13.446541693600523													-2	15.820168067226895	-2	13.820168067226895																																																																
201	oEu	Oeu	1.4285714285714286	85.98324288445438	0	33.55783806836438	-2	78.95737741790373	-2	68.96388202440839	-2	63.08661419419937	-2	63.08661419419937			1.4285714285714286	77.35322128851543	1.4285714285714286	79.50584185411215	1.4285714285714286	58.45446675861943															-2	62.07936507936509															-2	18.857142857142854													-2	19.820168067226895	-2	11.446541693600523													-2	13.820168067226895	-2	11.820168067226895																																																																
204	oEa	oea			1.5555555555555556	35.11339362391994					-2	61.08661419419937	-2	61.08661419419937			1.5555555555555556	78.90877684407099	1.5555555555555556	81.0613974096677	1.5555555555555556	60.01002231417499																																													-2	17.820168067226895	-2	9.446541693600523													-2	11.820168067226895	-2	9.820168067226895																																									-2	80	-2	71.26315789473684	-2	66.63101604278076	-2	64.1630815005428									-2	63.57575757575758	-2	57.58891547049441	-2	44.00439266615738	-2	45.53645812391944
218	yOe	yoe			1.6296296296296295	36.743023253549566	1.6296296296296295	80.58700704753336	1.6296296296296295	70.59351165403802	1.6296296296296295	62.716243823829	1.6296296296296295	62.716243823829					-2	79.0613974096677	-2	58.01002231417499																									-2	80	-2	62	-2	38	-2	16.857142857142854									-2	72.4201680672269	-2	61.420168067226896	-2	15.820168067226895	-2	7.446541693600523									-2	72.4201680672269	-2	63.420168067226896	-2	9.820168067226895	-2	7.820168067226895																																									-2	78	-2	69.26315789473684	-2	64.63101604278076	-2	62.1630815005428									-2	61.57575757575758	-2	55.58891547049441	-2	42.00439266615738	-2	43.53645812391944
223	OOa	Ooa			1.4736842105263157	38.21670746407588	1.4736842105263157	82.06069125805968	1.4736842105263157	72.06719586456434	1.4736842105263157	64.18992803435532	1.4736842105263157	64.18992803435532					-2	77.0613974096677	-2	56.01002231417499									-2	94	-2	82			-2	60.07936507936509									-2	78	-2	60			-2	14.857142857142854									-2	70.4201680672269	-2	59.420168067226896			-2	5.446541693600523									-2	70.4201680672269	-2	61.420168067226896			-2	5.820168067226895																																																																
233	oai	Oai	1.411764705882353	87.39500759033673	0	38.21670746407588	-2	80.06069125805968	-2	70.06719586456434	-2	62.18992803435532	-2	62.18992803435532					1.411764705882353	78.47316211555005	1.411764705882353	57.421787020057344													-2	65.22222222222223	-2	58.07936507936509													-2	36	-2	12.857142857142854													-2	13.820168067226895	-2	3.4465416936005226													-2	7.820168067226895	-2	3.820168067226895																																															1.411764705882353	63.57484620642516															1.411764705882353	44.94822282980179
235	iAO	iao			1.0	39.21670746407588	1.0	81.06069125805968	1.0	71.06719586456434	1.0	63.18992803435532	1.0	63.18992803435532					-2	76.47316211555005	-2	55.421787020057344																																																											-2	59.420168067226896	-2	5.820168067226895	-2	1.820168067226895																																																																
243	OOa	Ooa			1.4736842105263157	40.690391674602196	1.4736842105263157	82.53437546858599	1.4736842105263157	72.54088007509066	1.4736842105263157	64.66361224488163	1.4736842105263157	64.66361224488163					-2	74.47316211555005	-2	53.421787020057344									-2	92	-2	80			-2	56.07936507936509									-2	76	-2	58			-2	10.857142857142854									-2	68.4201680672269	-2	57.420168067226896			-2	1.4465416936005226									-2	68.4201680672269	-2	57.420168067226896			-2	-0.17983193277310505																																																																
246	OOi	Ooi			1.6296296296296295	42.32002130423182	1.6296296296296295	84.16400509821563	1.6296296296296295	74.17050970472029	1.6296296296296295	66.29324187451127	1.6296296296296295	66.29324187451127					-2	72.47316211555005	-2	51.421787020057344									-2	90	-2	78	-2	63.22222222222223	-2	54.07936507936509									-2	74	-2	56	-2	34	-2	8.857142857142854									-2	66.4201680672269	-2	55.420168067226896	-2	11.820168067226895	-2	-0.5534583063994774									-2	66.4201680672269	-2	55.420168067226896	-2	3.820168067226895	-2	-2.179831932773105																																													-2	62.63101604278076	-2	61.57484620642516													-2	40.00439266615738	-2	42.94822282980179
252	EEE	Eee			1.5555555555555556	43.87557685978738					-2	64.29324187451127	-2	64.29324187451127			1.5555555555555556	80.46433239962654	1.5555555555555556	74.02871767110561	1.5555555555555556	52.9773425756129																																																																																									-2	92	-2	82	-2	78.85714285714286	-2	70.85714285714286									-2	76	-2	67.26315789473684	-2	60.63101604278076	-2	59.57484620642516									-2	59.57575757575758	-2	53.58891547049441	-2	38.00439266615738	-2	40.94822282980179
278	OOi	Ooi			1.6296296296296295	45.505206489417006	1.6296296296296295	85.79363472784526	1.6296296296296295	75.80013933434992	1.6296296296296295	65.9228715041409	1.6296296296296295	65.9228715041409					-2	72.02871767110561	-2	50.9773425756129									-2	88	-2	76	-2	61.22222222222223	-2	52.07936507936509									-2	72	-2	54	-2	32	-2	6.857142857142854									-2	64.4201680672269	-2	53.420168067226896	-2	9.820168067226895	-2	-2.5534583063994774									-2	64.4201680672269	-2	53.420168067226896	-2	1.820168067226895	-2	-4.179831932773105																																													-2	58.63101604278076	-2	57.57484620642516													-2	36.00439266615738	-2	38.94822282980179
307	EEi	Eei			1.0666666666666667	46.571873156083676					-2	63.9228715041409	-2	63.9228715041409			1.0666666666666667	81.5309990662932	1.0666666666666667	73.09538433777227	1.0666666666666667	52.04400924227957																																																																																									-2	90	-2	80			1.0666666666666667	71.92380952380952									-2	74	-2	65.26315789473684			1.0666666666666667	58.64151287309183									-2	57.57575757575758	-2	51.58891547049441			1.0666666666666667	40.01488949646846
364	EE	Ee			1.5555555555555556	48.12742871163923					-2	61.9228715041409	-2	61.9228715041409			1.5555555555555556	83.08655462184876	1.5555555555555556	74.65093989332783	1.5555555555555556	53.59956479783513																																																																																									-2	88	-2	78	-2	76.85714285714286	-2	69.92380952380952									-2	72	-2	63.263157894736835	-2	56.63101604278076	-2	56.64151287309183									-2	55.57575757575758	-2	49.58891547049441	-2	34.00439266615738	-2	38.01488949646846
396	EEi	Eei			1.0666666666666667	49.1940953783059					-2	59.9228715041409	-2	59.9228715041409			1.0666666666666667	84.15322128851543	1.0666666666666667	75.7176065599945	1.0666666666666667	54.6662314645018																																																																																									-2	86	-2	76			1.0666666666666667	70.99047619047619									-2	70	-2	61.263157894736835			1.0666666666666667	57.7081795397585									-2	53.57575757575758	-2	47.58891547049441			1.0666666666666667	39.08155616313513
403	eiu	Eiu	1.3846153846153846	88.77962297495212	0	49.1940953783059					1.3846153846153846	61.30748688875629	1.3846153846153846	61.30748688875629			-2	82.15322128851543	-2	73.7176065599945	-2	52.6662314645018																																															1.3846153846153846	-1.1688429217840928																																													-2	74.85714285714286	-2	68.99047619047619													-2	54.63101604278076	-2	55.7081795397585													-2	32.00439266615738	-2	37.08155616313513
458	OOi	Ooi			1.6296296296296295	50.82372500793553	1.6296296296296295	87.42326435747489	1.6296296296296295	77.42976896397955	1.6296296296296295	62.93711651838591	1.6296296296296295	62.93711651838591					-2	71.7176065599945	-2	50.6662314645018									-2	86	-2	74	-2	59.22222222222223	-2	50.07936507936509									-2	70	-2	52	-2	30	-2	4.857142857142854									-2	62.420168067226896	-2	51.420168067226896	-2	7.820168067226895	-2	-3.1688429217840928									-2	62.420168067226896	-2	51.420168067226896	-2	-0.17983193277310505	-2	-6.179831932773105																																													-2	52.63101604278076	-2	53.7081795397585													-2	30.00439266615738	-2	35.08155616313513
488	OOi	Ooi			1.6296296296296295	52.453354637565155	1.6296296296296295	89.05289398710453	1.6296296296296295	79.05939859360919	1.6296296296296295	64.56674614801554	1.6296296296296295	64.56674614801554					-2	69.7176065599945	-2	48.6662314645018									-2	84	-2	72	-2	57.22222222222223	-2	48.07936507936509									-2	68	-2	50	-2	28	-2	2.857142857142854									-2	60.420168067226896	-2	49.420168067226896	-2	5.820168067226895	-2	-5.168842921784092									-2	60.420168067226896	-2	49.420168067226896	-2	-2.179831932773105	-2	-8.179831932773105																																													-2	50.63101604278076	-2	51.7081795397585													-2	28.00439266615738	-2	33.08155616313513
493	oue	Oue	1.263157894736842	90.04278086968895	0	52.453354637565155	-2	87.05289398710453	-2	77.05939859360919	-2	62.56674614801554	-2	62.56674614801554					1.263157894736842	70.98076445473133	1.263157894736842	49.92938935923864													-2	55.22222222222223	-2	46.07936507936509													-2	26	-2	0.8571428571428541													-2	3.820168067226895	-2	-7.168842921784092													-2	-4.179831932773105	-2	-10.179831932773105																																											1.263157894736842	62.52631578947368			1.263157894736842	52.97133743449534											1.263157894736842	48.852073365231256			1.263157894736842	34.344714057871975
505	EEi	Eei			1.0666666666666667	53.520021304231825					-2	60.56674614801554	-2	60.56674614801554			1.0666666666666667	83.21988795518209	1.0666666666666667	72.04743112139799	1.0666666666666667	50.99605602590531																																																																																									-2	84	-2	74			1.0666666666666667	70.05714285714285									-2	68	-2	60.52631578947368			1.0666666666666667	54.03800410116201									-2	51.57575757575758	-2	46.852073365231256			1.0666666666666667	35.411380724538645
515	OOu	Oou			1.4736842105263157	54.99370551475814	1.4736842105263157	88.52657819763084	1.4736842105263157	78.5330828041355	1.4736842105263157	62.040430358541855	1.4736842105263157	62.040430358541855					-2	70.04743112139799	-2	48.99605602590531									-2	82	-2	70			-2	44.07936507936509									-2	66	-2	48			-2	-1.142857142857146									-2	58.420168067226896	-2	47.420168067226896			-2	-9.168842921784092									-2	58.420168067226896	-2	47.420168067226896			-2	-12.179831932773105																																																																
520	oi	Oi	0.7272727272727273	90.77005359696169	0	54.99370551475814	-2	86.52657819763084	-2	76.5330828041355	-2	60.040430358541855	-2	60.040430358541855					0.7272727272727273	70.77470384867073	0.7272727272727273	49.72332875317804																																																																																																													0.7272727272727273	51.358288770053484	0.7272727272727273	54.765276828434736													0.7272727272727273	28.731665393430106	0.7272727272727273	36.13865345181137
538	OOu	Oou			1.4736842105263157	56.467389725284455	1.4736842105263157	88.00026240815716	1.4736842105263157	78.00676701466182	1.4736842105263157	61.51411456906817	1.4736842105263157	61.51411456906817					-2	68.77470384867073	-2	47.72332875317804									-2	80	-2	68			-2	42.07936507936509									-2	64	-2	46			-2	-3.142857142857146									-2	56.420168067226896	-2	45.420168067226896			-2	-11.168842921784092									-2	56.420168067226896	-2	45.420168067226896			-2	-14.179831932773105																																																																
564	oau	Oau	1.6	92.37005359696168	0	56.467389725284455	-2	86.00026240815716	-2	76.00676701466182	-2	59.51411456906817	-2	59.51411456906817					1.6	70.37470384867072	1.6	49.32332875317804													-2	53.22222222222223	-2	40.07936507936509													-2	24	-2	-5.142857142857146													-2	1.820168067226895	-2	-13.168842921784092													-2	-6.179831932773105	-2	-16.179831932773105																																																																
582	EEa	Eea			1.6363636363636365	58.10375336164809					-2	57.51411456906817	-2	57.51411456906817			1.6363636363636365	84.85625159154573	1.6363636363636365	72.01106748503436	1.6363636363636365	50.95969238954167																																													-2	-0.17983193277310505	-2	-15.168842921784092													-2	-8.179831932773105	-2	-18.179831932773105																									-2	82	-2	72	-2	72.85714285714286	-2	68.05714285714285									-2	66	-2	58.52631578947368	-2	49.358288770053484	-2	52.765276828434736									-2	49.57575757575758	-2	44.852073365231256	-2	26.731665393430106	-2	34.13865345181137
771	oue	Oue	1.263157894736842	93.63321149169852	0	58.10375336164809	-2	84.00026240815716	-2	74.00676701466182	-2	55.51411456906817	-2	55.51411456906817					1.263157894736842	73.2742253797712	1.263157894736842	52.222850284278515													-2	51.22222222222223	-2	38.07936507936509													-2	22	-2	-7.142857142857146													-2	-2.179831932773105	-2	-17.16884292178409													-2	-10.179831932773105	-2	-20.179831932773105																																											1.263157894736842	59.78947368421052			1.263157894736842	54.02843472317158											1.263157894736842	46.1152312599681			1.263157894736842	35.401811346548214
1098	OOu	Oou			1.4736842105263157	59.577437572174404	1.4736842105263157	85.47394661868347	1.4736842105263157	75.48045122518813	1.4736842105263157	56.987798779594485	1.4736842105263157	56.987798779594485					-2	71.2742253797712	-2	50.222850284278515									-2	78	-2	66			-2	36.07936507936509									-2	62	-2	44			-2	-9.142857142857146									-2	54.420168067226896	-2	43.420168067226896			-2	-19.16884292178409									-2	54.420168067226896	-2	43.420168067226896			-2	-22.179831932773105																																																																
1367	EEo	Eeo			1.6923076923076923	61.2697452644821					-2	54.987798779594485	-2	54.987798779594485			1.6923076923076923	86.54855928385342	1.6923076923076923	72.96653307207889	1.6923076923076923	51.91515797658621																																									-2	52.420168067226896	-2	41.420168067226896	-2	-4.179831932773105	-2	-21.16884292178409									-2	52.420168067226896	-2	41.420168067226896	-2	-12.179831932773105	-2	-24.179831932773105																									-2	80	-2	70	-2	70.85714285714286	-2	66.05714285714285									-2	64	-2	57.78947368421052	-2	47.358288770053484	-2	52.02843472317158									-2	47.57575757575758	-2	44.1152312599681	-2	24.731665393430106	-2	33.401811346548214
1451	OOi	Ooi			1.6296296296296295	62.89937489411172	1.6296296296296295	87.1035762483131	1.6296296296296295	77.11008085481777	1.6296296296296295	56.61742840922411	1.6296296296296295	56.61742840922411					-2	70.96653307207889	-2	49.91515797658621									-2	76	-2	64	-2	49.22222222222223	-2	34.07936507936509									-2	60	-2	42	-2	20	-2	-11.142857142857146									-2	50.420168067226896	-2	39.420168067226896	-2	-6.179831932773105	-2	-23.16884292178409									-2	50.420168067226896	-2	39.420168067226896	-2	-14.179831932773105	-2	-26.179831932773105																																													-2	45.358288770053484	-2	50.02843472317158													-2	22.731665393430106	-2	31.401811346548214
1695	oo	Oo	1.7391304347826086	95.37234192648113	0	62.89937489411172	-2	85.1035762483131	-2	75.11008085481777	-2	54.61742840922411	-2	54.61742840922411					1.7391304347826086	72.7056635068615	1.7391304347826086	51.65428841136882									-2	74	-2	62	-2	47.22222222222223	-2	32.07936507936509									-2	58	-2	40	-2	18	-2	-13.142857142857146									-2	48.420168067226896	-2	37.420168067226896	-2	-8.179831932773105	-2	-25.16884292178409									-2	48.420168067226896	-2	37.420168067226896	-2	-16.179831932773105	-2	-28.179831932773105																																																																
6523	oua	Oua	0.16000000000000003	95.53234192648112	0	62.89937489411172	-0.2	84.9035762483131	-0.2	74.91008085481776	-0.2	54.41742840922411	-0.2	54.41742840922411					0.16000000000000003	72.8656635068615	0.16000000000000003	51.814288411368814													-0.2	47.022222222222226	-0.2	31.87936507936509													-0.2	17.8	-0.2	-13.342857142857145													-0.2	-8.379831932773104	-0.2	-25.36884292178409													-0.2	-16.379831932773104	-0.2	-28.379831932773104																																																																
9728	EEo	Eeo			0.16923076923076924	63.068605663342495					-0.2	54.217428409224105	-0.2	54.217428409224105			0.16923076923076924	86.71779005308419	0.16923076923076924	73.03489427609226	0.16923076923076924	51.983519180599586																																									-0.2	48.22016806722689	-0.2	37.22016806722689	-0.2	-8.579831932773104	-0.2	-25.56884292178409									-0.2	48.22016806722689	-0.2	37.22016806722689	-0.2	-16.579831932773104	-0.2	-28.579831932773104																									-0.2	79.8	-0.2	69.8	-0.2	70.65714285714286	-0.2	65.85714285714285									-0.2	63.8	-0.2	57.58947368421052	-0.2	45.15828877005348	-0.2	49.828434723171576									-0.2	47.375757575757575	-0.2	43.915231259968095	-0.2	22.531665393430107	-0.2	31.201811346548215
15318	eii	Eii	0.0015	95.53384192648112	0	63.068605663342495					0.0015	54.218928409224105	0.0015	54.218928409224105			-0.002	86.71579005308419	-0.002	73.03289427609226	-0.002	51.981519180599584																																																																																													-0.002	70.65514285714286	-0.002	65.85514285714285													-0.002	45.15628877005348	-0.002	49.82643472317157													-0.002	22.529665393430108	-0.002	31.199811346548216
TOTAL				95.53384192648112		63.068605663342495		84.9035762483131		74.91008085481776		54.218928409224105		54.218928409224105		100		86.71579005308419		73.03289427609226		51.981519180599584		100		100		100		100		74		62		47.022222222222226		31.87936507936509		100		100		100		100		58		40		17.8		-13.342857142857145		100		100		100		100		48.22016806722689		37.22016806722689		-8.579831932773104		-25.56884292178409		100		100		100		100		48.22016806722689		37.22016806722689		-16.579831932773104		-28.579831932773104		100		100		100		100		100		100		100		100		100		100		100		100		79.8		69.8		70.65514285714286		65.85514285714285		100		100		100		100		63.8		57.58947368421052		45.15628877005348		49.82643472317157		100		100		100		100		47.375757575757575		43.915231259968095		22.529665393430108		31.199811346548216
