trialnum	Generated	Heard	Id(Bk)Syl1	now	Id(Bk)	now	*F1	now	*F3	now	*F4	now	*F5	now	*B1	now	*B2	now	*B3	now	*B5	now	*F1_B1	now	*F1..._B1	now	*F1_B2	now	*F1..._B2	now	*F1_B3	now	*F1..._B3	now	*F1_B5	now	*F1..._B5	now	*F3_B1	now	*F3..._B1	now	*F3_B2	now	*F3..._B2	now	*F3_B3	now	*F3..._B3	now	*F3_B5	now	*F3..._B5	now	*F4_B1	now	*F4..._B1	now	*F4_B2	now	*F4..._B2	now	*F4_B3	now	*F4..._B3	now	*F4_B5	now	*F4..._B5	now	*F5_B1	now	*F5..._B1	now	*F5_B2	now	*F5..._B2	now	*F5_B3	now	*F5..._B3	now	*F5_B5	now	*F5..._B5	now	*_B1F1	now	*_B1...F1	now	*_B1F3	now	*_B1...F3	now	*_B1F4	now	*_B1...F4	now	*_B1F5	now	*_B1...F5	now	*_B2F1	now	*_B2...F1	now	*_B2F3	now	*_B2...F3	now	*_B2F4	now	*_B2...F4	now	*_B2F5	now	*_B2...F5	now	*_B3F1	now	*_B3...F1	now	*_B3F3	now	*_B3...F3	now	*_B3F4	now	*_B3...F4	now	*_B3F5	now	*_B3...F5	now	*_B5F1	now	*_B5...F1	now	*_B5F3	now	*_B5...F3	now	*_B5F4	now	*_B5...F4	now	*_B5F5	now	*_B5...F5	now
				0		0		55.76		66.64		90.63		114.72		50.0		55.53		79.47		126.78		50.0		50.0		50.0		50.0		51.23		52.15		53.41		56.41		50.0		50.0		50.0		50.0		53.28		56.01		59.879999999999995		68.16		50.0		50.0		50.0		50.0		56.019999999999996		58.86		67.93		76.71000000000001		50.0		50.0		50.0		50.0		59.03		61.68		76.47999999999999		84.76		50.0		50.0		50.0		50.0		50.0		50.0		50.0		50.0		50.0		50.0		50.0		50.0		51.06		51.76		52.23		53.230000000000004		50.0		50.0		50.0		50.0		53.91		55.45		57.84		60.07		50.0		50.0		50.0		50.0		59.629999999999995		62.57		69.08		73.39
1	yii	uii	0.4	0.4	0	0			0.4	67.04	0.4	91.03	0.4	115.12							-2	124.78																																																																																																																													-2	67.08	-2	71.39
2	eO	Eo	0.3333333333333333	0.7333333333333334	0	0	0.3333333333333333	56.093333333333334	0.3333333333333333	67.37333333333333	0.3333333333333333	91.36333333333333	0.3333333333333333	115.45333333333333			-2	53.53	-2	77.47	-2	122.78																																																																																																																																
4	AeO	aeo	0.3333333333333333	1.0666666666666667	0	0	0.3333333333333333	56.42666666666667	0.3333333333333333	67.70666666666666	0.3333333333333333	91.69666666666666	0.3333333333333333	115.78666666666666					-2	75.47	-2	120.78																																									-2	54.019999999999996	-2	56.86	-2	65.93	-2	74.71000000000001									-2	57.03	-2	59.68	-2	74.47999999999999	-2	82.76																																																									-2	57.629999999999995	-2	60.57	-2	65.08	-2	69.39
5	eAe	Eae	0.4	1.4666666666666668	0	0			0.4	68.10666666666667	0.4	92.09666666666666	0.4	116.18666666666667			-2	51.53	-2	73.47	-2	118.78																																																																																											-2	49.76			-2	51.230000000000004											-2	53.45			-2	58.07									-2	55.629999999999995	-2	58.57	-2	63.08	-2	67.39
6	eO	eo			0.3333333333333333	0.3333333333333333	0.3333333333333333	56.760000000000005	0.3333333333333333	68.44	0.3333333333333333	92.42999999999999	0.3333333333333333	116.52					-2	71.47	-2	116.78																																									-2	52.019999999999996	-2	54.86	-2	63.93000000000001	-2	72.71000000000001									-2	55.03	-2	57.68	-2	72.47999999999999	-2	80.76																																																																
7	eeO	Eeo	0.3333333333333333	1.8	0	0.3333333333333333	0.3333333333333333	57.09333333333334	0.3333333333333333	68.77333333333333	0.3333333333333333	92.76333333333332	0.3333333333333333	116.85333333333332			-2	49.53	-2	69.47	-2	114.78																																									-2	50.019999999999996	-2	52.86	-2	61.93000000000001	-2	70.71000000000001									-2	53.03	-2	55.68	-2	70.47999999999999	-2	78.76																									-2	49.06	-2	47.76	-2	50.23	-2	49.230000000000004									-2	51.91	-2	51.45	-2	55.84	-2	56.07									-2	53.629999999999995	-2	56.57	-2	61.08	-2	65.39
8	oE	oe			0.4	0.7333333333333334					-2	90.76333333333332	-2	114.85333333333332			0.4	49.93	0.4	69.87	0.4	115.18																																																																																																									-2	49.91	-2	49.45	-2	53.84	-2	54.07									-2	51.629999999999995	-2	54.57	-2	59.08	-2	63.39
9	OAA	oaa	0.3333333333333333	2.1333333333333333	0	0.7333333333333334	0.3333333333333333	57.42666666666668	0.3333333333333333	69.10666666666665	0.3333333333333333	91.09666666666665	0.3333333333333333	115.18666666666665					-2	67.87	-2	113.18																																																																																																																																
10	uuE	yue	0.4	2.533333333333333	0	0.7333333333333334			-2	67.10666666666665	-2	89.09666666666665	-2	113.18666666666665			0.4	50.33	0.4	68.27000000000001	0.4	113.58000000000001																													-2	57.879999999999995	-2	66.16													-2	59.93000000000001	-2	68.71000000000001													-2	68.47999999999999	-2	76.76																																																									-2	49.629999999999995	-2	52.57	-2	57.08	-2	61.39
11	EEo	Eeo			0.4	1.1333333333333333					-2	87.09666666666665	-2	111.18666666666665			0.4	50.73	0.4	68.67000000000002	0.4	113.98000000000002																																									-2	48.019999999999996	-2	50.86	-2	57.93000000000001	-2	66.71000000000001									-2	51.03	-2	53.68	-2	66.47999999999999	-2	74.76																									-2	47.06	-2	45.76	-2	48.23	-2	47.230000000000004									-2	47.91	-2	47.45	-2	51.84	-2	52.07									-2	47.629999999999995	-2	50.57	-2	55.08	-2	59.39
12	yy	yu			0.4	1.5333333333333332			0.4	67.50666666666666	0.4	87.49666666666666	0.4	111.58666666666666							-2	111.98000000000002																													-2	55.879999999999995	-2	64.16													-2	55.93000000000001	-2	64.71000000000001													-2	64.47999999999999	-2	72.76																																																																
13	yei	uei	0.4	2.933333333333333	0	1.5333333333333332			0.4	67.90666666666667	0.4	87.89666666666666	0.4	111.98666666666666							-2	109.98000000000002																																																																																																																									-2	45.629999999999995	-2	48.57	-2	53.08	-2	57.39
14	oua	Oua	0.5	3.433333333333333	0	1.5333333333333332	-2	55.42666666666668	-2	65.90666666666667	-2	85.89666666666666	-2	109.98666666666666					0.5	69.17000000000002	0.5	110.48000000000002													-2	51.41	-2	54.41													-2	53.879999999999995	-2	62.16													-2	53.93000000000001	-2	62.71000000000001													-2	62.47999999999999	-2	70.76																																																																
15	aEo	aeo			0.4	1.9333333333333331					-2	83.89666666666666	-2	107.98666666666666			0.4	51.129999999999995	0.4	69.57000000000002	0.4	110.88000000000002																																									-2	46.019999999999996	-2	48.86	-2	51.93000000000001	-2	60.71000000000001									-2	49.03	-2	51.68	-2	60.47999999999999	-2	68.76																																																									-2	43.629999999999995	-2	46.57	-2	51.08	-2	55.39
16	AAy	aau	0.4	3.833333333333333	0	1.9333333333333331			0.4	66.30666666666667	0.4	84.29666666666667	0.4	108.38666666666667							-2	108.88000000000002																																																																																																																																
17	yOy	uou	0.3333333333333333	4.166666666666666	0	1.9333333333333331	0.3333333333333333	55.76000000000001	0.3333333333333333	66.64	0.3333333333333333	84.63	0.3333333333333333	108.72					-2	67.57000000000002	-2	106.88000000000002																																																																																																																																
18	oua	Oua	0.5	4.666666666666666	0	1.9333333333333331	-2	53.76000000000001	-2	64.64	-2	82.63	-2	106.72					0.5	68.07000000000002	0.5	107.38000000000002													-2	49.41	-2	52.41													-2	51.879999999999995	-2	60.16													-2	49.93000000000001	-2	58.71000000000001													-2	58.47999999999999	-2	66.76																																																																
19	aao	Aao	0.6666666666666666	5.333333333333333	0	1.9333333333333331			-2	62.64	-2	80.63	-2	104.72							0.6666666666666666	108.0466666666667																											-2	54.01	-2	49.879999999999995	-2	58.16											-2	46.86	-2	47.93000000000001	-2	56.71000000000001											-2	49.68	-2	56.47999999999999	-2	64.76																																																																
20	Aey	aeu	0.4	5.733333333333333	0	1.9333333333333331			0.4	63.04	0.4	81.03	0.4	105.12							-2	106.0466666666667																																													-2	45.93000000000001	-2	54.71000000000001													-2	54.47999999999999	-2	62.760000000000005																																																									-2	41.629999999999995	-2	44.57	-2	49.08	-2	53.39
21	AeA	aea	0.4	6.133333333333334	0	1.9333333333333331			0.4	63.44	0.4	81.43	0.4	105.52000000000001							-2	104.0466666666667																																													-2	43.93000000000001	-2	52.71000000000001													-2	52.47999999999999	-2	60.760000000000005																																																									-2	39.629999999999995	-2	42.57	-2	47.08	-2	51.39
22	Oie	oie	0.3333333333333333	6.466666666666667	0	1.9333333333333331	0.3333333333333333	54.09333333333335	0.3333333333333333	63.77333333333333	0.3333333333333333	81.76333333333334	0.3333333333333333	105.85333333333334					-2	66.07000000000002	-2	102.0466666666667																																																																																																											-2	45.45	-2	49.84	-2	50.07											-2	40.57	-2	45.08	-2	49.39
23	uuE	yue	0.4	6.866666666666667	0	1.9333333333333331			-2	61.77333333333333	-2	79.76333333333334	-2	103.85333333333334			0.4	51.529999999999994	0.4	66.47000000000003	0.4	102.4466666666667																													-2	47.879999999999995	-2	56.16													-2	41.93000000000001	-2	50.71000000000001													-2	50.47999999999999	-2	58.760000000000005																																																									-2	37.629999999999995	-2	38.57	-2	43.08	-2	47.39
26	aIo	Aio	0.3333333333333333	7.2	0	1.9333333333333331			-2	59.77333333333333	-2	77.76333333333334	-2	101.85333333333334	0.3333333333333333	50.333333333333336	0.3333333333333333	51.86333333333333	0.3333333333333333	66.80333333333336	0.3333333333333333	102.78000000000003																											-2	52.01			-2	54.16											-2	44.86			-2	48.71000000000001									-2	47.03	-2	47.68	-2	48.47999999999999	-2	56.760000000000005																																																																
27	iAi	iai			0.4	2.333333333333333			0.4	60.17333333333333	0.4	78.16333333333334	0.4	102.25333333333334							-2	100.78000000000003																																																													-2	46.47999999999999	-2	54.760000000000005																																																													-2	41.08	-2	45.39
28	iOy	iou			0.3333333333333333	2.6666666666666665	0.3333333333333333	54.426666666666684	0.3333333333333333	60.50666666666667	0.3333333333333333	78.49666666666667	0.3333333333333333	102.58666666666667					-2	64.80333333333336	-2	98.78000000000003																																																									-2	45.03	-2	45.68	-2	44.47999999999999	-2	52.760000000000005																																																																
29	EuE	Eue			0.4	3.0666666666666664					-2	76.49666666666667	-2	100.58666666666667			0.4	52.26333333333333	0.4	65.20333333333336	0.4	99.18000000000004																																																																																											-2	43.76			-2	45.230000000000004											-2	43.45			-2	48.07									-2	35.629999999999995	-2	36.57	-2	39.08	-2	43.39
30	aEo	Aeo	0.4	7.6000000000000005	0	3.0666666666666664			-2	58.50666666666667	-2	74.49666666666667	-2	98.58666666666667			0.4	52.66333333333333	0.4	65.60333333333337	0.4	99.58000000000004																											-2	50.01			-2	52.16									-2	44.019999999999996	-2	42.86	-2	39.93000000000001	-2	46.71000000000001									-2	43.03	-2	43.68	-2	42.47999999999999	-2	50.760000000000005																																																																
31	eOi	eoi			0.3333333333333333	3.4	0.3333333333333333	54.76000000000002	0.3333333333333333	58.84	0.3333333333333333	74.83	0.3333333333333333	98.92					-2	63.60333333333337	-2	97.58000000000004																																									-2	42.019999999999996	-2	40.86	-2	37.93000000000001	-2	44.71000000000001									-2	41.03	-2	41.68	-2	40.47999999999999	-2	48.760000000000005																																													-2	47.84	-2	46.07													-2	37.08	-2	41.39
33	eAy	Eau	0.4	8.0	0	3.4			0.4	59.24	0.4	75.23	0.4	99.32000000000001			-2	50.66333333333333	-2	61.60333333333337	-2	95.58000000000004																																																																																																																																
34	ou	Ou	0.5	8.5	0	3.4	-2	52.76000000000002	-2	57.24	-2	73.23	-2	97.32000000000001					0.5	62.10333333333337	0.5	96.08000000000004													-2	47.41	-2	50.41													-2	45.879999999999995	-2	50.16													-2	35.93000000000001	-2	42.71000000000001													-2	38.47999999999999	-2	46.760000000000005																																																																
35	uaE	uae			0.4	3.8					-2	71.23	-2	95.32000000000001			0.4	51.063333333333325	0.4	62.503333333333366	0.4	96.48000000000005																																																																																																																									-2	33.629999999999995	-2	34.57	-2	35.08	-2	39.39
36	AiA	aia	0.4	8.9	0	3.8			0.4	57.64	0.4	71.63000000000001	0.4	95.72000000000001							-2	94.48000000000005																																																													-2	36.47999999999999	-2	44.760000000000005																																																													-2	33.08	-2	37.39
37	yOe	uoe	0.3333333333333333	9.233333333333334	0	3.8	0.3333333333333333	53.093333333333355	0.3333333333333333	57.973333333333336	0.3333333333333333	71.96333333333334	0.3333333333333333	96.05333333333334					-2	60.503333333333366	-2	92.48000000000005																																																																																																									-2	45.91	-2	41.45	-2	45.84	-2	44.07									-2	31.629999999999995	-2	32.57	-2	31.08	-2	35.39
38	uaE	uae			0.4	4.2					-2	69.96333333333334	-2	94.05333333333334			0.4	51.463333333333324	0.4	60.903333333333364	0.4	92.88000000000005																																																																																																																									-2	29.629999999999995	-2	30.57	-2	29.08	-2	33.39
39	Ayi	Aui			0.4	4.6000000000000005			0.4	58.373333333333335	0.4	70.36333333333334	0.4	94.45333333333335							-2	90.88000000000005																													-2	43.879999999999995	-2	48.16													-2	33.93000000000001	-2	40.71000000000001													-2	34.47999999999999	-2	42.760000000000005																																																													-2	27.08	-2	31.39
40	auu	Auu	0.6666666666666666	9.9	0	4.6000000000000005			-2	56.373333333333335	-2	68.36333333333334	-2	92.45333333333335							0.6666666666666666	91.54666666666672																													-2	41.879999999999995	-2	46.16													-2	31.930000000000007	-2	38.71000000000001													-2	32.47999999999999	-2	40.760000000000005																																																																
41	iAe	iae			0.4	5.000000000000001			0.4	56.77333333333333	0.4	68.76333333333335	0.4	92.85333333333335							-2	89.54666666666672																																																													-2	30.47999999999999	-2	38.760000000000005																																																									-2	27.629999999999995	-2	28.57	-2	25.08	-2	29.39
42	IIu	iiu	0.3333333333333333	10.233333333333334	0	5.000000000000001							-2	90.85333333333335	0.3333333333333333	50.66666666666667	0.3333333333333333	51.79666666666666	0.3333333333333333	61.2366666666667	0.3333333333333333	89.88000000000005																																																													-2	28.47999999999999	-2	36.760000000000005																																																																
43	eAy	eau			0.4	5.400000000000001			0.4	57.17333333333333	0.4	69.16333333333336	0.4	91.25333333333336							-2	87.88000000000005																																													-2	29.930000000000007	-2	36.71000000000001													-2	26.47999999999999	-2	34.760000000000005																																																																
44	EII	eii	0.3333333333333333	10.566666666666668	0	5.400000000000001					-2	67.16333333333336	-2	89.25333333333336	0.3333333333333333	51.00000000000001	0.3333333333333333	52.129999999999995	0.3333333333333333	61.570000000000036	0.3333333333333333	88.21333333333338																																																																																																																																
45	OAO	Oao			0.3333333333333333	5.733333333333334	0.3333333333333333	53.42666666666669	0.3333333333333333	57.50666666666667	0.3333333333333333	67.49666666666668	0.3333333333333333	89.58666666666669					-2	59.570000000000036	-2	86.21333333333338											-2	50.15	-2	45.41	-2	48.41											-2	48.01	-2	39.879999999999995	-2	44.16											-2	38.86	-2	27.930000000000007	-2	34.71000000000001											-2	39.68	-2	24.47999999999999	-2	32.760000000000005																																																																
46	EaI	Eai			0.3333333333333333	6.066666666666667							-2	87.58666666666669	0.3333333333333333	51.33333333333334	0.3333333333333333	52.46333333333333	0.3333333333333333	59.90333333333337	0.3333333333333333	86.54666666666671																																																																																															-2	43.230000000000004															-2	42.07													-2	23.08	-2	27.39
47	yAO	yao			0.3333333333333333	6.4	0.3333333333333333	53.760000000000026	0.3333333333333333	57.84	0.3333333333333333	67.83000000000001	0.3333333333333333	87.92000000000002					-2	57.90333333333337	-2	84.54666666666671																											-2	46.01	-2	37.879999999999995	-2	42.16											-2	36.86	-2	25.930000000000007	-2	32.71000000000001											-2	37.68	-2	22.47999999999999	-2	30.760000000000005																																																																
48	yy	yu			0.4	6.800000000000001			0.4	58.24	0.4	68.23000000000002	0.4	88.32000000000002							-2	82.54666666666671																													-2	35.879999999999995	-2	40.16													-2	23.930000000000007	-2	30.710000000000008													-2	20.47999999999999	-2	28.760000000000005																																																																
50	uoE	yoe	0.4	10.966666666666669	0	6.800000000000001			-2	56.24	-2	66.23000000000002	-2	86.32000000000002			0.4	52.86333333333333	0.4	58.30333333333337	0.4	82.94666666666672																									-2	51.28	-2	44.01	-2	33.879999999999995	-2	38.16									-2	40.019999999999996	-2	34.86	-2	21.930000000000007	-2	28.710000000000008									-2	39.03	-2	35.68	-2	18.47999999999999	-2	26.760000000000005																																									-2	43.91	-2	39.45	-2	43.84	-2	40.07									-2	25.629999999999995	-2	26.57	-2	21.08	-2	25.39
51	oIo	oio			0.3333333333333333	7.133333333333334							-2	84.32000000000002	0.3333333333333333	51.66666666666668	0.3333333333333333	53.196666666666665	0.3333333333333333	58.636666666666706	0.3333333333333333	83.28000000000004																																																									-2	37.03	-2	33.68	-2	16.47999999999999	-2	24.760000000000005																																													-2	41.84	-2	38.07													-2	19.08	-2	23.39
52	iiO	iio			0.3333333333333333	7.466666666666667	0.3333333333333333	54.09333333333336	0.3333333333333333	56.57333333333334	0.3333333333333333	66.56333333333335	0.3333333333333333	84.65333333333335					-2	56.636666666666706	-2	81.28000000000004																																																									-2	35.03	-2	31.68	-2	14.47999999999999	-2	22.760000000000005																																																																
53	iOe	ioe			0.3333333333333333	7.8	0.3333333333333333	54.4266666666667	0.3333333333333333	56.90666666666667	0.3333333333333333	66.89666666666668	0.3333333333333333	84.98666666666668					-2	54.636666666666706	-2	79.28000000000004																																																									-2	33.03	-2	29.68	-2	12.47999999999999	-2	20.760000000000005																																									-2	41.91	-2	37.45	-2	39.84	-2	36.07									-2	23.629999999999995	-2	24.57	-2	17.08	-2	21.39
54	aIu	aiu			0.3333333333333333	8.133333333333333							-2	82.98666666666668	0.3333333333333333	52.000000000000014	0.3333333333333333	53.53	0.3333333333333333	54.97000000000004	0.3333333333333333	79.61333333333337																																																													-2	10.47999999999999	-2	18.760000000000005																																																													-2	15.079999999999998	-2	19.39
55	oou	Oou	0.5	11.466666666666669	0	8.133333333333333	-2	52.4266666666667	-2	54.90666666666667	-2	64.89666666666668	-2	80.98666666666668					0.5	55.47000000000004	0.5	80.11333333333337									-2	49.23	-2	48.15	-2	43.41	-2	46.41									-2	49.28	-2	42.01	-2	31.879999999999995	-2	36.16									-2	38.019999999999996	-2	32.86	-2	19.930000000000007	-2	26.710000000000008									-2	31.03	-2	27.68	-2	8.47999999999999	-2	16.760000000000005																																																																
56	aEE	aee			0.4	8.533333333333333					-2	62.896666666666675	-2	78.98666666666668			0.4	53.93	0.4	55.87000000000004	0.4	80.51333333333338																																																																																																																									-2	21.629999999999995	-2	22.57	-2	13.079999999999998	-2	17.39
57	Eu	eu	0.4	11.866666666666669	0	8.533333333333333					-2	60.896666666666675	-2	76.98666666666668			0.4	54.33	0.4	56.27000000000004	0.4	80.91333333333338																																													-2	17.930000000000007	-2	24.710000000000008													-2	6.47999999999999	-2	14.760000000000005																																																																
58	Oyy	ouu	0.3333333333333333	12.200000000000003	0	8.533333333333333	0.3333333333333333	52.76000000000003	0.3333333333333333	55.24000000000001	0.3333333333333333	61.23000000000001	0.3333333333333333	77.32000000000001					-2	54.27000000000004	-2	78.91333333333338																																																																																																																																
59	Ayi	aui	0.4	12.600000000000003	0	8.533333333333333			0.4	55.64000000000001	0.4	61.63000000000001	0.4	77.72000000000001							-2	76.91333333333338																																																																																																																													-2	11.079999999999998	-2	15.39
61	aIa	aia			0.3333333333333333	8.866666666666667							-2	75.72000000000001	0.3333333333333333	52.33333333333335	0.3333333333333333	54.663333333333334	0.3333333333333333	54.603333333333374	0.3333333333333333	77.24666666666671																																																													-2	4.47999999999999	-2	12.760000000000005																																																													-2	9.079999999999998	-2	13.39
62	yeA	yea			0.4	9.266666666666667			0.4	56.040000000000006	0.4	62.03000000000001	0.4	76.12000000000002							-2	75.24666666666671																															-2	34.16													-2	15.930000000000007	-2	22.710000000000008													-2	2.4799999999999898	-2	10.760000000000005																																																																
63	ou	Ou	0.5	13.100000000000003	0	9.266666666666667	-2	50.76000000000003	-2	54.040000000000006	-2	60.03000000000001	-2	74.12000000000002					0.5	55.103333333333374	0.5	75.74666666666671													-2	41.41	-2	44.41													-2	29.879999999999995	-2	32.16													-2	13.930000000000007	-2	20.710000000000008													-2	0.47999999999998977	-2	8.760000000000005																																																																
64	Aii	aii	0.4	13.500000000000004	0	9.266666666666667			0.4	54.440000000000005	0.4	60.43000000000001	0.4	74.52000000000002							-2	73.74666666666671																																																																																																																													-2	7.079999999999998	-2	11.39
65	yAy	yau			0.4	9.666666666666668			0.4	54.84	0.4	60.830000000000005	0.4	74.92000000000003							-2	71.74666666666671																													-2	27.879999999999995	-2	30.159999999999997													-2	11.930000000000007	-2	18.710000000000008													-2	0	-2	6.760000000000005																																																																
66	AiO	aio	0.3333333333333333	13.833333333333337	0	9.666666666666668	0.3333333333333333	51.09333333333337	0.3333333333333333	55.17333333333334	0.3333333333333333	61.16333333333334	0.3333333333333333	75.25333333333336					-2	53.103333333333374	-2	69.74666666666671																																																									-2	29.03	-2	25.68	-2	0	-2	4.760000000000005																																																													-2	5.079999999999998	-2	9.39
68	Eou	eou	0.4	14.233333333333338	0	9.666666666666668					-2	59.16333333333334	-2	73.25333333333336			0.4	55.06333333333333	0.4	53.50333333333337	0.4	70.14666666666672																																									-2	36.019999999999996	-2	30.86	-2	9.930000000000007	-2	16.710000000000008									-2	27.03	-2	23.68	-2	0	-2	2.760000000000005																																																																
69	EIE	eie	0.3333333333333333	14.566666666666672	0	9.666666666666668					-2	57.16333333333334	-2	71.25333333333336	0.3333333333333333	52.666666666666686	0.3333333333333333	55.39666666666667	0.3333333333333333	53.83666666666671	0.3333333333333333	70.48000000000005																																																																																																																																
70	Eao	eao	0.4	14.966666666666672	0	9.666666666666668					-2	55.16333333333334	-2	69.25333333333336			0.4	55.79666666666667	0.4	54.23666666666671	0.4	70.88000000000005																																											-2	28.86	-2	7.930000000000007	-2	14.710000000000008											-2	21.68	-2	0	-2	0.7600000000000051																																																																
71	eOy	eou			0.3333333333333333	10.000000000000002	0.3333333333333333	51.426666666666705	0.3333333333333333	55.506666666666675	0.3333333333333333	55.49666666666668	0.3333333333333333	69.58666666666669					-2	52.23666666666671	-2	68.88000000000005																																									-2	34.019999999999996	-2	26.86	-2	5.930000000000007	-2	12.710000000000008									-2	25.03	-2	19.68	-2	0	-2	0																																																																
72	EIo	Eio			0.3333333333333333	10.333333333333336							-2	67.58666666666669	0.3333333333333333	53.00000000000002	0.3333333333333333	56.13	0.3333333333333333	52.57000000000004	0.3333333333333333	69.21333333333338																																																									-2	23.03	-2	17.68	-2	0	-2	0																													-2	46.23	-2	41.230000000000004													-2	37.84	-2	34.07													-2	3.0799999999999983	-2	7.390000000000001
73	EEo	eeo	0.4	15.366666666666672	0	10.333333333333336					-2	53.49666666666668	-2	65.58666666666669			0.4	56.53	0.4	52.97000000000004	0.4	69.61333333333339																																									-2	32.019999999999996	-2	24.86	-2	3.930000000000007	-2	10.710000000000008									-2	21.03	-2	15.68	-2	0	-2	0																																																																
74	AiA	aia	0.4	15.766666666666673	0	10.333333333333336			0.4	55.90666666666667	0.4	53.896666666666675	0.4	65.9866666666667							-2	67.61333333333339																																																													-2	0	-2	0																																																													-2	1.0799999999999983	-2	5.390000000000001
75	IEu	ieu	0.3333333333333333	16.100000000000005	0	10.333333333333336					-2	51.896666666666675	-2	63.98666666666669	0.3333333333333333	53.33333333333336	0.3333333333333333	56.86333333333334	0.3333333333333333	53.30333333333338	0.3333333333333333	67.94666666666672																																													-2	1.9300000000000068	-2	8.710000000000008													-2	0	-2	0																																																																
76	uIE	uie			0.3333333333333333	10.66666666666667					-2	49.896666666666675	-2	61.98666666666669	0.3333333333333333	53.66666666666669	0.3333333333333333	57.19666666666667	0.3333333333333333	53.63666666666671	0.3333333333333333	68.28000000000004																																																																																																																											-2	20.57	-2	0	-2	3.3900000000000006
77	Ay	au	0.4	16.500000000000004	0	10.66666666666667			0.4	56.30666666666667	0.4	50.296666666666674	0.4	62.38666666666669							-2	66.28000000000004																																																																																																																																
78	OOA	Ooa			0.3333333333333333	11.000000000000004	0.3333333333333333	51.76000000000004	0.3333333333333333	56.64000000000001	0.3333333333333333	50.63000000000001	0.3333333333333333	62.72000000000003					-2	51.63666666666671	-2	64.28000000000004									-2	47.23	-2	46.15	-2	39.41	-2	42.41									-2	47.28	-2	40.01	-2	25.879999999999995	-2	28.159999999999997									-2	30.019999999999996	-2	22.86	-2	0	-2	6.710000000000008									-2	19.03	-2	13.68	-2	0	-2	0																																																																
79	aoE	aoe			0.4	11.400000000000004					-2	48.63000000000001	-2	60.72000000000003			0.4	57.59666666666667	0.4	52.03666666666671	0.4	64.68000000000005																																																																																																									-2	39.91	-2	35.45	-2	35.84	-2	32.07									-2	19.629999999999995	-2	18.57	-2	0	-2	1.3900000000000006
80	Oey	oeu	0.3333333333333333	16.833333333333336	0	11.400000000000004	0.3333333333333333	52.093333333333376	0.3333333333333333	56.97333333333334	0.3333333333333333	48.963333333333345	0.3333333333333333	61.05333333333336					-2	50.03666666666671	-2	62.68000000000005																																													-2	0	-2	4.710000000000008													-2	0	-2	0																																									-2	37.91	-2	33.45	-2	33.84	-2	30.07									-2	17.629999999999995	-2	16.57	-2	0	-2	0
81	OAy	oau	0.3333333333333333	17.166666666666668	0	11.400000000000004	0.3333333333333333	52.42666666666671	0.3333333333333333	57.30666666666668	0.3333333333333333	49.29666666666668	0.3333333333333333	61.3866666666667					-2	48.03666666666671	-2	60.68000000000005																																																																																																																																
82	Eua	eua	0.4	17.566666666666666	0	11.400000000000004					-2	47.29666666666668	-2	59.3866666666667			0.4	57.99666666666667	0.4	48.43666666666671	0.4	61.08000000000005																																													-2	0	-2	2.710000000000008													-2	0	-2	0																																																																
83	aIu	Aiu	0.3333333333333333	17.9	0	11.400000000000004			-2	55.30666666666668	-2	45.29666666666668	-2	57.3866666666667	0.3333333333333333	54.00000000000003	0.3333333333333333	58.330000000000005	0.3333333333333333	48.770000000000046	0.3333333333333333	61.413333333333384																															-2	26.159999999999997															-2	0.710000000000008													-2	0	-2	0																																																																
84	eOy	Eou	0.3333333333333333	18.23333333333333	0	11.400000000000004	0.3333333333333333	52.76000000000005	0.3333333333333333	55.640000000000015	0.3333333333333333	45.63000000000002	0.3333333333333333	57.720000000000034			-2	56.330000000000005	-2	46.770000000000046	-2	59.413333333333384																																																																																																																																
86	yOy	uou	0.3333333333333333	18.566666666666663	0	11.400000000000004	0.3333333333333333	53.09333333333338	0.3333333333333333	55.97333333333335	0.3333333333333333	45.96333333333335	0.3333333333333333	58.05333333333337					-2	44.770000000000046	-2	57.413333333333384																																																																																																																																
88	OyA	oua	0.3333333333333333	18.899999999999995	0	11.400000000000004	0.3333333333333333	53.42666666666672	0.3333333333333333	56.306666666666686	0.3333333333333333	46.29666666666669	0.3333333333333333	58.386666666666706					-2	42.770000000000046	-2	55.413333333333384																																																																																																																																
89	uuI	uui			0.3333333333333333	11.733333333333338							-2	56.386666666666706	0.3333333333333333	54.333333333333364	0.3333333333333333	56.66333333333334	0.3333333333333333	43.10333333333338	0.3333333333333333	55.74666666666672																																																																																																																													-2	0	-2	0
94	AOi	Aoi			0.3333333333333333	12.066666666666672	0.3333333333333333	53.760000000000055	0.3333333333333333	56.64000000000002	0.3333333333333333	46.630000000000024	0.3333333333333333	56.72000000000004					-2	41.10333333333338	-2	53.74666666666672																									-2	45.28	-2	38.01	-2	23.879999999999995	-2	24.159999999999997									-2	28.019999999999996	-2	20.86	-2	0	-2	0									-2	17.03	-2	11.68	-2	0	-2	0																																													-2	31.840000000000003	-2	28.07													-2	0	-2	0
96	ee	Ee	0.5	19.399999999999995	0	12.066666666666672					0.5	47.130000000000024	0.5	57.22000000000004			-2	54.66333333333334	-2	39.10333333333338	-2	51.74666666666672																																																																																									-2	45.06	-2	41.76	-2	44.23	-2	39.230000000000004									-2	35.91	-2	31.450000000000003	-2	29.840000000000003	-2	26.07									-2	15.629999999999995	-2	14.57	-2	0	-2	0
97	uuu	yuu	0.6666666666666666	20.066666666666663	0	12.066666666666672			-2	54.64000000000002	-2	45.130000000000024	-2	55.22000000000004							0.6666666666666666	52.413333333333384																													-2	21.879999999999995	-2	22.159999999999997													-2	0	-2	0													-2	0	-2	0																																																																
98	ooa	Ooa	0.5	20.566666666666663	0	12.066666666666672	-2	51.760000000000055	-2	52.64000000000002	-2	43.130000000000024	-2	53.22000000000004					0.5	39.60333333333338	0.5	52.913333333333384									-2	45.23	-2	44.15	-2	37.41	-2	40.41									-2	43.28	-2	36.01	-2	19.879999999999995	-2	20.159999999999997									-2	26.019999999999996	-2	18.86	-2	0	-2	0									-2	15.030000000000001	-2	9.68	-2	0	-2	0																																																																
100	uu	yu	0.6666666666666666	21.23333333333333	0	12.066666666666672			-2	50.64000000000002	-2	41.130000000000024	-2	51.22000000000004							0.6666666666666666	53.58000000000005																													-2	17.879999999999995	-2	18.159999999999997													-2	0	-2	0													-2	0	-2	0																																																																
101	ieA	iea			0.4	12.466666666666672			0.4	51.04000000000002	0.4	41.53000000000002	0.4	51.62000000000004							-2	51.58000000000005																																													-2	0	-2	0													-2	0	-2	0																																																																
105	au	Au	0.6666666666666666	21.9	0	12.466666666666672			-2	49.04000000000002	-2	39.53000000000002	-2	49.62000000000004							0.6666666666666666	52.24666666666671																													-2	15.879999999999995	-2	16.159999999999997													-2	0	-2	0													-2	0	-2	0																																																																
106	OAe	Oae			0.4	12.866666666666672			0.4	49.44000000000002	0.4	39.93000000000002	0.4	50.02000000000004							-2	50.24666666666671													-2	35.41	-2	38.41													-2	13.879999999999995	-2	14.159999999999997													-2	0	-2	0													-2	0	-2	0																																																									-2	13.629999999999995	-2	12.57	-2	0	-2	0
108	yio	uio	0.2222222222222222	22.12222222222222	0	12.866666666666672			0.2222222222222222	49.66222222222224	0.2222222222222222	40.15222222222224	0.2222222222222222	50.24222222222226							-2	48.24666666666671																											0.2222222222222222	36.23222222222222			0.2222222222222222	14.382222222222218											0.2222222222222222	19.08222222222222			0.2222222222222222	0.2222222222222222																																																																													-2	0	-2	0
109	uua	yua	0.6666666666666666	22.788888888888888	0	12.866666666666672			-2	47.66222222222224	-2	38.15222222222224	-2	48.24222222222226							0.6666666666666666	48.91333333333338																													-2	11.879999999999995	-2	12.382222222222218													-2	0	-2	0													-2	0	-2	0																																																																
110	uae	yae	0.4	23.188888888888886	0	12.866666666666672			-2	45.66222222222224	-2	36.15222222222224	-2	46.24222222222226							0.4	49.313333333333375																													-2	9.879999999999995	-2	10.382222222222218													-2	0	-2	0													-2	0	-2	0																																																											0.4	12.97			0.4	0.4
111	Aee	aee	0.4	23.588888888888885	0	12.866666666666672			0.4	46.06222222222224	0.4	36.55222222222224	0.4	46.64222222222226							-2	47.313333333333375																																																																																																																									-2	11.629999999999995	-2	10.97	-2	0	-2	0
112	aea	Aea	0.2857142857142857	23.87460317460317	0	12.866666666666672			-2	44.06222222222224	-2	34.55222222222224	-2	44.64222222222226							0.2857142857142857	47.59904761904766																															-2	8.382222222222218																																																																																									0.2857142857142857	11.915714285714282	0.2857142857142857	11.255714285714287	0.2857142857142857	0.2857142857142857	0.2857142857142857	0.2857142857142857
114	oua	Oua	0.5	24.37460317460317	0	12.866666666666672	-2	49.760000000000055	-2	42.06222222222224	-2	32.55222222222224	-2	42.64222222222226					0.5	40.10333333333338	0.5	48.09904761904766													-2	33.41	-2	36.41													-2	7.8799999999999955	-2	6.382222222222218													-2	0	-2	0													-2	0	-2	0																																																																
116	iO	io			0.3333333333333333	13.200000000000006	0.3333333333333333	50.09333333333339	0.3333333333333333	42.395555555555575	0.3333333333333333	32.88555555555558	0.3333333333333333	42.975555555555594					-2	38.10333333333338	-2	46.09904761904766																																																									-2	13.030000000000001	-2	7.68	-2	0	-2	0																																																																
118	eoe	Eoe	0.16666666666666666	24.541269841269838	0	13.200000000000006					0.16666666666666666	33.05222222222224	0.16666666666666666	43.14222222222226			-2	52.66333333333334	-2	36.10333333333338	-2	44.09904761904766																																									0.16666666666666666	26.186666666666664	0.16666666666666666	19.24888888888889	0.16666666666666666	0.16666666666666666	0.16666666666666666	0.16666666666666666									0.16666666666666666	13.196666666666667	0.16666666666666666	7.846666666666667	0.16666666666666666	0.16666666666666666	0.16666666666666666	0.16666666666666666																											-2	39.76			-2	37.230000000000004											-2	29.450000000000003			-2	24.07											-2	9.255714285714287			-2	0
119	oao	Oao	0.5	25.041269841269838	0	13.200000000000006	-2	48.09333333333339	-2	40.395555555555575	-2	31.05222222222224	-2	41.14222222222226					0.5	36.60333333333338	0.5	44.59904761904766											-2	42.15	-2	31.409999999999997	-2	34.41											-2	34.23222222222222	-2	5.8799999999999955	-2	4.382222222222218											-2	17.24888888888889	-2	0	-2	0											-2	5.846666666666667	-2	0	-2	0																																																																
120	eyA	eua			0.4	13.600000000000007			0.4	40.79555555555557	0.4	31.45222222222224	0.4	41.54222222222226							-2	42.59904761904766																																													-2	0	-2	0													-2	0	-2	0																																																																
121	iAA	iaa			0.4	14.000000000000007			0.4	41.19555555555557	0.4	31.852222222222238	0.4	41.942222222222256							-2	40.59904761904766																																																													-2	0	-2	0																																																																
123	uea	yea	0.2857142857142857	25.326984126984122	0	14.000000000000007			-2	39.19555555555557	-2	29.852222222222238	-2	39.942222222222256							0.2857142857142857	40.884761904761945																															-2	2.382222222222218																																																																																									0.2857142857142857	12.201428571428568	0.2857142857142857	9.541428571428574	0.2857142857142857	0.5714285714285714	0.2857142857142857	0.2857142857142857
125	yyA	yua			0.4	14.400000000000007			0.4	39.59555555555557	0.4	30.252222222222237	0.4	40.342222222222254							-2	38.884761904761945																													-2	3.8799999999999955	-2	0.382222222222218													-2	0	-2	0													-2	0	-2	0																																																																
126	oaa	Oaa	0.5	25.826984126984122	0	14.400000000000007	-2	46.09333333333339	-2	37.59555555555557	-2	28.252222222222237	-2	38.342222222222254					0.5	37.10333333333338	0.5	39.384761904761945													-2	29.409999999999997	-2	32.41													-2	1.8799999999999955	-2	0													-2	0	-2	0													-2	0	-2	0																																																																
127	eye	Eue	0.4	26.22698412698412	0	14.400000000000007			0.4	37.99555555555557	0.4	28.652222222222235	0.4	38.74222222222225			-2	50.66333333333334	-2	35.10333333333338	-2	37.384761904761945																																																																																											-2	37.76			-2	35.230000000000004											-2	27.450000000000003			-2	22.07									-2	10.201428571428568	-2	7.541428571428574	-2	0	-2	0
129	oi	Oi	0.25	26.47698412698412	0	14.400000000000007	-2	44.09333333333339	-2	35.99555555555557	-2	26.652222222222235	-2	36.74222222222225					0.25	35.35333333333338	0.25	37.634761904761945																																																																																																													0.25	30.090000000000003	0.25	22.32													0.25	0.25	0.25	0.25
130	Aao	aao	0.14285714285714285	26.619841269841263	0	14.400000000000007			0.14285714285714285	36.138412698412715	0.14285714285714285	26.795079365079378	0.14285714285714285	36.8850793650794							-2	35.634761904761945																											0.14285714285714285	34.375079365079365	0.14285714285714285	2.0228571428571382	0.14285714285714285	0.14285714285714285											0.14285714285714285	17.39174603174603	0.14285714285714285	0.14285714285714285	0.14285714285714285	0.14285714285714285											0.14285714285714285	5.98952380952381	0.14285714285714285	0.14285714285714285	0.14285714285714285	0.14285714285714285																																																																
132	eAi	eai			0.4	14.800000000000008			0.4	36.538412698412714	0.4	27.195079365079376	0.4	37.2850793650794							-2	33.634761904761945																																													-2	0	-2	0													-2	0	-2	0																																																													-2	0	-2	0
133	uoo	yoo	0.6666666666666666	27.28650793650793	0	14.800000000000008			-2	34.538412698412714	-2	25.195079365079376	-2	35.2850793650794							0.6666666666666666	34.30142857142861																									-2	41.28	-2	32.375079365079365	-2	0.022857142857138246	-2	0									-2	24.186666666666664	-2	15.391746031746031	-2	0	-2	0									-2	11.196666666666667	-2	3.98952380952381	-2	0	-2	0																																																																
134	aie	Aie	0.3333333333333333	27.619841269841263	0	14.800000000000008			-2	32.538412698412714	-2	23.195079365079376	-2	33.2850793650794							0.3333333333333333	34.634761904761945																																																																																																																											0.3333333333333333	7.874761904761907	0.3333333333333333	0.3333333333333333	0.3333333333333333	0.3333333333333333
135	Aye	Aue			0.4	15.200000000000008			0.4	32.93841269841271	0.4	23.595079365079375	0.4	33.685079365079396							-2	32.634761904761945																													-2	0	-2	0													-2	0	-2	0													-2	0	-2	0																																																									-2	8.201428571428568	-2	5.874761904761907	-2	0	-2	0
137	aiu	Aiu	0.4	28.019841269841262	0	15.200000000000008			-2	30.938412698412712	-2	21.595079365079375	-2	31.685079365079396							0.4	33.03476190476194																															-2	0															-2	0																																																																													0.4	0.4	0.4	0.4
138	aea	Aea	0.2857142857142857	28.305555555555546	0	15.200000000000008			-2	28.938412698412712	-2	19.595079365079375	-2	29.685079365079396							0.2857142857142857	33.32047619047623																															-2	0																																																																																									0.2857142857142857	8.487142857142855	0.2857142857142857	6.160476190476192	0.2857142857142857	0.6857142857142857	0.2857142857142857	0.6857142857142857
139	iyi	iui			0.4	15.600000000000009			0.4	29.33841269841271	0.4	19.995079365079373	0.4	30.085079365079395							-2	31.320476190476228																																																													-2	0	-2	0																																																													-2	0	-2	0
142	uu	yu	0.6666666666666666	28.972222222222214	0	15.600000000000009			-2	27.33841269841271	-2	17.995079365079373	-2	28.085079365079395							0.6666666666666666	31.987142857142896																													-2	0	-2	0													-2	0	-2	0													-2	0	-2	0																																																																
143	oia	Oia	0.25	29.222222222222214	0	15.600000000000009	-2	42.09333333333339	-2	25.33841269841271	-2	15.995079365079373	-2	26.085079365079395					0.25	35.60333333333338	0.25	32.2371428571429															-2	30.409999999999997															-2	0															-2	0																																																													0.25	30.340000000000003	0.25	22.57													0.25	0.25	0.25	0.25
145	oio	Oio	0.25	29.472222222222214	0	15.600000000000009	-2	40.09333333333339	-2	23.33841269841271	-2	13.995079365079373	-2	24.085079365079395					0.25	35.85333333333338	0.25	32.4871428571429											-2	40.15			-2	28.409999999999997											-2	30.375079365079365			-2	0											-2	13.391746031746031			-2	0																																																													0.25	30.590000000000003	0.25	22.82													0.25	0.5	0.25	0.5
149	eee	Eee	0.5	29.972222222222214	0	15.600000000000009					0.5	14.495079365079373	0.5	24.585079365079395			-2	48.66333333333334	-2	33.85333333333338	-2	30.4871428571429																																																																																									-2	43.06	-2	35.76	-2	42.23	-2	33.230000000000004									-2	33.91	-2	25.450000000000003	-2	28.590000000000003	-2	20.82									-2	6.487142857142855	-2	4.160476190476192	-2	0	-2	0
150	ou	Ou	0.5	30.472222222222214	0	15.600000000000009	-2	38.09333333333339	-2	21.33841269841271	-2	12.495079365079373	-2	22.585079365079395					0.5	34.35333333333338	0.5	30.9871428571429													-2	27.409999999999997	-2	26.409999999999997													-2	0	-2	0													-2	0	-2	0													-2	0	-2	0																																																																
152	oaa	Oaa	0.5	30.972222222222214	0	15.600000000000009	-2	36.09333333333339	-2	19.33841269841271	-2	10.495079365079373	-2	20.585079365079395					0.5	34.85333333333338	0.5	31.4871428571429													-2	25.409999999999997	-2	24.409999999999997													-2	0	-2	0													-2	0	-2	0													-2	0	-2	0																																																																
155	AOO	aoo	0.3333333333333333	31.305555555555546	0	15.600000000000009	0.3333333333333333	36.426666666666726	0.3333333333333333	19.671746031746043	0.3333333333333333	10.828412698412707	0.3333333333333333	20.918412698412727					-2	32.85333333333338	-2	29.4871428571429																																																																																																																																
156	oio	Oio	0.25	31.555555555555546	0	15.600000000000009	-2	34.426666666666726	-2	17.671746031746043	-2	8.828412698412707	-2	18.918412698412727					0.25	33.10333333333338	0.25	29.7371428571429											-2	38.15			-2	22.409999999999997											-2	28.375079365079365			-2	0											-2	11.391746031746031			-2	0																																																													0.25	28.840000000000003	0.25	21.07													0.25	0.25	0.25	0.25
158	oeo	Oeo	0.16666666666666666	31.722222222222214	0	15.600000000000009	-2	32.426666666666726	-2	15.671746031746043	-2	6.828412698412707	-2	16.918412698412727					0.16666666666666666	33.270000000000046	0.16666666666666666	29.903809523809567											-2	36.15			-2	20.409999999999997											-2	26.375079365079365			-2	0																																																																									0.16666666666666666	34.07666666666666	0.16666666666666666	25.61666666666667	0.16666666666666666	29.00666666666667	0.16666666666666666	21.236666666666668									0.16666666666666666	6.653809523809522	0.16666666666666666	4.327142857142859	0.16666666666666666	0.41666666666666663	0.16666666666666666	0.41666666666666663
159	iyA	iua			0.4	16.000000000000007			0.4	16.07174603174604	0.4	7.228412698412708	0.4	17.318412698412725							-2	27.903809523809567																																																													-2	0	-2	0																																																																
160	yyy	yuu			0.4	16.400000000000006			0.4	16.47174603174604	0.4	7.628412698412708	0.4	17.718412698412724							-2	25.903809523809567																													-2	0	-2	0													-2	0	-2	0													-2	0	-2	0																																																																
161	Ayy	Auu			0.4	16.800000000000004			0.4	16.87174603174604	0.4	8.028412698412708	0.4	18.118412698412723							-2	23.903809523809567																													-2	0	-2	0													-2	0	-2	0													-2	0	-2	0																																																																
164	eey	eeu			0.4	17.200000000000003			0.4	17.271746031746037	0.4	8.428412698412709	0.4	18.51841269841272							-2	21.903809523809567																																													-2	0	-2	0													-2	0	-2	0																																																																
166	yOy	uou	0.3333333333333333	32.05555555555555	0	17.200000000000003	0.3333333333333333	32.76000000000006	0.3333333333333333	17.60507936507937	0.3333333333333333	8.761746031746043	0.3333333333333333	18.851746031746053					-2	31.270000000000046	-2	19.903809523809567																																																																																																																																
167	eyO	euo			0.3333333333333333	17.533333333333335	0.3333333333333333	33.0933333333334	0.3333333333333333	17.9384126984127	0.3333333333333333	9.095079365079377	0.3333333333333333	19.185079365079385					-2	29.270000000000046	-2	17.903809523809567																																											-2	9.391746031746031	-2	0	-2	0											-2	1.98952380952381	-2	0	-2	0																																																																
173	oaa	Oaa	0.5	32.55555555555555	0	17.533333333333335	-2	31.093333333333398	-2	15.938412698412701	-2	7.095079365079377	-2	17.185079365079385					0.5	29.770000000000046	0.5	18.403809523809567													-2	23.409999999999997	-2	18.409999999999997													-2	0	-2	0													-2	0	-2	0													-2	0	-2	0																																																																
175	iAy	iau			0.4	17.933333333333334			0.4	16.3384126984127	0.4	7.495079365079377	0.4	17.585079365079384							-2	16.403809523809567																																																													-2	0	-2	0																																																																
177	eeu	Eeu	0.5	33.05555555555555	0	17.933333333333334					0.5	7.995079365079377	0.5	18.085079365079384			-2	46.66333333333334	-2	27.770000000000046	-2	14.403809523809567																																																																																									-2	41.06	-2	33.76	-2	40.23	-2	31.230000000000004									-2	32.07666666666666	-2	23.61666666666667	-2	27.00666666666667	-2	19.236666666666668									-2	4.653809523809522	-2	2.327142857142859	-2	0	-2	0
179	oui	Oui	0.3333333333333333	33.388888888888886	0	17.933333333333334	-2	29.093333333333398	-2	14.3384126984127	-2	5.995079365079377	-2	16.085079365079384					0.3333333333333333	28.103333333333378	0.3333333333333333	14.737142857142901													-2	21.409999999999997	-2	16.409999999999997													-2	0	-2	0													-2	0	-2	0													-2	0	-2	0																																															0.3333333333333333	19.57															0.3333333333333333	0.3333333333333333
182	OO	Oo			0.3333333333333333	18.266666666666666	0.3333333333333333	29.42666666666673	0.3333333333333333	14.671746031746034	0.3333333333333333	6.32841269841271	0.3333333333333333	16.418412698412716					-2	26.103333333333378	-2	12.737142857142901									-2	43.23	-2	34.15	-2	19.409999999999997	-2	14.409999999999997									-2	39.28	-2	24.375079365079365	-2	0	-2	0									-2	22.186666666666664	-2	7.391746031746031	-2	0	-2	0									-2	9.196666666666667	-2	0	-2	0	-2	0																																																																
190	eiO	eio			0.3333333333333333	18.599999999999998	0.3333333333333333	29.760000000000062	0.3333333333333333	15.005079365079368	0.3333333333333333	6.661746031746043	0.3333333333333333	16.75174603174605					-2	24.103333333333378	-2	10.737142857142901																																											-2	5.391746031746031			-2	0									-2	7.196666666666667	-2	0	-2	0	-2	0																																																																
192	OyO	Ouo			0.3333333333333333	18.93333333333333	0.3333333333333333	30.093333333333394	0.3333333333333333	15.338412698412702	0.3333333333333333	6.995079365079376	0.3333333333333333	17.08507936507938					-2	22.103333333333378	-2	8.737142857142901											-2	32.15	-2	17.409999999999997	-2	12.409999999999997											-2	22.375079365079365	-2	0	-2	0											-2	3.391746031746031	-2	0	-2	0											-2	0	-2	0	-2	0																																																																
194	eoa	Eoa	0.16666666666666666	33.55555555555555	0	18.93333333333333					0.16666666666666666	7.161746031746043	0.16666666666666666	17.25174603174605			-2	44.66333333333334	-2	20.103333333333378	-2	6.737142857142901																																									0.16666666666666666	22.35333333333333	0.16666666666666666	3.5584126984126976	0.16666666666666666	0.16666666666666666	0.16666666666666666	0.16666666666666666									0.16666666666666666	7.363333333333334	0.16666666666666666	0.16666666666666666	0.16666666666666666	0.16666666666666666	0.16666666666666666	0.16666666666666666																																																																
204	eia	Eia	0.4	33.95555555555555	0	18.93333333333333					0.4	7.561746031746043	0.4	17.651746031746047			-2	42.66333333333334	-2	18.103333333333378	-2	4.737142857142901																																															0.4	0.5666666666666667																																													-2	38.23	-2	29.230000000000004													-2	25.00666666666667	-2	17.57													-2	0	-2	0
207	Oy	Ou			0.4	19.33333333333333			0.4	15.738412698412702	0.4	7.961746031746044	0.4	18.051746031746045							-2	2.737142857142901													-2	15.409999999999997	-2	10.409999999999997													-2	0	-2	0													-2	0	-2	0													-2	0	-2	0																																																																
208	eeu	Eeu	0.5	34.45555555555555	0	19.33333333333333					0.5	8.461746031746044	0.5	18.551746031746045			-2	40.66333333333334	-2	16.103333333333378	-2	0.7371428571429011																																																																																									-2	39.06	-2	31.759999999999998	-2	36.23	-2	27.230000000000004									-2	30.07666666666666	-2	21.61666666666667	-2	23.00666666666667	-2	15.57									-2	2.653809523809522	-2	0.3271428571428592	-2	0	-2	0
214	eii	Eii	0.5	34.95555555555555	0	19.33333333333333					0.5	8.961746031746044	0.5	19.051746031746045			-2	38.66333333333334	-2	14.103333333333378	-2	0																																																																																													-2	34.23	-2	25.230000000000004													-2	21.00666666666667	-2	13.57													-2	0	-2	0
218	eoo	Eoo	0.16666666666666666	35.12222222222221	0	19.33333333333333					0.16666666666666666	9.12841269841271	0.16666666666666666	19.218412698412713			-2	36.66333333333334	-2	12.103333333333378	-2	0																																									0.16666666666666666	22.52	0.16666666666666666	3.725079365079364	0.16666666666666666	0.16666666666666666	0.16666666666666666	0.16666666666666666									0.16666666666666666	7.530000000000001	0.16666666666666666	0.3333333333333333	0.16666666666666666	0.16666666666666666	0.16666666666666666	0.16666666666666666																																																																
219	OOe	Ooe			0.3333333333333333	19.66666666666666	0.3333333333333333	30.426666666666726	0.3333333333333333	16.071746031746034	0.3333333333333333	9.461746031746044	0.3333333333333333	19.551746031746045					-2	10.103333333333378	-2	0									-2	41.23	-2	30.15	-2	13.409999999999997	-2	8.409999999999997									-2	37.28	-2	20.375079365079365	-2	0	-2	0									-2	20.52	-2	1.725079365079364	-2	0	-2	0									-2	5.530000000000001	-2	0	-2	0	-2	0																																									-2	28.07666666666666	-2	19.61666666666667	-2	19.00666666666667	-2	11.57									-2	0.6538095238095218	-2	0	-2	0	-2	0
221	eeo	Eeo	0.5	35.62222222222221	0	19.66666666666666					0.5	9.961746031746044	0.5	20.051746031746045			-2	34.66333333333334	-2	8.103333333333378	-2	0																																																																																									-2	37.06	-2	29.759999999999998	-2	32.23	-2	23.230000000000004									-2	26.07666666666666	-2	17.61666666666667	-2	17.00666666666667	-2	9.57									-2	0	-2	0	-2	0	-2	0
223	eeo	Eeo	0.5	36.12222222222221	0	19.66666666666666					0.5	10.461746031746044	0.5	20.551746031746045			-2	32.66333333333334	-2	6.103333333333378	-2	0																																																																																									-2	35.06	-2	27.759999999999998	-2	30.229999999999997	-2	21.230000000000004									-2	24.07666666666666	-2	15.61666666666667	-2	15.006666666666671	-2	7.57									-2	0	-2	0	-2	0	-2	0
233	AOi	Aoi			0.3333333333333333	19.999999999999993	0.3333333333333333	30.76000000000006	0.3333333333333333	16.405079365079366	0.3333333333333333	10.795079365079378	0.3333333333333333	20.885079365079378					-2	4.103333333333378	-2	0																									-2	35.28	-2	18.375079365079365	-2	0	-2	0									-2	18.52	-2	0	-2	0	-2	0									-2	3.530000000000001	-2	0	-2	0	-2	0																																													-2	13.006666666666671	-2	5.57													-2	0	-2	0
240	OOO	Ooo			0.3333333333333333	20.333333333333325	0.3333333333333333	31.09333333333339	0.3333333333333333	16.7384126984127	0.3333333333333333	11.128412698412712	0.3333333333333333	21.21841269841271					-2	2.103333333333378	-2	0									-2	39.23	-2	28.15	-2	11.409999999999997	-2	6.409999999999997									-2	33.28	-2	16.375079365079365	-2	0	-2	0									-2	16.52	-2	0	-2	0	-2	0									-2	1.5300000000000011	-2	0	-2	0	-2	0																																																																
244	EEi	Eei			0.25	20.583333333333325					-2	9.128412698412712	-2	19.21841269841271			0.25	32.91333333333334	0.25	2.353333333333378	0.25	0.25																																																																																									-2	33.06	-2	25.759999999999998			0.25	21.480000000000004									-2	22.07666666666666	-2	13.61666666666667			0.25	5.82									-2	0	-2	0			0.25	0.25
251	EEu	Eeu			0.4	20.983333333333324					-2	7.128412698412712	-2	17.21841269841271			0.4	33.31333333333334	0.4	2.753333333333378	0.4	0.65																																													-2	0	-2	0													-2	0	-2	0																									-2	31.060000000000002	-2	23.759999999999998	-2	28.229999999999997	-2	19.480000000000004									-2	20.07666666666666	-2	11.61666666666667	-2	11.006666666666671	-2	3.8200000000000003									-2	0	-2	0	-2	0	-2	0
253	eo	Eo	0.16666666666666666	36.28888888888888	0	20.983333333333324					0.16666666666666666	7.295079365079379	0.16666666666666666	17.385079365079378			-2	31.31333333333334	-2	0.7533333333333778	-2	0																																									0.16666666666666666	16.686666666666667	0.16666666666666666	0.16666666666666666	0.16666666666666666	0.16666666666666666	0.16666666666666666	0.16666666666666666									0.16666666666666666	1.6966666666666679	0.16666666666666666	0.16666666666666666	0.16666666666666666	0.16666666666666666	0.16666666666666666	0.16666666666666666																																																																
258	OOe	Ooe			0.3333333333333333	21.316666666666656	0.3333333333333333	31.426666666666723	0.3333333333333333	17.07174603174603	0.3333333333333333	7.628412698412712	0.3333333333333333	17.71841269841271					-2	0	-2	0									-2	37.23	-2	26.15	-2	9.409999999999997	-2	4.409999999999997									-2	31.28	-2	14.375079365079365	-2	0	-2	0									-2	14.686666666666667	-2	0	-2	0	-2	0									-2	0	-2	0	-2	0	-2	0																																									-2	18.07666666666666	-2	9.61666666666667	-2	9.006666666666671	-2	1.8200000000000003									-2	0	-2	0	-2	0	-2	0
263	OOi	Ooi			0.3333333333333333	21.649999999999988	0.3333333333333333	31.760000000000055	0.3333333333333333	17.405079365079363	0.3333333333333333	7.961746031746045	0.3333333333333333	18.051746031746042					-2	0	-2	0									-2	35.23	-2	24.15	-2	7.409999999999997	-2	2.4099999999999966									-2	29.28	-2	12.375079365079365	-2	0	-2	0									-2	12.686666666666667	-2	0	-2	0	-2	0									-2	0	-2	0	-2	0	-2	0																																													-2	7.006666666666671	-2	0													-2	0	-2	0
336	OOe	Ooe			0.3333333333333333	21.98333333333332	0.3333333333333333	32.09333333333339	0.3333333333333333	17.738412698412695	0.3333333333333333	8.295079365079378	0.3333333333333333	18.385079365079374					-2	0	-2	0									-2	33.23	-2	22.15	-2	5.409999999999997	-2	0.4099999999999966									-2	27.28	-2	10.375079365079365	-2	0	-2	0									-2	10.686666666666667	-2	0	-2	0	-2	0									-2	0	-2	0	-2	0	-2	0																																									-2	16.07666666666666	-2	7.616666666666671	-2	5.006666666666671	-2	0									-2	0	-2	0	-2	0	-2	0
343	OOa	Ooa			0.3333333333333333	22.316666666666652	0.3333333333333333	32.426666666666726	0.3333333333333333	18.071746031746027	0.3333333333333333	8.628412698412712	0.3333333333333333	18.718412698412706					-2	0	-2	0									-2	31.229999999999997	-2	20.15			-2	0									-2	25.28	-2	8.375079365079365			-2	0									-2	8.686666666666667	-2	0			-2	0									-2	0	-2	0			-2	0																																																																
347	ooe	Ooe	0.25	36.53888888888888	0	22.316666666666652	-2	30.426666666666726	-2	16.071746031746027	-2	6.628412698412712	-2	16.718412698412706					0.25	0.25	0.25	0.25									-2	29.229999999999997	-2	18.15	-2	3.4099999999999966	-2	0									-2	23.28	-2	6.375079365079365	-2	0	-2	0									-2	6.686666666666667	-2	0	-2	0	-2	0									-2	0	-2	0	-2	0	-2	0																																											0.25	7.866666666666671			0.25	0.25											0.25	0.25			0.25	0.25
408	EEi	Eei			0.25	22.566666666666652					-2	4.628412698412712	-2	14.718412698412706			0.25	31.56333333333334	0.25	0.5	0.25	0.5																																																																																									-2	29.060000000000002	-2	21.759999999999998			0.25	19.730000000000004									-2	14.07666666666666	-2	5.866666666666671			0.25	0.5									-2	0	-2	0			0.25	0.5
483	EEa	Eea			0.4	22.96666666666665					-2	2.6284126984127116	-2	12.718412698412706			0.4	31.96333333333334	0.4	0.9	0.4	0.9																																													-2	0	-2	0													-2	0	-2	0																									-2	27.060000000000002	-2	19.759999999999998	-2	26.229999999999997	-2	17.730000000000004									-2	12.07666666666666	-2	3.8666666666666707	-2	3.0066666666666713	-2	0									-2	0	-2	0	-2	0	-2	0
613	OOu	Oou			0.3333333333333333	23.299999999999983	0.3333333333333333	30.76000000000006	0.3333333333333333	16.40507936507936	0.3333333333333333	2.961746031746045	0.3333333333333333	13.05174603174604					-2	0	-2	0									-2	27.229999999999997	-2	16.15			-2	0									-2	21.28	-2	4.375079365079365			-2	0									-2	4.686666666666667	-2	0			-2	0									-2	0	-2	0			-2	0																																																																
617	eea	Eea	0.5	37.03888888888888	0	23.299999999999983					0.5	3.461746031746045	0.5	13.55174603174604			-2	29.96333333333334	-2	0	-2	0																																																																																									-2	25.060000000000002	-2	17.759999999999998	-2	24.229999999999997	-2	15.730000000000004									-2	10.07666666666666	-2	1.8666666666666707	-2	1.0066666666666713	-2	0									-2	0	-2	0	-2	0	-2	0
1007	OOu	Oou			0.3333333333333333	23.633333333333315	0.3333333333333333	31.09333333333339	0.3333333333333333	16.73841269841269	0.3333333333333333	3.7950793650793786	0.3333333333333333	13.885079365079374					-2	0	-2	0									-2	25.229999999999997	-2	14.149999999999999			-2	0									-2	19.28	-2	2.3750793650793653			-2	0									-2	2.6866666666666674	-2	0			-2	0									-2	0	-2	0			-2	0																																																																
1056	EEE	Eee			0.4	24.033333333333314					-2	1.7950793650793786	-2	11.885079365079374			0.4	30.363333333333337	0.4	0.4	0.4	0.4																																																																																									-2	23.060000000000002	-2	15.759999999999998	-2	22.229999999999997	-2	13.730000000000004									-2	8.07666666666666	-2	0	-2	0	-2	0									-2	0	-2	0	-2	0	-2	0
1110	oeu	Oeu	0.16666666666666666	37.20555555555554	0	24.033333333333314	-2	29.09333333333339	-2	14.738412698412692	-2	0	-2	9.885079365079374					0.16666666666666666	0.5666666666666667	0.16666666666666666	0.5666666666666667															-2	0															-2	0																																																																									0.16666666666666666	8.243333333333327	0.16666666666666666	0.16666666666666666	0.16666666666666666	0.16666666666666666	0.16666666666666666	0.16666666666666666									0.16666666666666666	0.16666666666666666	0.16666666666666666	0.16666666666666666	0.16666666666666666	0.16666666666666666	0.16666666666666666	0.16666666666666666
1748	OO	Oo			0.3333333333333333	24.366666666666646	0.3333333333333333	29.426666666666723	0.3333333333333333	15.071746031746025	0.3333333333333333	0.3333333333333333	0.3333333333333333	10.218412698412708					-2	0	-2	0									-2	23.229999999999997	-2	12.149999999999999	-2	1.4099999999999966	-2	0									-2	17.28	-2	0.37507936507936535	-2	0	-2	0									-2	0.6866666666666674	-2	0	-2	0	-2	0									-2	0	-2	0	-2	0	-2	0																																																																
2242	eee	Eee	0.5	37.70555555555554	0	24.366666666666646					0.5	0.8333333333333333	0.5	10.718412698412708			-2	28.363333333333337	-2	0	-2	0																																																																																									-2	21.060000000000002	-2	13.759999999999998	-2	20.229999999999997	-2	11.730000000000004									-2	6.243333333333327	-2	0	-2	0	-2	0									-2	0	-2	0	-2	0	-2	0
3819	oua	Oua	0.5	38.20555555555554	0	24.366666666666646	-2	27.426666666666723	-2	13.071746031746025	-2	0	-2	8.718412698412708					0.5	0.5	0.5	0.5													-2	0	-2	0													-2	0	-2	0													-2	0	-2	0													-2	0	-2	0																																																																
4441	OOu	Oou			0.3333333333333333	24.699999999999978	0.3333333333333333	27.760000000000055	0.3333333333333333	13.40507936507936	0.3333333333333333	0.3333333333333333	0.3333333333333333	9.051746031746042					-2	0	-2	0									-2	21.229999999999997	-2	10.149999999999999			-2	0									-2	15.280000000000001	-2	0			-2	0									-2	0	-2	0			-2	0									-2	0	-2	0			-2	0																																																																
4705	EEu	Eeu			0.4	25.099999999999977					-2	0	-2	7.051746031746042			0.4	28.763333333333335	0.4	0.4	0.4	0.4																																													-2	0	-2	0													-2	0	-2	0																									-2	19.060000000000002	-2	11.759999999999998	-2	18.229999999999997	-2	9.730000000000004									-2	4.243333333333327	-2	0	-2	0	-2	0									-2	0	-2	0	-2	0	-2	0
17253	OOe	Ooe			0.0003333333333333333	25.10033333333331	0.0003333333333333333	27.76033333333339	0.0003333333333333333	13.405412698412693	0.0003333333333333333	0.0003333333333333333	0.0003333333333333333	7.052079365079376					-0.002	0.398	-0.002	0.398									-0.002	21.227999999999998	-0.002	10.147999999999998	-0.002	0	-0.002	0									-0.002	15.278	-0.002	0	-0.002	0	-0.002	0									-0.002	0	-0.002	0	-0.002	0	-0.002	0									-0.002	0	-0.002	0	-0.002	0	-0.002	0																																									-0.002	4.241333333333327	-0.002	0	-0.002	0	-0.002	0									-0.002	0	-0.002	0	-0.002	0	-0.002	0
TOTAL				38.20555555555554		25.10033333333331		27.76033333333339		13.405412698412693		0.0003333333333333333		7.052079365079376		54.333333333333364		28.763333333333335		0.398		0.398		50.0		50.0		50.0		50.0		21.227999999999998		10.147999999999998		0		0		50.0		50.0		50.0		50.0		15.278		0		0		0		50.0		50.0		50.0		50.0		0		0		0		0		50.0		50.0		50.0		50.0		0		0		0		0		50.0		50.0		50.0		50.0		50.0		50.0		50.0		50.0		50.0		50.0		50.0		50.0		19.060000000000002		11.759999999999998		18.229999999999997		9.730000000000004		50.0		50.0		50.0		50.0		4.241333333333327		0		0		0		50.0		50.0		50.0		50.0		0		0		0		0
