trialnum	Generated	Heard	Id(Bk)Syl1	now	Id(Bk)	now	*F1	now	*F3	now	*F4	now	*F5	now	*B1	now	*B2	now	*B3	now	*B5	now	*F1_B1	now	*F1..._B1	now	*F1_B2	now	*F1..._B2	now	*F1_B3	now	*F1..._B3	now	*F1_B5	now	*F1..._B5	now	*F3_B1	now	*F3..._B1	now	*F3_B2	now	*F3..._B2	now	*F3_B3	now	*F3..._B3	now	*F3_B5	now	*F3..._B5	now	*F4_B1	now	*F4..._B1	now	*F4_B2	now	*F4..._B2	now	*F4_B3	now	*F4..._B3	now	*F4_B5	now	*F4..._B5	now	*F5_B1	now	*F5..._B1	now	*F5_B2	now	*F5..._B2	now	*F5_B3	now	*F5..._B3	now	*F5_B5	now	*F5..._B5	now	*_B1F1	now	*_B1...F1	now	*_B1F3	now	*_B1...F3	now	*_B1F4	now	*_B1...F4	now	*_B1F5	now	*_B1...F5	now	*_B2F1	now	*_B2...F1	now	*_B2F3	now	*_B2...F3	now	*_B2F4	now	*_B2...F4	now	*_B2F5	now	*_B2...F5	now	*_B3F1	now	*_B3...F1	now	*_B3F3	now	*_B3...F3	now	*_B3F4	now	*_B3...F4	now	*_B3F5	now	*_B3...F5	now	*_B5F1	now	*_B5...F1	now	*_B5F3	now	*_B5...F3	now	*_B5F4	now	*_B5...F4	now	*_B5F5	now	*_B5...F5	now
				0		0		100		140		160		180		100		120		140		180		100		100		120		120		140		140		180		180		140		140		140		140		140		140		180		180		160		160		160		160		160		160		180		180		180		180		180		180		180		180		180		180		100		100		140		140		160		160		180		180		120		120		140		140		160		160		180		180		140		140		140		140		160		160		180		180		180		180		180		180		180		180		180		180
1	yOi	yoi			6.0	6.0	6.0	106.0	6.0	146.0	6.0	166.0	6.0	186.0					-2	138	-2	178																									-2	138	-2	138	-2	178	-2	178									-2	158	-2	158	-2	178	-2	178									-2	178	-2	178	-2	178	-2	178																																													-2	178	-2	178													-2	178	-2	178
2	aou	Aou	10.0	10.0	0	6.0			-2	144.0	-2	164.0	-2	184.0							10.0	188.0																									-2	136	-2	136	-2	176	-2	176									-2	156	-2	156	-2	176	-2	176									-2	176	-2	176	-2	176	-2	176																																																																
3	OeO	oeo	6.0	16.0	0	6.0	6.0	112.0	6.0	150.0	6.0	170.0	6.0	190.0					-2	136	-2	186.0																																									-2	154	-2	154	-2	174	-2	174									-2	174	-2	174	-2	174	-2	174																																									-2	158	-2	158	-2	176	-2	176									-2	178	-2	178	-2	176	-2	176
6	Iu	iu	1.0	17.0	0	6.0							-2	188.0	1.0	101.0	1.0	121.0	1.0	137.0	1.0	187.0																																																													-2	172	-2	172																																																																
8	uu	yu	6.0	23.0	0	6.0			-2	148.0	-2	168.0	-2	186.0							6.0	193.0																													-2	174	-2	174													-2	172	-2	172													-2	170	-2	170																																																																
9	yye	uue	2.0	25.0	0	6.0			2.0	150.0	2.0	170.0	2.0	188.0							-2	191.0																																																																																																																									-2	176	-2	176	-2	174	-2	174
10	eOO	Eoo	1.0	26.0	0	6.0	1.0	113.0	1.0	151.0	1.0	171.0	1.0	189.0			-2	119.0	-2	135.0	-2	189.0																																																																																																																																
11	IE	ie	0.6666666666666666	26.666666666666668	0	6.0					-2	169.0	-2	187.0	0.6666666666666666	101.66666666666667	0.6666666666666666	119.66666666666667	0.6666666666666666	135.66666666666666	0.6666666666666666	189.66666666666666																																																																																																																																
12	aII	aii			1.0	7.0							-2	185.0	1.0	102.66666666666667	1.0	120.66666666666667	1.0	136.66666666666666	1.0	190.66666666666666																																																																																																																													-2	172	-2	172
13	Ayy	auu	0.4	27.066666666666666	0	7.0			0.4	151.4	0.4	169.4	0.4	185.4							-2	188.66666666666666																																																																																																																																
14	OiO	oio	3.3333333333333335	30.4	0	7.0	3.3333333333333335	116.33333333333333	3.3333333333333335	154.73333333333335	3.3333333333333335	172.73333333333335	3.3333333333333335	188.73333333333335					-2	134.66666666666666	-2	186.66666666666666																																																									-2	172	-2	172	-2	168	-2	168																																													-2	174	-2	174													-2	170	-2	170
15	EoI	Eoi			2.0	9.0							-2	186.73333333333335	2.0	104.66666666666667	2.0	122.66666666666667	2.0	136.66666666666666	2.0	188.66666666666666																																																																																															-2	178													-2	172	-2	172													-2	168	-2	168
16	iiO	iio			2.0	11.0	2.0	118.33333333333333	2.0	156.73333333333335	2.0	174.73333333333335	2.0	188.73333333333335					-2	134.66666666666666	-2	186.66666666666666																																																									-2	170	-2	170	-2	166	-2	166																																																																
17	aE	ae			2.4	13.4					-2	172.73333333333335	-2	186.73333333333335			2.4	125.06666666666668	2.4	137.06666666666666	2.4	189.06666666666666																																																																																																																									-2	174	-2	174	-2	166	-2	166
21	IEI	iei	0.6666666666666666	31.066666666666666	0	13.4					-2	170.73333333333335	-2	184.73333333333335	0.6666666666666666	105.33333333333334	0.6666666666666666	125.73333333333335	0.6666666666666666	137.73333333333332	0.6666666666666666	189.73333333333332																																																																																																																																
22	Aye	Aue			4.4	17.8			4.4	161.13333333333335	4.4	175.13333333333335	4.4	189.13333333333335							-2	187.73333333333332																													-2	172	-2	172													-2	170	-2	170													-2	164	-2	164																																																									-2	172	-2	172	-2	164	-2	164
24	aEu	aeu			4.0	21.8					-2	173.13333333333335	-2	187.13333333333335			4.0	129.73333333333335	4.0	141.73333333333332	4.0	191.73333333333332																																													-2	168	-2	168													-2	162	-2	162																																																									-2	170	-2	170	-2	162	-2	162
25	OOe	ooe	3.3333333333333335	34.4	0	21.8	3.3333333333333335	121.66666666666666	3.3333333333333335	164.4666666666667	3.3333333333333335	176.4666666666667	3.3333333333333335	190.4666666666667					-2	139.73333333333332	-2	189.73333333333332																																																																																																									-2	156	-2	156	-2	170	-2	170									-2	168	-2	168	-2	160	-2	160
26	EaE	Eae			4.0	25.8					-2	174.4666666666667	-2	188.4666666666667			4.0	133.73333333333335	4.0	143.73333333333332	4.0	193.73333333333332																																																																																											-2	158			-2	176											-2	154			-2	168									-2	166	-2	166	-2	158	-2	158
28	AOO	aoo	0.6666666666666666	35.06666666666666	0	25.8	0.6666666666666666	122.33333333333333	0.6666666666666666	165.13333333333335	0.6666666666666666	175.13333333333335	0.6666666666666666	189.13333333333335					-2	141.73333333333332	-2	191.73333333333332																																																																																																																																
29	Aiy	Aiu			2.0	27.8			2.0	167.13333333333335	2.0	177.13333333333335	2.0	191.13333333333335							-2	189.73333333333332																															-2	170															-2	166													-2	160	-2	160																																																																
31	aI	ai			1.0	28.8							-2	189.13333333333335	1.0	106.33333333333334	1.0	134.73333333333335	1.0	142.73333333333332	1.0	190.73333333333332																																																																																																																													-2	156	-2	156
32	eOA	Eoa	1.0	36.06666666666666	0	28.8	1.0	123.33333333333333	1.0	168.13333333333335	1.0	178.13333333333335	1.0	190.13333333333335			-2	132.73333333333335	-2	140.73333333333332	-2	188.73333333333332																																																																																																																																
33	iy	iu			1.2	30.0			1.2	169.33333333333334	1.2	179.33333333333334	1.2	191.33333333333334							-2	186.73333333333332																																																													-2	158	-2	158																																																																
34	aIE	aie			1.6666666666666667	31.666666666666668					-2	177.33333333333334	-2	189.33333333333334	1.6666666666666667	108.00000000000001	1.6666666666666667	134.4	1.6666666666666667	142.39999999999998	1.6666666666666667	188.39999999999998																																																																																																																											-2	164	-2	154	-2	154
35	iAA	iaa			1.2	32.86666666666667			1.2	170.53333333333333	1.2	178.53333333333333	1.2	190.53333333333333							-2	186.39999999999998																																																													-2	156	-2	156																																																																
36	EEE	eee	0.8	36.86666666666666	0	32.86666666666667					-2	176.53333333333333	-2	188.53333333333333			0.8	135.20000000000002	0.8	143.2	0.8	187.2																																																																																																																																
37	ouE	Oue	6.4	43.26666666666666	0	32.86666666666667	-2	121.33333333333333	-2	168.53333333333333	-2	174.53333333333333	-2	186.53333333333333			6.4	141.60000000000002	6.4	149.6	6.4	193.6													-2	178	-2	178													-2	170	-2	168													-2	166	-2	164													-2	154	-2	154																																																									-2	164	-2	162	-2	152	-2	152
38	AOe	Aoe			7.333333333333333	40.2	7.333333333333333	128.66666666666666	7.333333333333333	175.86666666666667	7.333333333333333	181.86666666666667	7.333333333333333	193.86666666666667					-2	147.6	-2	191.6																									-2	134	-2	134	-2	168	-2	166									-2	152	-2	152	-2	164	-2	162									-2	168	-2	168	-2	152	-2	152																																									-2	154	-2	152	-2	168	-2	166									-2	162	-2	160	-2	150	-2	150
39	uEI	yei	1.0	44.26666666666666	0	40.2			-2	173.86666666666667	-2	179.86666666666667	-2	191.86666666666667	1.0	109.00000000000001	1.0	142.60000000000002	1.0	148.6	1.0	192.6																																																																																																																																
40	aII	Aii	1.0	45.26666666666666	0	40.2			-2	171.86666666666667	-2	177.86666666666667	-2	189.86666666666667	1.0	110.00000000000001	1.0	143.60000000000002	1.0	149.6	1.0	193.6																																																																																																																																
41	eAi	Eai	2.8	48.066666666666656	0	40.2			2.8	174.66666666666669	2.8	180.66666666666669	2.8	192.66666666666669			-2	141.60000000000002	-2	147.6	-2	191.6																																																																																															-2	174															-2	164													-2	148	-2	148
43	Oii	oii	2.0	50.066666666666656	0	40.2	2.0	130.66666666666666	2.0	176.66666666666669	2.0	182.66666666666669	2.0	194.66666666666669					-2	145.6	-2	189.6																																																																																																													-2	166	-2	162													-2	146	-2	146
44	ouu	Ouu	6.0	56.066666666666656	0	40.2	-2	128.66666666666666	-2	174.66666666666669	-2	180.66666666666669	-2	192.66666666666669					6.0	151.6	6.0	195.6													-2	176	-2	176													-2	166	-2	164													-2	162	-2	160													-2	150	-2	150																																																																
46	eOe	Eoe	4.333333333333333	60.39999999999999	0	40.2	4.333333333333333	133.0	4.333333333333333	179.00000000000003	4.333333333333333	185.00000000000003	4.333333333333333	197.00000000000003			-2	139.60000000000002	-2	149.6	-2	193.6																																																																																											-2	156			-2	172									-2	152	-2	150	-2	164	-2	160									-2	160	-2	158	-2	144	-2	144
47	aEI	aei			2.0	42.2					-2	183.00000000000003	-2	195.00000000000003	2.0	112.00000000000001	2.0	141.60000000000002	2.0	151.6	2.0	195.6																																																																																																																									-2	158	-2	156	-2	142	-2	142
49	EEE	Eee			5.6	47.800000000000004					-2	181.00000000000003	-2	193.00000000000003			5.6	147.20000000000002	5.6	157.2	5.6	201.2																																																																																									-2	158	-2	154	-2	178	-2	170									-2	150	-2	148	-2	162	-2	158									-2	156	-2	154	-2	140	-2	140
51	OOO	ooo	0.6666666666666666	61.066666666666656	0	47.800000000000004	0.6666666666666666	133.66666666666666	0.6666666666666666	179.66666666666669	0.6666666666666666	181.66666666666669	0.6666666666666666	193.66666666666669					-2	155.2	-2	199.2																																																																																																																																
52	eei	Eei	7.5	68.56666666666666	0	47.800000000000004					7.5	189.16666666666669	7.5	201.16666666666669			-2	145.20000000000002	-2	153.2	-2	197.2																																																																																									-2	156	-2	152	-2	176	-2	168									-2	148	-2	146	-2	160	-2	156									-2	154	-2	152	-2	138	-2	138
53	EEu	eeu	2.4	70.96666666666667	0	47.800000000000004					-2	187.16666666666669	-2	199.16666666666669			2.4	147.60000000000002	2.4	155.6	2.4	199.6																																													-2	160	-2	158													-2	148	-2	148																																																																
54	ooE	Ooe	11.2	82.16666666666667	0	47.800000000000004	-2	131.66666666666666	-2	177.66666666666669	-2	185.16666666666669	-2	197.16666666666669			11.2	158.8	11.2	166.79999999999998	11.2	210.79999999999998									-2	138	-2	138	-2	174	-2	174									-2	132	-2	132	-2	164	-2	162									-2	150	-2	150	-2	158	-2	156									-2	166	-2	166	-2	146	-2	146																																									-2	146	-2	144	-2	158	-2	154									-2	152	-2	150	-2	136	-2	136
55	eey	eeu			2.0	49.800000000000004			2.0	179.66666666666669	2.0	187.16666666666669	2.0	199.16666666666669							-2	208.79999999999998																																													-2	156	-2	154													-2	144	-2	144																																																																
56	AA	Aa			2.8	52.6			2.8	182.4666666666667	2.8	189.9666666666667	2.8	201.9666666666667							-2	206.79999999999998																													-2	162	-2	160													-2	154	-2	152													-2	142	-2	142																																																																
57	eee	Eee	7.5	89.66666666666667	0	52.6					7.5	197.4666666666667	7.5	209.4666666666667			-2	156.8	-2	164.79999999999998	-2	204.79999999999998																																																																																									-2	154	-2	150	-2	174	-2	166									-2	144	-2	142	-2	156	-2	152									-2	150	-2	148	-2	134	-2	134
58	IEI	iei	0.6666666666666666	90.33333333333334	0	52.6					-2	195.4666666666667	-2	207.4666666666667	0.6666666666666666	112.66666666666669	0.6666666666666666	157.46666666666667	0.6666666666666666	165.46666666666664	0.6666666666666666	205.46666666666664																																																																																																																																
59	uuI	yui	3.6666666666666665	94.00000000000001	0	52.6			-2	180.4666666666667	-2	193.4666666666667	-2	205.4666666666667	3.6666666666666665	116.33333333333336	3.6666666666666665	161.13333333333333	3.6666666666666665	169.1333333333333	3.6666666666666665	209.1333333333333																													-2	160	-2	158													-2	152	-2	150													-2	140	-2	140																																																													-2	132	-2	132
60	yyA	yua			2.8	55.4			2.8	183.2666666666667	2.8	196.2666666666667	2.8	208.2666666666667							-2	207.1333333333333																													-2	158	-2	156													-2	150	-2	148													-2	138	-2	138																																																																
61	aII	Aii	1.0	95.00000000000001	0	55.4			-2	181.2666666666667	-2	194.2666666666667	-2	206.2666666666667	1.0	117.33333333333336	1.0	162.13333333333333	1.0	170.1333333333333	1.0	208.1333333333333																																																																																																																																
62	uEI	uei			2.0	57.4					-2	192.2666666666667	-2	204.2666666666667	2.0	119.33333333333336	2.0	164.13333333333333	2.0	172.1333333333333	2.0	210.1333333333333																																																																																																																									-2	148	-2	146	-2	130	-2	130
63	AOO	aoo	0.6666666666666666	95.66666666666669	0	57.4	0.6666666666666666	132.33333333333331	0.6666666666666666	181.93333333333337	0.6666666666666666	192.93333333333337	0.6666666666666666	204.93333333333337					-2	170.1333333333333	-2	208.1333333333333																																																																																																																																
64	aIE	Aie	1.0	96.66666666666669	0	57.4			-2	179.93333333333337	-2	190.93333333333337	-2	202.93333333333337	1.0	120.33333333333336	1.0	165.13333333333333	1.0	171.1333333333333	1.0	209.1333333333333																																																																																																																																
65	yOO	uoo	0.6666666666666666	97.33333333333336	0	57.4	0.6666666666666666	132.99999999999997	0.6666666666666666	180.60000000000002	0.6666666666666666	191.60000000000002	0.6666666666666666	203.60000000000002					-2	169.1333333333333	-2	207.1333333333333																																																																																																																																
66	AyO	Auo			3.6666666666666665	61.06666666666666	3.6666666666666665	136.66666666666663	3.6666666666666665	184.26666666666668	3.6666666666666665	195.26666666666668	3.6666666666666665	207.26666666666668					-2	167.1333333333333	-2	205.1333333333333																											-2	130	-2	156	-2	154											-2	148	-2	148	-2	146											-2	164	-2	136	-2	136																																																																
67	yAy	uau	0.4	97.73333333333336	0	61.06666666666666			0.4	184.66666666666669	0.4	195.66666666666669	0.4	207.66666666666669							-2	203.1333333333333																																																																																																																																
69	EuI	Eui			1.6666666666666667	62.73333333333333							-2	205.66666666666669	1.6666666666666667	122.00000000000003	1.6666666666666667	166.79999999999998	1.6666666666666667	168.79999999999995	1.6666666666666667	204.79999999999995																																																																																															-2	164															-2	150													-2	128	-2	128
70	OA	Oa			3.6	66.33333333333333			3.6	188.26666666666668	3.6	199.26666666666668	3.6	209.26666666666668							-2	202.79999999999995													-2	172	-2	172													-2	154	-2	152													-2	146	-2	144													-2	134	-2	134																																																																
71	Iou	iou	1.6666666666666667	99.40000000000003	0	66.33333333333333							-2	207.26666666666668	1.6666666666666667	123.6666666666667	1.6666666666666667	168.46666666666664	1.6666666666666667	170.4666666666666	1.6666666666666667	204.4666666666666																																																									-2	164	-2	162	-2	132	-2	132																																																																
72	Ioo	ioo	1.6666666666666667	101.0666666666667	0	66.33333333333333							-2	205.26666666666668	1.6666666666666667	125.33333333333337	1.6666666666666667	170.1333333333333	1.6666666666666667	172.13333333333327	1.6666666666666667	206.13333333333327																																																									-2	162	-2	160	-2	130	-2	130																																																																
73	eie	Eie	6.0	107.0666666666667	0	66.33333333333333					6.0	205.26666666666668	6.0	211.26666666666668			-2	168.1333333333333	-2	170.13333333333327	-2	204.13333333333327																																																																																											-2	148	-2	172	-2	162											-2	140	-2	154	-2	148											-2	144	-2	126	-2	126
74	ouu	Ouu	6.0	113.0666666666667	0	66.33333333333333	-2	134.66666666666663	-2	186.26666666666668	-2	203.26666666666668	-2	209.26666666666668					6.0	176.13333333333327	6.0	210.13333333333327													-2	170	-2	170													-2	152	-2	150													-2	144	-2	142													-2	128	-2	128																																																																
75	EII	Eii			2.3333333333333335	68.66666666666666							-2	207.26666666666668	2.3333333333333335	127.6666666666667	2.3333333333333335	170.46666666666664	2.3333333333333335	178.4666666666666	2.3333333333333335	212.4666666666666																																																																																													-2	170	-2	160													-2	152	-2	146													-2	124	-2	124
77	AOi	aoi	2.0	115.0666666666667	0	68.66666666666666	2.0	136.66666666666663	2.0	188.26666666666668	2.0	205.26666666666668	2.0	209.26666666666668					-2	176.4666666666666	-2	210.4666666666666																																																																																																													-2	150	-2	144													-2	122	-2	122
78	Oi	oi	2.0	117.0666666666667	0	68.66666666666666	2.0	138.66666666666663	2.0	190.26666666666668	2.0	207.26666666666668	2.0	211.26666666666668					-2	174.4666666666666	-2	208.4666666666666																																																																																																													-2	148	-2	142													-2	120	-2	120
79	ooE	ooe			4.0	72.66666666666666					-2	205.26666666666668	-2	209.26666666666668			4.0	174.46666666666664	4.0	178.4666666666666	4.0	212.4666666666666																																																																																																									-2	142	-2	138	-2	146	-2	140									-2	146	-2	142	-2	118	-2	118
80	yyi	yui			3.6	76.26666666666665			3.6	193.86666666666667	3.6	208.86666666666667	3.6	212.86666666666667							-2	210.4666666666666																													-2	150	-2	148													-2	142	-2	140													-2	126	-2	126																																																													-2	116	-2	116
81	oE	Oe	1.6	118.6666666666667	0	76.26666666666665	-2	136.66666666666663	-2	191.86666666666667	-2	206.86666666666667	-2	210.86666666666667			1.6	176.06666666666663	1.6	180.0666666666666	1.6	212.0666666666666																																																																																																																																
82	OA	Oa			3.6	79.86666666666665			3.6	195.46666666666667	3.6	210.46666666666667	3.6	214.46666666666667							-2	210.0666666666666													-2	168	-2	168													-2	148	-2	146													-2	140	-2	138													-2	124	-2	124																																																																
83	ooa	Ooa	10.0	128.66666666666669	0	79.86666666666665	-2	134.66666666666663	-2	193.46666666666667	-2	208.46666666666667	-2	212.46666666666667					10.0	190.0666666666666	10.0	220.0666666666666									-2	136	-2	136	-2	166	-2	166									-2	130	-2	128	-2	146	-2	144									-2	148	-2	146	-2	138	-2	136									-2	160	-2	158	-2	122	-2	122																																																																
84	AAA	Aaa			2.8	82.66666666666664			2.8	196.26666666666668	2.8	211.26666666666668	2.8	215.26666666666668							-2	218.0666666666666																													-2	144	-2	142													-2	136	-2	134													-2	120	-2	120																																																																
85	yOe	yoe			7.333333333333333	89.99999999999997	7.333333333333333	141.99999999999997	7.333333333333333	203.60000000000002	7.333333333333333	218.60000000000002	7.333333333333333	222.60000000000002					-2	188.0666666666666	-2	216.0666666666666																									-2	128	-2	126	-2	142	-2	140									-2	146	-2	144	-2	134	-2	132									-2	158	-2	156	-2	118	-2	118																																									-2	140	-2	136	-2	144	-2	138									-2	144	-2	140	-2	114	-2	114
88	EIu	eiu	1.6666666666666667	130.33333333333334	0	89.99999999999997					-2	216.60000000000002	-2	220.60000000000002	1.6666666666666667	129.33333333333337	1.6666666666666667	177.7333333333333	1.6666666666666667	189.73333333333326	1.6666666666666667	217.73333333333326																																															-2	130													-2	116	-2	116																																																																
89	aIa	aia			1.6666666666666667	91.66666666666664							-2	218.60000000000002	1.6666666666666667	131.00000000000003	1.6666666666666667	179.39999999999995	1.6666666666666667	191.39999999999992	1.6666666666666667	219.39999999999992																																																													-2	114	-2	114																																																													-2	112	-2	112
90	aIa	Aia	2.3333333333333335	132.66666666666669	0	91.66666666666664			-2	201.60000000000002	-2	214.60000000000002	-2	216.60000000000002	2.3333333333333335	133.33333333333337	2.3333333333333335	181.7333333333333	2.3333333333333335	193.73333333333326	2.3333333333333335	221.73333333333326																															-2	138															-2	128													-2	112	-2	112																																																																
91	ieO	ieo			3.3333333333333335	94.99999999999997	3.3333333333333335	145.33333333333331	3.3333333333333335	204.93333333333337	3.3333333333333335	217.93333333333337	3.3333333333333335	219.93333333333337					-2	191.73333333333326	-2	219.73333333333326																																									-2	144	-2	142	-2	132	-2	126									-2	156	-2	154	-2	110	-2	110																																																																
92	aE	ae			2.4	97.39999999999998					-2	215.93333333333337	-2	217.93333333333337			2.4	184.1333333333333	2.4	194.13333333333327	2.4	222.13333333333327																																																																																																																									-2	142	-2	138	-2	110	-2	110
94	eiA	Eia	4.4	137.0666666666667	0	97.39999999999998			4.4	209.33333333333337	4.4	220.33333333333337	4.4	222.33333333333337			-2	182.1333333333333	-2	192.13333333333327	-2	220.13333333333327																																																													-2	108	-2	108																													-2	168	-2	158													-2	142	-2	136													-2	108	-2	108
95	auo	Auo	8.0	145.0666666666667	0	97.39999999999998			-2	207.33333333333337	-2	218.33333333333337	-2	220.33333333333337							8.0	228.13333333333327																											-2	124	-2	140	-2	136											-2	140	-2	130	-2	124											-2	152	-2	106	-2	106																																																																
96	OOA	ooa	0.6666666666666666	145.73333333333335	0	97.39999999999998	0.6666666666666666	145.99999999999997	0.6666666666666666	208.00000000000003	0.6666666666666666	219.00000000000003	0.6666666666666666	221.00000000000003					-2	190.13333333333327	-2	226.13333333333327																																																																																																																																
97	Ay	Au			2.8	100.19999999999997			2.8	210.80000000000004	2.8	221.80000000000004	2.8	223.80000000000004							-2	224.13333333333327																													-2	138	-2	134													-2	128	-2	122													-2	104	-2	104																																																																
98	Aie	aie	1.6	147.33333333333334	0	100.19999999999997			1.6	212.40000000000003	1.6	223.40000000000003	1.6	225.40000000000003							-2	222.13333333333327																																																																																																																											-2	136	-2	106	-2	106
99	EuI	eui	2.6666666666666665	150.0	0	100.19999999999997					-2	221.40000000000003	-2	223.40000000000003	2.6666666666666665	136.00000000000003	2.6666666666666665	184.79999999999995	2.6666666666666665	192.79999999999993	2.6666666666666665	224.79999999999993																																													-2	126	-2	120													-2	102	-2	102																																																													-2	104	-2	104
101	AiA	aia	2.0	152.0	0	100.19999999999997			2.0	214.40000000000003	2.0	223.40000000000003	2.0	225.40000000000003							-2	222.79999999999993																																																													-2	100	-2	100																																																													-2	102	-2	102
102	EE	Ee			5.6	105.79999999999997					-2	221.40000000000003	-2	223.40000000000003			5.6	190.39999999999995	5.6	198.39999999999992	5.6	228.39999999999992																																																																																									-2	152	-2	146	-2	166	-2	156									-2	138	-2	134	-2	140	-2	134									-2	140	-2	134	-2	100	-2	100
103	eye	eue			3.6	109.39999999999996			3.6	218.00000000000003	3.6	225.00000000000003	3.6	227.00000000000003							-2	226.39999999999992																																													-2	124	-2	118													-2	98	-2	98																																																									-2	138	-2	132	-2	98	-2	98
104	eAA	eaa			2.0	111.39999999999996			2.0	220.00000000000003	2.0	227.00000000000003	2.0	229.00000000000003							-2	224.39999999999992																																													-2	122	-2	116													-2	96	-2	96																																																																
105	aIu	Aiu	2.3333333333333335	154.33333333333334	0	111.39999999999996			-2	218.00000000000003	-2	225.00000000000003	-2	227.00000000000003	2.3333333333333335	138.33333333333337	2.3333333333333335	192.7333333333333	2.3333333333333335	200.73333333333326	2.3333333333333335	226.73333333333326																															-2	132															-2	114													-2	94	-2	94																																																																
106	eyi	Eui	2.8	157.13333333333335	0	111.39999999999996			2.8	220.80000000000004	2.8	227.80000000000004	2.8	229.80000000000004			-2	190.7333333333333	-2	198.73333333333326	-2	224.73333333333326																																																																																															-2	154															-2	132													-2	96	-2	96
107	uEa	uea			4.0	115.39999999999996					-2	225.80000000000004	-2	227.80000000000004			4.0	194.7333333333333	4.0	202.73333333333326	4.0	228.73333333333326																																													-2	120	-2	112													-2	92	-2	92																																																									-2	136	-2	130	-2	94	-2	94
108	Ioo	ioo	1.6666666666666667	158.8	0	115.39999999999996							-2	225.80000000000004	1.6666666666666667	140.00000000000003	1.6666666666666667	196.39999999999995	1.6666666666666667	204.39999999999992	1.6666666666666667	230.39999999999992																																																									-2	154	-2	150	-2	90	-2	90																																																																
109	AO	Ao			4.666666666666667	120.06666666666663	4.666666666666667	150.66666666666663	4.666666666666667	225.4666666666667	4.666666666666667	230.4666666666667	4.666666666666667	230.4666666666667					-2	202.39999999999992	-2	228.39999999999992																									-2	126	-2	122	-2	136	-2	130									-2	142	-2	138	-2	118	-2	110									-2	152	-2	148	-2	88	-2	88																																																																
110	EaI	Eai			1.6666666666666667	121.7333333333333							-2	228.4666666666667	1.6666666666666667	141.66666666666669	1.6666666666666667	198.0666666666666	1.6666666666666667	204.06666666666658	1.6666666666666667	230.06666666666658																																																																																															-2	152															-2	130													-2	92	-2	92
111	Ayi	Aui			3.6	125.3333333333333			3.6	229.0666666666667	3.6	234.0666666666667	3.6	232.0666666666667							-2	228.06666666666658																													-2	134	-2	128													-2	116	-2	108													-2	86	-2	86																																																													-2	90	-2	90
112	EEo	Eeo			8.8	134.1333333333333					-2	232.0666666666667	-2	230.0666666666667			8.8	206.86666666666662	8.8	212.8666666666666	8.8	236.8666666666666																																									-2	140	-2	136	-2	114	-2	106									-2	150	-2	146	-2	84	-2	84																									-2	150	-2	144	-2	164	-2	150									-2	136	-2	132	-2	138	-2	128									-2	134	-2	128	-2	88	-2	88
113	AOy	aou	0.6666666666666666	159.46666666666667	0	134.1333333333333	0.6666666666666666	151.3333333333333	0.6666666666666666	229.73333333333335	0.6666666666666666	232.73333333333335	0.6666666666666666	230.73333333333335					-2	210.8666666666666	-2	234.8666666666666																																																																																																																																
114	uio	yio	2.8	162.26666666666668	0	134.1333333333333			-2	227.73333333333335	-2	230.73333333333335	-2	228.73333333333335							2.8	237.6666666666666																											-2	120			-2	126											-2	134			-2	104																																																																													2.8	90.8	2.8	90.8
115	eOO	Eoo	1.0	163.26666666666668	0	134.1333333333333	1.0	152.3333333333333	1.0	228.73333333333335	1.0	231.73333333333335	1.0	229.73333333333335			-2	204.86666666666662	-2	208.8666666666666	-2	235.6666666666666																																																																																																																																
116	AOO	aoo	0.6666666666666666	163.93333333333334	0	134.1333333333333	0.6666666666666666	152.99999999999994	0.6666666666666666	229.4	0.6666666666666666	232.4	0.6666666666666666	230.4					-2	206.8666666666666	-2	233.6666666666666																																																																																																																																
117	yOA	uoa	0.6666666666666666	164.6	0	134.1333333333333	0.6666666666666666	153.6666666666666	0.6666666666666666	230.06666666666666	0.6666666666666666	233.06666666666666	0.6666666666666666	231.06666666666666					-2	204.8666666666666	-2	231.6666666666666																																																																																																																																
118	uoE	uoe			4.0	138.1333333333333					-2	231.06666666666666	-2	229.06666666666666			4.0	208.86666666666662	4.0	208.8666666666666	4.0	235.6666666666666																																																																																																									-2	134	-2	130	-2	136	-2	126									-2	132	-2	126	-2	88.8	-2	88.8
119	ee	Ee	7.5	172.1	0	138.1333333333333					7.5	238.56666666666666	7.5	236.56666666666666			-2	206.86666666666662	-2	206.8666666666666	-2	233.6666666666666																																																																																									-2	148	-2	142	-2	162	-2	148									-2	132	-2	128	-2	134	-2	124									-2	130	-2	124	-2	86.8	-2	86.8
120	aEo	Aeo	5.2	177.29999999999998	0	138.1333333333333			-2	228.06666666666666	-2	236.56666666666666	-2	234.56666666666666			5.2	212.0666666666666	5.2	212.06666666666658	5.2	238.8666666666666																											-2	118			-2	124									-2	138	-2	132	-2	112	-2	102									-2	148	-2	144	-2	82	-2	82																																																																
121	uoE	uoe			4.0	142.1333333333333					-2	234.56666666666666	-2	232.56666666666666			4.0	216.0666666666666	4.0	216.06666666666658	4.0	242.8666666666666																																																																																																									-2	130	-2	126	-2	132	-2	122									-2	128	-2	122	-2	84.8	-2	84.8
122	OO	oo	0.6666666666666666	177.96666666666664	0	142.1333333333333	0.6666666666666666	154.33333333333326	0.6666666666666666	228.73333333333332	0.6666666666666666	235.23333333333332	0.6666666666666666	233.23333333333332					-2	214.06666666666658	-2	240.8666666666666																																																																																																																																
123	OOe	Ooe			8.666666666666666	150.79999999999995	8.666666666666666	162.99999999999991	8.666666666666666	237.39999999999998	8.666666666666666	243.89999999999998	8.666666666666666	241.89999999999998					-2	212.06666666666658	-2	238.8666666666666									-2	134	-2	134	-2	164	-2	164									-2	124	-2	116	-2	132	-2	122									-2	136	-2	130	-2	110	-2	100									-2	146	-2	142	-2	80	-2	80																																									-2	128	-2	124	-2	130	-2	120									-2	126	-2	120	-2	82.8	-2	82.8
124	Eau	eau	2.4	180.36666666666665	0	150.79999999999995					-2	241.89999999999998	-2	239.89999999999998			2.4	218.4666666666666	2.4	214.46666666666658	2.4	241.2666666666666																																													-2	108	-2	98													-2	78	-2	78																																																																
126	oII	oii			1.6666666666666667	152.4666666666666							-2	237.89999999999998	1.6666666666666667	143.33333333333334	1.6666666666666667	220.13333333333327	1.6666666666666667	216.13333333333324	1.6666666666666667	242.93333333333325																																																																																																													-2	128	-2	118													-2	80.8	-2	80.8
129	eAe	eae			3.6	156.0666666666666			3.6	240.99999999999997	3.6	245.49999999999997	3.6	241.49999999999997							-2	240.93333333333325																																													-2	106	-2	96													-2	76	-2	76																																																									-2	124	-2	118	-2	78.8	-2	78.8
131	ouI	oui			1.3333333333333333	157.39999999999995							-2	239.49999999999997	1.3333333333333333	144.66666666666669	1.3333333333333333	221.4666666666666	1.3333333333333333	217.46666666666658	1.3333333333333333	242.2666666666666																																																																																																															-2	116													-2	76.8	-2	76.8
132	Aiy	Aiu			2.0	159.39999999999995			2.0	242.99999999999997	2.0	247.49999999999997	2.0	241.49999999999997							-2	240.2666666666666																															-2	120															-2	94													-2	74	-2	74																																																																
133	auE	Aue	5.2	185.56666666666663	0	159.39999999999995			-2	240.99999999999997	-2	245.49999999999997	-2	239.49999999999997			5.2	226.6666666666666	5.2	222.66666666666657	5.2	245.46666666666658																													-2	130	-2	118													-2	104	-2	92													-2	72	-2	72																																																									-2	122	-2	116	-2	74.8	-2	74.8
134	uui	yui	4.5	190.06666666666663	0	159.39999999999995			-2	238.99999999999997	-2	243.49999999999997	-2	237.49999999999997							4.5	249.96666666666658																													-2	128	-2	116													-2	102	-2	90													-2	70	-2	70																																																															4.5	79.3
135	yyA	yua			2.8	162.19999999999996			2.8	241.79999999999998	2.8	246.29999999999998	2.8	240.29999999999998							-2	247.96666666666658																													-2	126	-2	114													-2	100	-2	88													-2	68	-2	68																																																																
139	eAO	eao			2.6666666666666665	164.86666666666662	2.6666666666666665	165.66666666666657	2.6666666666666665	244.46666666666664	2.6666666666666665	248.96666666666664	2.6666666666666665	242.96666666666664					-2	220.66666666666657	-2	245.96666666666658																																											-2	128	-2	98	-2	86											-2	140	-2	66	-2	66																																																																
140	EEo	Eeo			8.8	173.66666666666663					-2	246.96666666666664	-2	240.96666666666664			8.8	235.4666666666666	8.8	229.46666666666658	8.8	254.7666666666666																																									-2	134	-2	126	-2	96	-2	84									-2	144	-2	138	-2	64	-2	64																									-2	146	-2	140	-2	160	-2	146									-2	126	-2	122	-2	126	-2	114									-2	120	-2	114	-2	72.8	-2	77.3
141	Oie	oie	2.6666666666666665	192.7333333333333	0	173.66666666666663	2.6666666666666665	168.33333333333323	2.6666666666666665	247.1333333333333	2.6666666666666665	249.6333333333333	2.6666666666666665	243.6333333333333					-2	227.46666666666658	-2	252.7666666666666																																																																																																											-2	120	-2	124	-2	112											-2	112	-2	70.8	-2	75.3
142	eOi	eoi			4.666666666666667	178.3333333333333	4.666666666666667	172.9999999999999	4.666666666666667	251.79999999999995	4.666666666666667	254.29999999999995	4.666666666666667	248.29999999999995					-2	225.46666666666658	-2	250.7666666666666																																									-2	132	-2	124	-2	94	-2	82									-2	142	-2	136	-2	62	-2	62																																													-2	122	-2	110													-2	68.8	-2	73.3
144	ui	yi	1.2	193.93333333333328	0	178.3333333333333			-2	249.79999999999995	-2	252.29999999999995	-2	246.29999999999995							1.2	251.96666666666658																																																																																																																													1.2	70.0	1.2	74.5
145	AiO	aio	2.6666666666666665	196.59999999999994	0	178.3333333333333	2.6666666666666665	175.66666666666654	2.6666666666666665	252.4666666666666	2.6666666666666665	254.9666666666666	2.6666666666666665	248.9666666666666					-2	223.46666666666658	-2	249.96666666666658																																																									-2	140	-2	134	-2	60	-2	60																																																													-2	68.0	-2	72.5
146	auI	aui			1.0	179.3333333333333							-2	246.9666666666666	1.0	145.66666666666669	1.0	236.4666666666666	1.0	224.46666666666658	1.0	250.96666666666658																																																																																																																													-2	66.0	-2	70.5
148	Eao	eao	3.2	199.79999999999993	0	179.3333333333333					-2	252.9666666666666	-2	244.9666666666666			3.2	239.6666666666666	3.2	227.66666666666657	3.2	254.16666666666657																																											-2	122	-2	92	-2	80											-2	132	-2	58	-2	58																																																																
149	ue	ye	0.8571428571428571	200.6571428571428	0	179.3333333333333			-2	250.4666666666666	-2	250.9666666666666	-2	242.9666666666666							0.8571428571428571	255.02380952380943																																																																																																																									0.8571428571428571	120.85714285714286	0.8571428571428571	112.85714285714286	0.8571428571428571	66.85714285714286	0.8571428571428571	71.35714285714286
150	iyi	iui			2.0	181.3333333333333			2.0	252.4666666666666	2.0	252.9666666666666	2.0	244.9666666666666							-2	253.02380952380943																																																													-2	56	-2	56																																																													-2	64.85714285714286	-2	69.35714285714286
151	uiE	yie	0.46153846153846156	201.11868131868124	0	181.3333333333333			-2	250.4666666666666	-2	250.9666666666666	-2	242.9666666666666			0.46153846153846156	240.12820512820505	0.46153846153846156	228.12820512820502	0.46153846153846156	253.4853479853479																																																					0.46153846153846156	180.46153846153845	0.46153846153846156	180.46153846153845	0.46153846153846156	140.46153846153845	0.46153846153846156	132.46153846153845	0.46153846153846156	56.46153846153846	0.46153846153846156	56.46153846153846																																																													0.46153846153846156	65.31868131868133	0.46153846153846156	69.81868131868133
153	eyO	Euo	1.0	202.11868131868124	0	181.3333333333333	1.0	176.66666666666654	1.0	251.4666666666666	1.0	251.9666666666666	1.0	243.9666666666666			-2	238.12820512820505	-2	226.12820512820502	-2	251.4853479853479																																																																																																																																
154	oiE	Oie	0.5333333333333333	202.65201465201457	0	181.3333333333333	-2	174.66666666666654	-2	249.4666666666666	-2	249.9666666666666	-2	241.9666666666666			0.5333333333333333	238.66153846153838	0.5333333333333333	226.66153846153836	0.5333333333333333	252.01868131868122																																																					0.5333333333333333	180.99487179487178	0.5333333333333333	180.99487179487178	0.5333333333333333	140.99487179487178	0.5333333333333333	132.99487179487178	0.5333333333333333	56.99487179487179	0.5333333333333333	56.99487179487179																																													0.5333333333333333	122.53333333333333	0.5333333333333333	110.53333333333333													0.5333333333333333	65.85201465201466	0.5333333333333333	70.35201465201466
155	yiA	uia	2.0	204.65201465201457	0	181.3333333333333			2.0	251.4666666666666	2.0	251.9666666666666	2.0	243.9666666666666							-2	250.01868131868122																																																													-2	54.99487179487179	-2	54.99487179487179																																																													-2	63.85201465201466	-2	68.35201465201466
156	EEo	eeo	4.0	208.65201465201457	0	181.3333333333333					-2	249.9666666666666	-2	241.9666666666666			4.0	242.66153846153838	4.0	230.66153846153836	4.0	254.01868131868122																																									-2	130	-2	120	-2	90	-2	78									-2	138.99487179487178	-2	130.99487179487178	-2	52.99487179487179	-2	52.99487179487179																																																																
157	OOO	ooo	0.6666666666666666	209.31868131868123	0	181.3333333333333	0.6666666666666666	175.3333333333332	0.6666666666666666	252.13333333333327	0.6666666666666666	250.63333333333327	0.6666666666666666	242.63333333333327					-2	228.66153846153836	-2	252.01868131868122																																																																																																																																
158	oiE	oie			0.7272727272727273	182.060606060606					-2	248.63333333333327	-2	240.63333333333327			0.7272727272727273	243.3888111888111	0.7272727272727273	229.38881118881108	0.7272727272727273	252.74595404595394																																																					0.7272727272727273	181.7221445221445	0.7272727272727273	181.7221445221445	0.7272727272727273	139.7221445221445	0.7272727272727273	131.7221445221445	0.7272727272727273	53.72214452214452	0.7272727272727273	53.72214452214452																																											-2	118															-2	110.85714285714286				
159	OAA	oaa	0.6666666666666666	209.9853479853479	0	182.060606060606	0.6666666666666666	175.99999999999986	0.6666666666666666	252.79999999999993	0.6666666666666666	249.29999999999993	0.6666666666666666	241.29999999999993					-2	227.38881118881108	-2	250.74595404595394																																																																																																																																
160	euu	Euu	0.75	210.7353479853479	0	182.060606060606					0.75	250.04999999999993	0.75	242.04999999999993			-2	241.3888111888111	-2	225.38881118881108	-2	248.74595404595394																																													0.75	90.75	0.75	78.75													0.75	54.47214452214452	0.75	54.47214452214452																																																																
161	ioE	ioe			2.5	184.560606060606					-2	248.04999999999993	-2	240.04999999999993			2.5	243.8888111888111	2.5	227.88881118881108	2.5	251.24595404595394																																																							2.5	184.2221445221445			2.5	134.2221445221445			2.5	56.97214452214452																																									-2	124	-2	116	-2	120.53333333333333	-2	108.53333333333333									-2	118.85714285714286	-2	108.85714285714286	-2	61.85201465201466	-2	66.35201465201466
167	oii	Oii	1.0	211.7353479853479	0	184.560606060606	-2	173.99999999999986	-2	250.79999999999993	-2	246.04999999999993	-2	238.04999999999993					1.0	228.88881118881108	1.0	252.24595404595394																																																																																																													1.0	121.53333333333333	1.0	109.53333333333333													1.0	62.85201465201466	1.0	67.35201465201466
170	eAy	Eau	1.2	212.93534798534787	0	184.560606060606			1.2	251.99999999999991	1.2	247.24999999999991	1.2	239.24999999999991			-2	241.8888111888111	-2	226.88881118881108	-2	250.24595404595394																																																																																																																																
174	ooo	Ooo	10.0	222.93534798534787	0	184.560606060606	-2	171.99999999999986	-2	249.99999999999991	-2	245.24999999999991	-2	237.24999999999991					10.0	236.88881118881108	10.0	260.2459540459539									-2	132	-2	132	-2	162	-2	162									-2	122	-2	114	-2	124	-2	112									-2	128	-2	118	-2	88.75	-2	76.75									-2	137.7221445221445	-2	132.2221445221445	-2	52.47214452214452	-2	54.97214452214452																																																																
175	eii	Eii	4.5	227.43534798534787	0	184.560606060606					4.5	249.74999999999991	4.5	241.74999999999991			-2	239.8888111888111	-2	234.88881118881108	-2	258.2459540459539																																																																																													-2	158	-2	144													-2	119.53333333333333	-2	107.53333333333333													-2	60.85201465201466	-2	65.35201465201466
176	AiA	aia	2.0	229.43534798534787	0	184.560606060606			2.0	251.99999999999991	2.0	251.74999999999991	2.0	243.74999999999991							-2	256.2459540459539																																																													-2	50.47214452214452	-2	52.97214452214452																																																													-2	58.85201465201466	-2	63.35201465201466
177	yey	ueu	3.6	233.03534798534787	0	184.560606060606			3.6	255.5999999999999	3.6	255.3499999999999	3.6	247.3499999999999							-2	254.2459540459539																																													-2	86.75	-2	74.75													-2	48.47214452214452	-2	50.97214452214452																																																									-2	116.85714285714286	-2	106.85714285714286	-2	56.85201465201466	-2	61.35201465201466
179	yOy	you			4.666666666666667	189.22727272727266	4.666666666666667	176.66666666666652	4.666666666666667	260.2666666666666	4.666666666666667	260.0166666666666	4.666666666666667	252.01666666666657					-2	232.88881118881108	-2	252.2459540459539																									-2	120	-2	112	-2	122	-2	110									-2	126	-2	116	-2	84.75	-2	72.75									-2	135.7221445221445	-2	130.2221445221445	-2	46.47214452214452	-2	48.97214452214452																																																																
181	oEa	Oea	4.0	237.03534798534787	0	189.22727272727266	-2	174.66666666666652	-2	258.2666666666666	-2	258.0166666666666	-2	250.01666666666657			4.0	243.8888111888111	4.0	236.88881118881108	4.0	256.2459540459539															-2	160															-2	108													-2	82.75	-2	70.75													-2	44.47214452214452	-2	46.97214452214452																																																																
182	iuE	iue			1.5	190.72727272727266					-2	256.0166666666666	-2	248.01666666666657			1.5	245.3888111888111	1.5	238.38881118881108	1.5	257.7459540459539																																																							1.5	185.7221445221445			1.5	131.7221445221445			1.5	48.47214452214452																																																									-2	114.85714285714286	-2	104.85714285714286	-2	54.85201465201466	-2	59.35201465201466
183	uua	yua	6.0	243.03534798534787	0	190.72727272727266			-2	256.2666666666666	-2	254.0166666666666	-2	246.01666666666657							6.0	263.7459540459539																													-2	120	-2	106													-2	80.75	-2	68.75													-2	42.47214452214452	-2	46.47214452214452																																																																
184	AiA	aia	2.0	245.03534798534787	0	190.72727272727266			2.0	258.2666666666666	2.0	256.0166666666666	2.0	248.01666666666657							-2	261.7459540459539																																																													-2	40.47214452214452	-2	44.47214452214452																																																													-2	52.85201465201466	-2	57.35201465201466
185	OA	Oa			3.6	194.32727272727266			3.6	261.8666666666666	3.6	259.6166666666666	3.6	251.61666666666656							-2	259.7459540459539													-2	160	-2	158													-2	118	-2	104													-2	78.75	-2	66.75													-2	38.47214452214452	-2	42.47214452214452																																																																
186	uoa	yoa	10.0	255.03534798534787	0	194.32727272727266			-2	259.8666666666666	-2	257.6166666666666	-2	249.61666666666656							10.0	269.7459540459539																									-2	118	-2	110	-2	116	-2	102									-2	124	-2	114	-2	76.75	-2	64.75									-2	133.7221445221445	-2	129.7221445221445	-2	36.47214452214452	-2	40.47214452214452																																																																
187	eOi	Eoi	2.6666666666666665	257.70201465201455	0	194.32727272727266	2.6666666666666665	177.33333333333317	2.6666666666666665	262.5333333333333	2.6666666666666665	260.2833333333333	2.6666666666666665	252.28333333333322			-2	243.3888111888111	-2	236.38881118881108	-2	267.7459540459539																																																																																															-2	142													-2	117.53333333333333	-2	105.53333333333333													-2	50.85201465201466	-2	55.35201465201466
188	ey	eu			2.0	196.32727272727266			2.0	264.5333333333333	2.0	262.2833333333333	2.0	254.28333333333322							-2	265.7459540459539																																													-2	74.75	-2	62.75													-2	34.47214452214452	-2	38.47214452214452																																																																
189	uoi	yoi	7.5	265.20201465201455	0	196.32727272727266			-2	262.5333333333333	-2	260.2833333333333	-2	252.28333333333322							7.5	273.2459540459539																									-2	116	-2	108	-2	114	-2	100									-2	122	-2	112	-2	72.75	-2	60.75									-2	131.7221445221445	-2	127.7221445221445	-2	32.47214452214452	-2	36.47214452214452																																																															7.5	62.85201465201466
191	OAi	Oai			4.4	200.72727272727266			4.4	266.9333333333333	4.4	264.6833333333333	4.4	256.6833333333332							-2	271.2459540459539													-2	158	-2	156													-2	112	-2	98													-2	70.75	-2	58.75													-2	30.472144522144518	-2	34.47214452214452																																																													-2	48.85201465201466	-2	60.85201465201466
192	ee	Ee	7.5	272.70201465201455	0	200.72727272727266					7.5	272.1833333333333	7.5	264.1833333333332			-2	241.3888111888111	-2	234.38881118881108	-2	269.2459540459539																																																																																									-2	144	-2	138	-2	156	-2	140									-2	122	-2	114	-2	115.53333333333333	-2	103.53333333333333									-2	112.85714285714286	-2	102.85714285714286	-2	46.85201465201466	-2	58.85201465201466
194	uE	ue			2.4	203.12727272727267					-2	270.1833333333333	-2	262.1833333333332			2.4	243.7888111888111	2.4	236.78881118881108	2.4	271.6459540459539																																																																																																																									-2	110.85714285714286	-2	100.85714285714286	-2	44.85201465201466	-2	56.85201465201466
195	eA	ea			2.0	205.12727272727267			2.0	268.9333333333333	2.0	272.1833333333333	2.0	264.1833333333332							-2	269.6459540459539																																													-2	68.75	-2	56.75													-2	28.472144522144518	-2	32.47214452214452																																																																
197	uE	ue			2.4	207.52727272727267					-2	270.1833333333333	-2	262.1833333333332			2.4	246.18881118881112	2.4	239.1888111888111	2.4	272.04595404595386																																																																																																																									-2	108.85714285714286	-2	98.85714285714286	-2	42.85201465201466	-2	54.85201465201466
198	AiO	Aio			3.3333333333333335	210.86060606060602	3.3333333333333335	180.66666666666652	3.3333333333333335	272.2666666666666	3.3333333333333335	273.5166666666666	3.3333333333333335	265.51666666666654					-2	237.1888111888111	-2	270.04595404595386																											-2	106			-2	96											-2	110			-2	54.75									-2	129.7221445221445	-2	125.7221445221445	-2	26.472144522144518	-2	30.472144522144518																																																																
199	uuo	yuo	8.0	280.70201465201455	0	210.86060606060602			-2	270.2666666666666	-2	271.5166666666666	-2	263.51666666666654							8.0	278.04595404595386																											-2	104	-2	110	-2	94											-2	108	-2	66.75	-2	52.75											-2	123.7221445221445	-2	24.472144522144518	-2	28.472144522144518																																																																
200	yAi	yai			3.6	214.460606060606			3.6	273.8666666666666	3.6	275.1166666666666	3.6	267.11666666666656							-2	276.04595404595386																													-2	108	-2	92													-2	64.75	-2	50.75													-2	22.472144522144518	-2	26.472144522144518																																																													-2	40.85201465201466	-2	52.85201465201466
201	EEo	Eeo			8.8	223.26060606060602					-2	273.1166666666666	-2	265.11666666666656			8.8	254.98881118881113	8.8	245.9888111888111	8.8	284.8459540459539																																									-2	120	-2	106	-2	62.75	-2	48.75									-2	127.7221445221445	-2	121.7221445221445	-2	20.472144522144518	-2	24.472144522144518																									-2	142	-2	136	-2	154	-2	138									-2	120	-2	112	-2	113.53333333333333	-2	101.53333333333333									-2	106.85714285714286	-2	96.85714285714286	-2	38.85201465201466	-2	50.85201465201466
203	Aye	aue	2.0	282.70201465201455	0	223.26060606060602			2.0	275.8666666666666	2.0	275.1166666666666	2.0	267.11666666666656							-2	282.8459540459539																																																																																																																									-2	104.85714285714286	-2	94.85714285714286	-2	36.85201465201466	-2	48.85201465201466
205	uy	uu			0.18181818181818182	223.4424242424242			0.18181818181818182	276.0484848484848	0.18181818181818182	275.2984848484848	0.18181818181818182	267.29848484848475							-2	280.8459540459539																																																																																																																					0.18181818181818182	180.1818181818182	0.18181818181818182	180.1818181818182	0.18181818181818182	105.03896103896105	0.18181818181818182	95.03896103896105	0.18181818181818182	37.03383283383284	0.18181818181818182	49.03383283383284
207	eOA	eoa			3.3333333333333335	226.77575757575755	3.3333333333333335	183.99999999999986	3.3333333333333335	279.3818181818181	3.3333333333333335	278.6318181818181	3.3333333333333335	270.63181818181806					-2	243.9888111888111	-2	278.8459540459539																																									-2	118	-2	104	-2	60.75	-2	46.75									-2	125.7221445221445	-2	119.7221445221445	-2	18.472144522144518	-2	22.472144522144518																																																																
208	AAA	Aaa			2.8	229.57575757575756			2.8	282.18181818181813	2.8	281.43181818181813	2.8	273.4318181818181							-2	276.8459540459539																													-2	106	-2	90													-2	58.75	-2	44.75													-2	16.472144522144518	-2	20.472144522144518																																																																
210	oEE	oee			4.0	233.57575757575756					-2	279.43181818181813	-2	271.4318181818181			4.0	258.98881118881116	4.0	247.9888111888111	4.0	280.8459540459539																																																																																																									-2	118	-2	110	-2	111.53333333333333	-2	99.53333333333333									-2	103.03896103896105	-2	93.03896103896105	-2	35.03383283383284	-2	47.03383283383284
211	OEE	Oee			0.13793103448275862	233.71368861024033					-2	277.43181818181813	-2	269.4318181818181			0.13793103448275862	259.1267422232939	0.13793103448275862	248.12674222329386	0.13793103448275862	280.9838850804366					0.13793103448275862	120.13793103448276	0.13793103448275862	120.13793103448276	0.13793103448275862	132.13793103448276	0.13793103448275862	132.13793103448276	0.13793103448275862	158.13793103448276	0.13793103448275862	156.13793103448276					0.13793103448275862	140.13793103448276	0.13793103448275862	140.13793103448276	0.13793103448275862	116.13793103448276	0.13793103448275862	104.13793103448276	0.13793103448275862	106.13793103448276	0.13793103448275862	90.13793103448276					0.13793103448275862	160.13793103448276	0.13793103448275862	160.13793103448276	0.13793103448275862	118.13793103448276	0.13793103448275862	104.13793103448276	0.13793103448275862	58.88793103448276	0.13793103448275862	44.88793103448276					0.13793103448275862	181.86007555662727	0.13793103448275862	185.86007555662727	0.13793103448275862	125.86007555662727	0.13793103448275862	119.86007555662727	0.13793103448275862	16.610075556627276	0.13793103448275862	20.610075556627276																																																																
212	uui	yui	4.5	287.20201465201455	0	233.71368861024033			-2	280.18181818181813	-2	275.43181818181813	-2	267.4318181818181							4.5	285.4838850804366																													-2	104.13793103448276	-2	88.13793103448276													-2	56.88793103448276	-2	42.88793103448276													-2	14.610075556627276	-2	18.610075556627276																																																															4.5	51.53383283383284
213	yiy	yiu			2.0	235.71368861024033			2.0	282.18181818181813	2.0	277.43181818181813	2.0	269.4318181818181							-2	283.4838850804366																															-2	86.13793103448276															-2	40.88793103448276													-2	12.610075556627276	-2	16.610075556627276																																																																
215	yeA	yea			2.4	238.11368861024033			2.4	284.5818181818181	2.4	279.8318181818181	2.4	271.83181818181805							-2	281.4838850804366																															-2	84.13793103448276													-2	54.88793103448276	-2	38.88793103448276													-2	10.610075556627276	-2	14.610075556627276																																																																
218	iyO	iuo			1.6666666666666667	239.780355276907	1.6666666666666667	185.66666666666652	1.6666666666666667	286.2484848484848	1.6666666666666667	281.4984848484848	1.6666666666666667	273.49848484848474					-2	246.12674222329386	-2	279.4838850804366																																																											-2	117.86007555662727	-2	8.610075556627276	-2	12.610075556627276																																																																
222	ooE	ooe			4.0	243.780355276907					-2	279.4984848484848	-2	271.49848484848474			4.0	263.1267422232939	4.0	250.12674222329386	4.0	283.4838850804366																																																																																																									-2	116	-2	108	-2	109.53333333333333	-2	97.53333333333333									-2	101.03896103896105	-2	91.03896103896105	-2	33.03383283383284	-2	49.53383283383284
225	oao	Oao	8.0	295.20201465201455	0	243.780355276907	-2	183.66666666666652	-2	284.2484848484848	-2	277.4984848484848	-2	269.49848484848474					8.0	258.12674222329383	8.0	291.4838850804366											-2	130.13793103448276	-2	156.13793103448276	-2	154.13793103448276											-2	102.13793103448276	-2	102.13793103448276	-2	82.13793103448276											-2	102.13793103448276	-2	52.88793103448276	-2	36.88793103448276											-2	115.86007555662727	-2	6.610075556627276	-2	10.610075556627276																																																																
226	OA	Oa			3.6	247.38035527690698			3.6	287.8484848484848	3.6	281.0984848484848	3.6	273.09848484848476							-2	289.4838850804366													-2	154.13793103448276	-2	152.13793103448276													-2	100.13793103448276	-2	80.13793103448276													-2	50.88793103448276	-2	34.88793103448276													-2	4.610075556627276	-2	8.610075556627276																																																																
227	iAe	iae			2.8	250.180355276907			2.8	290.6484848484848	2.8	283.8984848484848	2.8	275.89848484848477							-2	287.4838850804366																																																													-2	2.610075556627276	-2	6.610075556627276																																																									-2	99.03896103896105	-2	89.03896103896105	-2	31.03383283383284	-2	47.53383283383284
231	ueA	uea			1.6666666666666667	251.84702194357365			1.6666666666666667	292.3151515151515	1.6666666666666667	285.5651515151515	1.6666666666666667	277.56515151515146							-2	285.4838850804366																																													-2	48.88793103448276	-2	32.88793103448276													-2	0.610075556627276	-2	4.610075556627276																																																							1.6666666666666667	181.84848484848484								
239	aoo	Aoo	10.0	305.20201465201455	0	251.84702194357365			-2	290.3151515151515	-2	283.5651515151515	-2	275.56515151515146							10.0	295.4838850804366																									-2	114.13793103448276	-2	100.13793103448276	-2	98.13793103448276	-2	78.13793103448276									-2	116.13793103448276	-2	100.13793103448276	-2	46.88793103448276	-2	30.88793103448276									-2	123.86007555662727	-2	113.86007555662727	-2	-1.389924443372724	-2	2.610075556627276																																																																
240	yOA	yoa			4.666666666666667	256.5136886102403	4.666666666666667	188.33333333333317	4.666666666666667	294.9818181818182	4.666666666666667	288.2318181818182	4.666666666666667	280.23181818181814					-2	256.12674222329383	-2	293.4838850804366																									-2	112.13793103448276	-2	98.13793103448276	-2	96.13793103448276	-2	76.13793103448276									-2	114.13793103448276	-2	98.13793103448276	-2	44.88793103448276	-2	28.88793103448276									-2	121.86007555662727	-2	111.86007555662727	-2	-3.389924443372724	-2	0.610075556627276																																																																
248	Eyi	Eui			0.21052631578947367	256.7242149260298			0.21052631578947367	295.1923444976077	0.21052631578947367	288.4423444976077	0.21052631578947367	280.4423444976076							-2	291.4838850804366																																																																																					0.21052631578947367	140.21052631578948	0.21052631578947367	140.21052631578948	0.21052631578947367	142.21052631578948	0.21052631578947367	136.21052631578948	0.21052631578947367	154.21052631578948							0.21052631578947367	140.21052631578948	0.21052631578947367	140.21052631578948	0.21052631578947367	116.21052631578948	0.21052631578947367	108.21052631578948	0.21052631578947367	109.74385964912281							0.21052631578947367	180.39234449760767	0.21052631578947367	182.05901116427432	0.21052631578947367	99.24948735475053	0.21052631578947367	89.24948735475053			-2	45.53383283383284
251	Ey	Eu			0.08695652173913043	256.8111714477689			0.08695652173913043	295.2793010193468	0.08695652173913043	288.5293010193468	0.08695652173913043	280.52930101934675							-2	289.4838850804366																																																																																					0.08695652173913043	140.2974828375286	0.08695652173913043	140.2974828375286	0.08695652173913043	142.2974828375286	0.08695652173913043	136.2974828375286	0.08695652173913043	154.2974828375286	0.08695652173913043	138.08695652173913					0.08695652173913043	140.2974828375286	0.08695652173913043	140.2974828375286	0.08695652173913043	116.2974828375286	0.08695652173913043	108.2974828375286	0.08695652173913043	109.83081617086194	0.08695652173913043	97.62028985507246					0.08695652173913043	180.4793010193468	0.08695652173913043	182.14596768601345	0.08695652173913043	99.33644387648965	0.08695652173913043	89.33644387648965	0.08695652173913043	31.12078935557197	0.08695652173913043	45.62078935557197
255	EEo	Eeo			8.8	265.6111714477689					-2	286.5293010193468	-2	278.52930101934675			8.8	271.9267422232939	8.8	264.92674222329384	8.8	298.2838850804366																																									-2	112.13793103448276	-2	96.13793103448276	-2	42.88793103448276	-2	26.88793103448276									-2	119.86007555662727	-2	109.86007555662727	-2	-5.389924443372724	-2	-1.389924443372724																									-2	140.2974828375286	-2	134.2974828375286	-2	152.2974828375286	-2	136.08695652173913									-2	114.2974828375286	-2	106.2974828375286	-2	107.83081617086194	-2	95.62028985507246									-2	97.33644387648965	-2	87.33644387648965	-2	29.12078935557197	-2	43.62078935557197
257	OOy	Oou			6.0	271.6111714477689	6.0	194.33333333333317	6.0	301.2793010193468	6.0	292.5293010193468	6.0	284.52930101934675					-2	262.92674222329384	-2	296.2838850804366									-2	130.13793103448276	-2	128.13793103448276	-2	152.13793103448276	-2	150.13793103448276									-2	110.13793103448276	-2	96.13793103448276	-2	94.13793103448276	-2	74.13793103448276									-2	110.13793103448276	-2	94.13793103448276	-2	40.88793103448276	-2	24.88793103448276									-2	117.86007555662727	-2	107.86007555662727	-2	-7.389924443372724	-2	-3.389924443372724																																																																
260	yeA	yea			2.4	274.0111714477689			2.4	303.6793010193468	2.4	294.9293010193468	2.4	286.9293010193467							-2	294.2838850804366																															-2	72.13793103448276													-2	38.88793103448276	-2	22.88793103448276													-2	-9.389924443372724	-2	-5.389924443372724																																																																
268	ou	Ou	6.0	311.20201465201455	0	274.0111714477689	-2	192.33333333333317	-2	301.6793010193468	-2	292.9293010193468	-2	284.9293010193467					6.0	268.92674222329384	6.0	300.2838850804366													-2	150.13793103448276	-2	148.13793103448276													-2	92.13793103448276	-2	70.13793103448276													-2	36.88793103448276	-2	20.88793103448276													-2	-11.389924443372724	-2	-7.389924443372724																																																																
271	uyO	uuo			0.3076923076923077	274.3188637554612	0.3076923076923077	192.6410256410255	0.3076923076923077	301.9869933270391	0.3076923076923077	293.2369933270391	0.3076923076923077	285.23699332703904					-2	266.92674222329384	-2	298.2838850804366																																																																																																																			0.3076923076923077	180.30769230769232	0.3076923076923077	180.7869933270391	0.3076923076923077	182.45365999370577	0.3076923076923077	97.64413618418196	0.3076923076923077	87.64413618418196	0.3076923076923077	29.428481663264275	0.3076923076923077	43.92848166326428
297	aAy	aau			0.18181818181818182	274.5006819372794			0.18181818181818182	302.1688115088573	0.18181818181818182	293.4188115088573	0.18181818181818182	285.41881150885723							-2	296.2838850804366																																																																																																																					0.18181818181818182	180.9688115088573	0.18181818181818182	182.63547817552396	0.18181818181818182	97.82595436600015	0.18181818181818182	87.82595436600015	0.18181818181818182	29.61029984508246	0.18181818181818182	44.11029984508246
298	AE	Ae			0.17391304347826086	274.67459498075766					-2	291.4188115088573	-2	283.41881150885723			0.17391304347826086	272.10065526677215	0.17391304347826086	267.1006552667721	0.17391304347826086	296.45779812391487																					0.17391304347826086	140.311844077961	0.17391304347826086	140.311844077961	0.17391304347826086	110.31184407796103	0.17391304347826086	96.31184407796103	0.17391304347826086	92.31184407796103	0.17391304347826086	70.31184407796103					0.17391304347826086	160.311844077961	0.17391304347826086	160.311844077961	0.17391304347826086	110.31184407796103	0.17391304347826086	94.31184407796103	0.17391304347826086	37.06184407796102	0.17391304347826086	21.061844077961023					0.17391304347826086	182.03398860010552	0.17391304347826086	186.03398860010552	0.17391304347826086	118.03398860010553	0.17391304347826086	108.03398860010553	0.17391304347826086	-11.216011399894462	0.17391304347826086	-7.216011399894463																																																																
329	oiE	oie			0.7272727272727273	275.4018677080304					-2	289.4188115088573	-2	281.41881150885723			0.7272727272727273	272.8279279940449	0.7272727272727273	267.82792799404484	0.7272727272727273	297.1850708511876																																																					0.7272727272727273	182.76126132737824	0.7272727272727273	186.76126132737824	0.7272727272727273	118.76126132737826	0.7272727272727273	108.76126132737826	0.7272727272727273	-10.488738672621736	0.7272727272727273	-6.488738672621736																																											-2	104.2974828375286															-2	85.82595436600015				
392	oOA	ooa			0.18181818181818182	275.5836858898486	0.18181818181818182	192.82284382284368	0.18181818181818182	302.3506296906755	0.18181818181818182	289.6006296906755	0.18181818181818182	281.6006296906754					-2	265.82792799404484	-2	295.1850708511876																																																																																																	0.18181818181818182	140.1818181818182	0.18181818181818182	140.1818181818182	0.18181818181818182	140.4793010193468	0.18181818181818182	140.4793010193468	0.18181818181818182	114.47930101934679	0.18181818181818182	104.47930101934679	0.18181818181818182	108.01263435268012	0.18181818181818182	95.80210803689064	0.18181818181818182	180.1818181818182	0.18181818181818182	180.4895104895105	0.18181818181818182	181.1506296906755	0.18181818181818182	182.81729635734214	0.18181818181818182	98.00777254781833	0.18181818181818182	86.00777254781833	0.18181818181818182	29.792118026900642	0.18181818181818182	44.29211802690064
426	OEa	Oea			0.14814814814814814	275.73183403799675					-2	287.6006296906755	-2	279.6006296906754			0.14814814814814814	272.97607614219305	0.14814814814814814	265.976076142193	0.14814814814814814	295.33321899933577					0.14814814814814814	120.28607918263091	0.14814814814814814	120.28607918263091	0.14814814814814814	130.2860791826309	0.14814814814814814	128.2860791826309	0.14814814814814814	150.2860791826309	0.14814814814814814	148.2860791826309					0.14814814814814814	140.45999222610916	0.14814814814814814	140.45999222610916	0.14814814814814814	110.45999222610918	0.14814814814814814	96.45999222610918	0.14814814814814814	92.45999222610918	0.14814814814814814	70.45999222610918					0.14814814814814814	160.45999222610916	0.14814814814814814	160.45999222610916	0.14814814814814814	110.45999222610918	0.14814814814814814	94.45999222610918			0.14814814814814814	21.209992226109172					0.14814814814814814	182.9094094755264	0.14814814814814814	186.9094094755264	0.14814814814814814	118.90940947552642	0.14814814814814814	108.90940947552642			0.14814814814814814	-6.340590524473588																																																																
462	Aye	Aue			4.4	280.1318340379967			4.4	306.75062969067545	4.4	292.00062969067545	4.4	284.0006296906754							-2	293.33321899933577																													-2	90.45999222610918	-2	68.45999222610918													-2	35.06184407796102	-2	19.209992226109172													-2	-12.488738672621736	-2	-8.340590524473587																																																									-2	96.00777254781833	-2	84.00777254781833	-2	27.792118026900642	-2	42.29211802690064
470	ouE	oue			3.2	283.3318340379967					-2	290.00062969067545	-2	282.0006296906754			3.2	276.17607614219304	3.2	269.176076142193	3.2	296.53321899933576																																																																																																											-2	102.47930101934679			-2	93.80210803689064									-2	94.00777254781833	-2	82.00777254781833	-2	25.792118026900642	-2	40.29211802690064
578	uo	yo	10.0	321.20201465201455	0	283.3318340379967			-2	304.75062969067545	-2	288.00062969067545	-2	280.0006296906754							10.0	306.53321899933576																									-2	108.45999222610918	-2	94.45999222610918	-2	88.45999222610918	-2	66.45999222610918									-2	108.45999222610918	-2	92.45999222610918	-2	33.06184407796102	-2	17.209992226109172									-2	116.90940947552642	-2	106.90940947552642	-2	-14.488738672621736	-2	-10.340590524473587																																																																
582	iAA	iaa			1.2	284.5318340379967			1.2	305.95062969067544	1.2	289.20062969067544	1.2	281.2006296906754							-2	304.53321899933576																																																													-2	-16.488738672621736	-2	-12.340590524473587																																																																
585	AOe	Aoe			7.333333333333333	291.86516737133	7.333333333333333	200.15617715617702	7.333333333333333	313.28396302400876	7.333333333333333	296.53396302400876	7.333333333333333	288.5339630240087					-2	267.176076142193	-2	302.53321899933576																									-2	106.45999222610918	-2	92.45999222610918	-2	86.45999222610918	-2	64.45999222610918									-2	106.45999222610918	-2	90.45999222610918	-2	31.06184407796102	-2	15.209992226109172									-2	114.90940947552642	-2	104.90940947552642	-2	-18.488738672621736	-2	-14.340590524473587																																									-2	112.47930101934679	-2	100.47930101934679	-2	106.01263435268012	-2	91.80210803689064									-2	92.00777254781833	-2	80.00777254781833	-2	23.792118026900642	-2	38.29211802690064
634	uiE	uie			0.5454545454545454	292.4106219167846					-2	294.53396302400876	-2	286.5339630240087			0.5454545454545454	276.7215306876476	0.5454545454545454	267.72153068764754	0.5454545454545454	303.0786735447903																																																					0.5454545454545454	183.45486402098092	0.5454545454545454	187.45486402098092	0.5454545454545454	115.45486402098096	0.5454545454545454	105.45486402098096	0.5454545454545454	-17.94328412716719	0.5454545454545454	-13.795135979019042																																																											-2	78.00777254781833				
803	oaa	Oaa	6.0	327.20201465201455	0	292.4106219167846	-2	198.15617715617702	-2	311.28396302400876	-2	292.53396302400876	-2	284.5339630240087					6.0	273.72153068764754	6.0	309.0786735447903													-2	148.2860791826309	-2	146.2860791826309													-2	84.45999222610918	-2	62.45999222610918													-2	29.06184407796102	-2	13.209992226109172													-2	-19.94328412716719	-2	-15.795135979019042																																																																
811	eAe	eae			3.6	296.0106219167846			3.6	314.8839630240088	3.6	296.1339630240088	3.6	288.1339630240087							-2	307.0786735447903																																													-2	27.06184407796102	-2	11.209992226109172													-2	-21.94328412716719	-2	-17.795135979019044																																																									-2	90.00777254781833	-2	76.00777254781833	-2	21.792118026900642	-2	36.29211802690064
1483	eye	eue			3.6	299.6106219167846			3.6	318.4839630240088	3.6	299.7339630240088	3.6	291.73396302400874							-2	305.0786735447903																																													-2	25.06184407796102	-2	9.209992226109172													-2	-23.94328412716719	-2	-19.795135979019044																																																									-2	88.00777254781833	-2	74.00777254781833	-2	19.792118026900642	-2	34.29211802690064
1550	eiE	eie			0.2857142857142857	299.8963362024989					-2	297.7339630240088	-2	289.73396302400874			0.2857142857142857	277.0072449733619	0.2857142857142857	274.0072449733618	0.2857142857142857	305.3643878305046																																							0.2857142857142857	160.74570651182344			0.2857142857142857	90.74570651182347			0.2857142857142857	9.495706511823458					0.2857142857142857	183.7405783066952	0.2857142857142857	187.7405783066952	0.2857142857142857	115.74057830669526	0.2857142857142857	105.74057830669526	0.2857142857142857	-23.657569841452904	0.2857142857142857	-19.50942169330476																																																																
3745	aaE	aae			2.4	302.2963362024989					-2	295.7339630240088	-2	287.73396302400874			2.4	279.40724497336186	2.4	276.4072449733618	2.4	307.7643878305046																																																																																																																									-2	86.00777254781833	-2	72.00777254781833	-2	17.792118026900642	-2	32.29211802690064
4467	aiu	Aiu	2.0	329.20201465201455	0	302.2963362024989			-2	316.4839630240088	-2	293.7339630240088	-2	285.73396302400874							2.0	309.7643878305046																															-2	60.45999222610918															-2	7.4957065118234585																																																																													2.0	19.792118026900642	2.0	34.29211802690064
4647	AiO	Aio			3.3333333333333335	305.6296695358322	3.3333333333333335	201.48951048951037	3.3333333333333335	319.8172963573421	3.3333333333333335	297.0672963573421	3.3333333333333335	289.06729635734206					-2	274.4072449733618	-2	307.7643878305046																											-2	90.45999222610918			-2	58.45999222610918											-2	88.74570651182347			-2	5.4957065118234585									-2	113.74057830669526	-2	103.74057830669526	-2	-25.657569841452904	-2	-21.50942169330476																																																																
4788	aiu	Aiu	2.0	331.20201465201455	0	305.6296695358322			-2	317.8172963573421	-2	295.0672963573421	-2	287.06729635734206							2.0	309.7643878305046																															-2	56.45999222610918															-2	3.4957065118234585																																																																													2.0	21.792118026900642	2.0	36.29211802690064
5026	aAO	aao			0.03076923076923077	305.66043876660143	0.03076923076923077	201.5202797202796	0.03076923076923077	317.84806558811135	0.03076923076923077	295.09806558811135	0.03076923076923077	287.0980655881113					-0.2	274.2072449733618	-0.2	309.5643878305046																																																																																																																			0.03076923076923077	180.52027972027975	0.03076923076923077	181.18139892144472	0.03076923076923077	182.84806558811138	0.03076923076923077	86.03854177858757	0.03076923076923077	72.03854177858757	0.03076923076923077	21.822887257669873	0.03076923076923077	36.32288725766987
5087	ieO	ieo			0.33333333333333337	305.99377209993474	0.33333333333333337	201.85361305361295	0.33333333333333337	318.18139892144467	0.33333333333333337	295.43139892144467	0.33333333333333337	287.4313989214446					-0.2	274.0072449733618	-0.2	309.3643878305046																																									-0.2	106.25999222610918	-0.2	88.54570651182347	-0.2	24.86184407796102	-0.2	3.2957065118234583									-0.2	113.54057830669525	-0.2	103.54057830669525	-0.2	-25.857569841452904	-0.2	-21.70942169330476																																																																
5907	yO	yo			0.46666666666666673	306.4604387666014	0.46666666666666673	202.32027972027961	0.46666666666666673	318.6480655881113	0.46666666666666673	295.8980655881113	0.46666666666666673	287.89806558811125					-0.2	273.80724497336183	-0.2	309.1643878305046																									-0.2	106.25999222610918	-0.2	90.25999222610918	-0.2	84.25999222610918	-0.2	56.259992226109176									-0.2	106.05999222610917	-0.2	88.34570651182347	-0.2	24.66184407796102	-0.2	3.095706511823458									-0.2	113.34057830669525	-0.2	103.34057830669525	-0.2	-26.057569841452903	-0.2	-21.909421693304758																																																																
8864	AOA	Aoa			0.46666666666666673	306.927105433268	0.46666666666666673	202.78694638694628	0.46666666666666673	319.11473225477795	0.46666666666666673	296.36473225477795	0.46666666666666673	288.3647322547779					-0.2	273.60724497336184	-0.2	308.9643878305046																									-0.2	106.05999222610917	-0.2	90.05999222610917	-0.2	84.05999222610917	-0.2	56.05999222610917									-0.2	105.85999222610917	-0.2	88.14570651182346	-0.2	24.461844077961022	-0.2	2.895706511823458									-0.2	113.14057830669525	-0.2	103.14057830669525	-0.2	-26.257569841452902	-0.2	-22.109421693304757																																																																
TOTAL				331.20201465201455		306.927105433268		202.78694638694628		319.11473225477795		296.36473225477795		288.3647322547779		145.66666666666669		279.40724497336186		273.60724497336184		308.9643878305046		100		100		120.28607918263091		120.28607918263091		130.2860791826309		128.2860791826309		148.2860791826309		146.2860791826309		140		140		140.45999222610916		140.45999222610916		106.05999222610917		90.05999222610917		84.05999222610917		56.05999222610917		160		160		160.45999222610916		160.74570651182344		105.85999222610917		88.14570651182346		24.461844077961022		2.895706511823458		180		180		183.7405783066952		187.7405783066952		113.14057830669525		103.14057830669525		-26.257569841452902		-22.109421693304757		100		100		140		140		160		160		180		180		120		120		140.2974828375286		140.2974828375286		140.2974828375286		134.2974828375286		152.2974828375286		136.08695652173913		140.1818181818182		140.1818181818182		140.4793010193468		140.4793010193468		112.47930101934679		100.47930101934679		106.01263435268012		91.80210803689064		180.1818181818182		180.52027972027975		181.18139892144472		182.84806558811138		86.03854177858757		72.03854177858757		21.822887257669873		36.32288725766987
