trialnum	Generated	Heard	Id(Bk)Syl1	now	Id(Bk)	now	*F1	now	*F3	now	*F4	now	*F5	now	*B1	now	*B2	now	*B3	now	*B5	now	*F1_B1	now	*F1..._B1	now	*F1_B2	now	*F1..._B2	now	*F1_B3	now	*F1..._B3	now	*F1_B5	now	*F1..._B5	now	*F3_B1	now	*F3..._B1	now	*F3_B2	now	*F3..._B2	now	*F3_B3	now	*F3..._B3	now	*F3_B5	now	*F3..._B5	now	*F4_B1	now	*F4..._B1	now	*F4_B2	now	*F4..._B2	now	*F4_B3	now	*F4..._B3	now	*F4_B5	now	*F4..._B5	now	*F5_B1	now	*F5..._B1	now	*F5_B2	now	*F5..._B2	now	*F5_B3	now	*F5..._B3	now	*F5_B5	now	*F5..._B5	now	*_B1F1	now	*_B1...F1	now	*_B1F3	now	*_B1...F3	now	*_B1F4	now	*_B1...F4	now	*_B1F5	now	*_B1...F5	now	*_B2F1	now	*_B2...F1	now	*_B2F3	now	*_B2...F3	now	*_B2F4	now	*_B2...F4	now	*_B2F5	now	*_B2...F5	now	*_B3F1	now	*_B3...F1	now	*_B3F3	now	*_B3...F3	now	*_B3F4	now	*_B3...F4	now	*_B3F5	now	*_B3...F5	now	*_B5F1	now	*_B5...F1	now	*_B5F3	now	*_B5...F3	now	*_B5F4	now	*_B5...F4	now	*_B5F5	now	*_B5...F5	now
				0		0		55.68		66.95		90.72		114.42999999999999		50.0		55.44		79.62		127.78		50.0		50.0		50.0		50.0		51.34		52.37		53.61		56.6		50.0		50.0		50.0		50.0		53.7		56.53		60.28		68.8		50.0		50.0		50.0		50.0		56.6		59.66		68.66		78.06		50.0		50.0		50.0		50.0		59.26		62.08		76.94		85.85		50.0		50.0		50.0		50.0		50.0		50.0		50.0		50.0		50.0		50.0		50.0		50.0		51.06		51.82		52.16		53.27		50.0		50.0		50.0		50.0		53.88		55.46		57.76		60.09		50.0		50.0		50.0		50.0		59.54		62.66		68.75		73.45
0	Apriori	Id(Bk)Syl1>>Id(Bk)	10	10																																																																																																																																																		
1	eiA	Eia	2	12	0	0			2	68.95	2	92.72	2	116.42999999999999			-2	53.44	-2	77.62	-2	125.78																																																													-2	74.94	-2	83.85																													-2	50.16	-2	51.27													-2	55.76	-2	58.09													-2	66.75	-2	71.45
2	eOi	eoi			2	2	2	57.68	2	70.95	2	94.72	2	118.42999999999999					-2	75.62	-2	123.78																																									-2	54.6	-2	57.66	-2	66.66	-2	76.06									-2	57.26	-2	60.08	-2	72.94	-2	81.85																																													-2	53.76	-2	56.09													-2	64.75	-2	69.45
3	yAe	uae	2	14	0	2			2	72.95	2	96.72	2	120.42999999999999							-2	121.78																																																																																																																									-2	57.54	-2	60.66	-2	62.75	-2	67.45
4	eAO	Eao	2	16	0	2	2	59.68	2	74.95	2	98.72	2	122.42999999999999			-2	51.44	-2	73.62	-2	119.78																																																																																																																																
6	uII	uii			2	4							-2	120.42999999999999	2	52.0	2	53.44	2	75.62	2	121.78																																																																																																																													-2	60.75	-2	65.45
7	eei	Eei	2	18	0	4					2	100.72	2	122.42999999999999			-2	51.44	-2	73.62	-2	119.78																																																																																									-2	49.06	-2	49.82	-2	48.16	-2	49.27									-2	51.88	-2	53.46	-2	51.76	-2	54.09									-2	55.54	-2	58.66	-2	58.75	-2	63.45
10	oaa	Oaa	2	20	0	4	-2	57.68	-2	72.95	-2	98.72	-2	120.42999999999999					2	75.62	2	121.78													-2	51.61	-2	54.6													-2	58.28	-2	66.8													-2	64.66	-2	74.06													-2	70.94	-2	79.85																																																																
11	aaI	Aai	2	22	0	4			-2	70.95	-2	96.72	-2	118.42999999999999	2	54.0	2	53.44	2	77.62	2	123.78																													-2	56.28	-2	64.8													-2	62.66	-2	72.06													-2	68.94	-2	77.85																																																													-2	56.75	-2	61.45
12	yei	uei	2	24	0	4			2	72.95	2	98.72	2	120.42999999999999							-2	121.78																																																																																																																									-2	53.54	-2	56.66	-2	54.75	-2	59.45
13	Oyy	Ouu			2	6			2	74.95	2	100.72	2	122.42999999999999							-2	119.78													-2	49.61	-2	52.6													-2	54.28	-2	62.8													-2	60.66	-2	70.06													-2	66.94	-2	75.85																																																																
14	aEo	Aeo	2	26	0	6			-2	72.95	-2	98.72	-2	120.42999999999999			2	55.44	2	79.62	2	121.78																											-2	54.53			-2	60.8									-2	52.6	-2	55.66	-2	58.66	-2	68.06									-2	55.26	-2	58.08	-2	64.94	-2	73.85																																																																
15	yAy	uau	2	28	0	6			2	74.95	2	100.72	2	122.42999999999999							-2	119.78																																																																																																																																
16	ao	Ao	2	30	0	6			-2	72.95	-2	98.72	-2	120.42999999999999							2	121.78																									-2	51.7	-2	52.53	-2	52.28	-2	58.8									-2	50.6	-2	53.66	-2	56.66	-2	66.06									-2	53.26	-2	56.08	-2	62.94	-2	71.85																																																																
17	ooE	Ooe	2	32	0	6	-2	55.68	-2	70.95	-2	96.72	-2	118.42999999999999			2	57.44	2	81.62	2	123.78									-2	49.34	-2	50.37	-2	47.61	-2	50.6									-2	49.7	-2	50.53	-2	50.28	-2	56.8									-2	48.6	-2	51.66	-2	54.66	-2	64.06									-2	51.26	-2	54.08	-2	60.94	-2	69.85																																									-2	49.88	-2	51.46	-2	49.76	-2	52.09									-2	51.54	-2	54.66	-2	52.75	-2	57.45
18	yyy	yuu			2	8			2	72.95	2	98.72	2	120.42999999999999							-2	121.78																													-2	48.28	-2	54.8													-2	52.66	-2	62.06													-2	58.94	-2	67.85																																																																
19	AO	Ao			2	10	2	57.68	2	74.95	2	100.72	2	122.42999999999999					-2	79.62	-2	119.78																									-2	47.7	-2	48.53	-2	46.28	-2	52.8									-2	46.6	-2	49.66	-2	50.66	-2	60.06									-2	49.26	-2	52.08	-2	56.94	-2	65.85																																																																
20	yyy	uuu	2	34	0	10			2	76.95	2	102.72	2	124.42999999999999							-2	117.78																																																																																																																																
21	aua	Aua	2	36	0	10			-2	74.95	-2	100.72	-2	122.42999999999999							2	119.78																													-2	44.28	-2	50.8													-2	48.66	-2	58.06													-2	54.94	-2	63.849999999999994																																																																
22	oIo	oio			2	12							-2	120.42999999999999	2	56.0	2	59.44	2	81.62	2	121.78																																																									-2	47.26	-2	50.08	-2	52.94	-2	61.849999999999994																																													-2	47.76	-2	50.09													-2	50.75	-2	55.45
23	OiA	Oia			2	14			2	76.95	2	102.72	2	122.42999999999999							-2	119.78															-2	48.6															-2	48.8															-2	56.06													-2	50.94	-2	59.849999999999994																																																																
24	aaa	Aaa	2	38	0	14			-2	74.95	-2	100.72	-2	120.42999999999999							2	121.78																													-2	42.28	-2	46.8													-2	46.66	-2	54.06													-2	48.94	-2	57.849999999999994																																																																
25	AAi	Aai			2	16			2	76.95	2	102.72	2	122.42999999999999							-2	119.78																													-2	40.28	-2	44.8													-2	44.66	-2	52.06													-2	46.94	-2	55.849999999999994																																																													-2	48.75	-2	53.45
26	uEE	uee			2	18					-2	100.72	-2	120.42999999999999			2	61.44	2	83.62	2	121.78																																																																																																																									-2	49.54	-2	52.66	-2	46.75	-2	51.45
27	Oyi	oui	2	40	0	18	2	59.68	2	78.95	2	102.72	2	122.42999999999999					-2	81.62	-2	119.78																																																																																																															-2	48.09													-2	44.75	-2	49.45
28	Eu	eu	2	42	0	18					-2	100.72	-2	120.42999999999999			2	63.44	2	83.62	2	121.78																																													-2	42.66	-2	50.06													-2	44.94	-2	53.849999999999994																																																																
29	OAy	oau	2	44	0	18	2	61.68	2	80.95	2	102.72	2	122.42999999999999					-2	81.62	-2	119.78																																																																																																																																
30	uaI	uai			2	20							-2	120.42999999999999	2	58.0	2	65.44	2	83.62	2	121.78																																																																																																																													-2	42.75	-2	47.45
31	uuI	uui			2	22							-2	118.42999999999999	2	60.0	2	67.44	2	85.62	2	123.78																																																																																																																													-2	40.75	-2	45.45
32	yiA	uia	2	46	0	22			2	82.95	2	104.72	2	120.42999999999999							-2	121.78																																																													-2	42.94	-2	51.849999999999994																																																													-2	38.75	-2	43.45
33	OOA	Ooa			2	24	2	63.68	2	84.95	2	106.72	2	122.42999999999999					-2	83.62	-2	119.78									-2	47.34	-2	48.37	-2	45.61	-2	46.6									-2	45.7	-2	46.53	-2	38.28	-2	42.8									-2	44.6	-2	47.66	-2	40.66	-2	48.06									-2	45.26	-2	48.08	-2	40.94	-2	49.849999999999994																																																																
35	AOi	aoi	2	48	0	24	2	65.68	2	86.95	2	108.72	2	124.42999999999999					-2	81.62	-2	117.78																																																																																																													-2	45.76	-2	46.09													-2	36.75	-2	41.45
36	uuo	yuo	2	50	0	24			-2	84.95	-2	106.72	-2	122.42999999999999							2	119.78																											-2	44.53	-2	36.28	-2	40.8											-2	45.66	-2	38.66	-2	46.06											-2	46.08	-2	38.94	-2	47.849999999999994																																																																
37	oIu	Oiu	2	52	0	24	-2	63.68000000000001	-2	82.95	-2	104.72	-2	120.42999999999999	2	62.0	2	69.44	2	83.62	2	121.78															-2	44.6															-2	38.8															-2	44.06													-2	36.94	-2	45.849999999999994																																																																
38	uIu	uiu			2	26							-2	118.42999999999999	2	64.0	2	71.44	2	85.62	2	123.78																																																													-2	34.94	-2	43.849999999999994																																																													-2	34.75	-2	39.45
39	Oyi	oui	2	54	0	26	2	65.68	2	84.95	2	106.72	2	120.42999999999999					-2	83.62	-2	121.78																																																																																																															-2	44.09													-2	32.75	-2	37.45
40	yei	uei	2	56	0	26			2	86.95	2	108.72	2	122.42999999999999							-2	119.78																																																																																																																									-2	47.54	-2	50.66	-2	30.75	-2	35.45
42	uoI	uoi			2	28							-2	120.42999999999999	2	66.0	2	73.44	2	85.62	2	121.78																																																																																																													-2	43.76	-2	42.09													-2	28.75	-2	33.45
43	yye	uue	2	58	0	28			2	88.95	2	110.72	2	122.42999999999999							-2	119.78																																																																																																																									-2	45.54	-2	48.66	-2	26.75	-2	31.450000000000003
44	oI	Oi	2	60	0	28	-2	63.68000000000001	-2	86.95	-2	108.72	-2	120.42999999999999	2	68.0	2	75.44	2	87.62	2	121.78																																																																																																																																
45	eeA	Eea	2	62	0	28			2	88.95	2	110.72	2	122.42999999999999			-2	73.44	-2	85.62	-2	119.78																																													-2	36.66	-2	42.06													-2	32.94	-2	41.849999999999994																									-2	47.06	-2	47.82	-2	46.16	-2	47.27									-2	47.88	-2	49.46	-2	41.76	-2	40.09									-2	43.54	-2	46.66	-2	24.75	-2	29.450000000000003
46	EaE	Eae			2	30					-2	108.72	-2	120.42999999999999			2	75.44	2	87.62	2	121.78																																																																																											-2	45.82			-2	45.27											-2	47.46			-2	38.09									-2	41.54	-2	44.66	-2	22.75	-2	27.450000000000003
47	AAe	aae	2	64	0	30			2	90.95	2	110.72	2	122.42999999999999							-2	119.78																																																																																																																									-2	39.54	-2	42.66	-2	20.75	-2	25.450000000000003
48	oaE	Oae	2	66	0	30	-2	61.68000000000001	-2	88.95	-2	108.72	-2	120.42999999999999			2	77.44	2	89.62	2	121.78													-2	43.61	-2	42.6													-2	34.28	-2	36.8													-2	34.66	-2	40.06													-2	30.939999999999998	-2	39.849999999999994																																																									-2	37.54	-2	40.66	-2	18.75	-2	23.450000000000003
49	eA	ea			2	32			2	90.95	2	110.72	2	122.42999999999999							-2	119.78																																													-2	32.66	-2	38.06													-2	28.939999999999998	-2	37.849999999999994																																																																
50	aaa	Aaa	2	68	0	32			-2	88.95	-2	108.72	-2	120.42999999999999							2	121.78																													-2	32.28	-2	34.8													-2	30.659999999999997	-2	36.06													-2	26.939999999999998	-2	35.849999999999994																																																																
51	auE	aue			2	34					-2	106.72	-2	118.42999999999999			2	79.44	2	91.62	2	123.78																																																																																																																									-2	35.54	-2	38.66	-2	16.75	-2	21.450000000000003
52	Oyi	Oui			2	36			2	90.95	2	108.72	2	120.42999999999999							-2	121.78													-2	41.61	-2	40.6													-2	30.28	-2	32.8													-2	28.659999999999997	-2	34.06													-2	24.939999999999998	-2	33.849999999999994																																																													-2	14.75	-2	19.450000000000003
53	oIu	Oiu	2	70	0	36	-2	59.68000000000001	-2	88.95	-2	106.72	-2	118.42999999999999	2	70.0	2	81.44	2	93.62	2	123.78															-2	38.6															-2	30.799999999999997															-2	32.06													-2	22.939999999999998	-2	31.849999999999994																																																																
54	yOi	uoi	2	72	0	36	2	61.68000000000001	2	90.95	2	108.72	2	120.42999999999999					-2	91.62	-2	121.78																																																																																																													-2	39.76	-2	36.09													-2	12.75	-2	17.450000000000003
55	yAe	yae			2	38			2	92.95	2	110.72	2	122.42999999999999							-2	119.78																													-2	28.28	-2	28.799999999999997													-2	26.659999999999997	-2	30.060000000000002													-2	20.939999999999998	-2	29.849999999999994																																																									-2	33.54	-2	36.66	-2	10.75	-2	15.450000000000003
56	aIE	aie			2	40					-2	108.72	-2	120.42999999999999	2	72.0	2	83.44	2	93.62	2	121.78																																																																																																																											-2	34.66	-2	8.75	-2	13.450000000000003
57	OOO	ooo	2	74	0	40	2	63.68000000000001	2	94.95	2	110.72	2	122.42999999999999					-2	91.62	-2	119.78																																																																																																																																
58	EEo	Eeo			2	42					-2	108.72	-2	120.42999999999999			2	85.44	2	93.62	2	121.78																																									-2	42.6	-2	43.66	-2	24.659999999999997	-2	28.060000000000002									-2	43.26	-2	44.08	-2	18.939999999999998	-2	27.849999999999994																									-2	45.06	-2	43.82	-2	44.16	-2	43.27									-2	45.88	-2	45.46	-2	37.76	-2	34.09									-2	31.54	-2	32.66	-2	6.75	-2	11.450000000000003
59	iA	ia			2	44			2	96.95	2	110.72	2	122.42999999999999							-2	119.78																																																													-2	16.939999999999998	-2	25.849999999999994																																																																
60	aEo	Aeo	2	76	0	44			-2	94.95	-2	108.72	-2	120.42999999999999			2	87.44	2	95.62	2	121.78																											-2	42.53			-2	26.799999999999997									-2	40.6	-2	41.66	-2	22.659999999999997	-2	26.060000000000002									-2	41.26	-2	42.08	-2	14.939999999999998	-2	23.849999999999994																																																																
61	yAO	uao	2	78	0	44	2	65.68	2	96.95	2	110.72	2	122.42999999999999					-2	93.62	-2	119.78																																																																																																																																
62	IIo	iio	2	80	0	44							-2	120.42999999999999	2	74.0	2	89.44	2	95.62	2	121.78																																																									-2	39.26	-2	40.08	-2	12.939999999999998	-2	21.849999999999994																																																																
63	yiO	yio			2	46	2	67.68	2	98.95	2	112.72	2	122.42999999999999					-2	93.62	-2	119.78																											-2	40.53			-2	24.799999999999997											-2	39.66			-2	24.060000000000002									-2	37.26	-2	38.08	-2	10.939999999999998	-2	19.849999999999994																																																																
64	oIa	Oia	2	82	0	46	-2	65.68	-2	96.95	-2	110.72	-2	120.42999999999999	2	76.0	2	91.44	2	95.62	2	121.78															-2	36.6															-2	22.799999999999997															-2	22.060000000000002													-2	8.939999999999998	-2	17.849999999999994																																																																
65	AiA	aia	2	84	0	46			2	98.95	2	112.72	2	122.42999999999999							-2	119.78																																																													-2	6.939999999999998	-2	15.849999999999994																																																													-2	4.75	-2	9.450000000000003
66	yOe	yoe			2	48	2	67.68	2	100.95	2	114.72	2	124.42999999999999					-2	93.62	-2	117.78																									-2	43.7	-2	38.53	-2	26.28	-2	20.799999999999997									-2	38.6	-2	37.66	-2	20.659999999999997	-2	20.060000000000002									-2	35.26	-2	36.08	-2	4.939999999999998	-2	13.849999999999994																																									-2	43.88	-2	43.46	-2	35.76	-2	32.09									-2	29.54	-2	30.659999999999997	-2	2.75	-2	7.450000000000003
67	ooE	ooe			2	50					-2	112.72	-2	122.42999999999999			2	93.44	2	95.62	2	119.78																																																																																																									-2	41.88	-2	41.46	-2	33.76	-2	30.090000000000003									-2	27.54	-2	28.659999999999997	-2	0.75	-2	5.450000000000003
68	uuE	yue	2	86	0	50			-2	98.95	-2	110.72	-2	120.42999999999999			2	95.44	2	97.62	2	121.78																													-2	24.28	-2	18.799999999999997													-2	18.659999999999997	-2	18.060000000000002													-2	2.9399999999999977	-2	11.849999999999994																																																									-2	25.54	-2	26.659999999999997	-2	-1.25	-2	3.450000000000003
69	AAO	Aao			2	52	2	69.68	2	100.95	2	112.72	2	122.42999999999999					-2	95.62	-2	119.78																											-2	36.53	-2	22.28	-2	16.799999999999997											-2	35.66	-2	16.659999999999997	-2	16.060000000000002											-2	34.08	-2	0.9399999999999977	-2	9.849999999999994																																																																
70	EEu	eeu	2	88	0	52					-2	110.72	-2	120.42999999999999			2	97.44	2	97.62	2	121.78																																													-2	14.659999999999997	-2	14.060000000000002													-2	-1.0600000000000023	-2	7.849999999999994																																																																
71	OiA	oia	2	90	0	52	2	71.68	2	102.95	2	112.72	2	122.42999999999999					-2	95.62	-2	119.78																																																													-2	-3.0600000000000023	-2	5.849999999999994																																													-2	31.759999999999998	-2	28.090000000000003													-2	-3.25	-2	1.4500000000000028
72	oEo	oeo			2	54					-2	110.72	-2	120.42999999999999			2	99.44	2	97.62	2	121.78																																									-2	36.6	-2	33.66	-2	12.659999999999997	-2	12.060000000000002									-2	33.26	-2	32.08	-2	-5.060000000000002	-2	3.8499999999999943																																									-2	39.88	-2	39.46	-2	29.759999999999998	-2	26.090000000000003									-2	23.54	-2	24.659999999999997	-2	-5.25	-2	-0.5499999999999972
73	aaI	Aai	2	92	0	54			-2	100.95	-2	108.72	-2	118.42999999999999	2	78.0	2	101.44	2	99.62	2	123.78																													-2	20.28	-2	14.799999999999997													-2	10.659999999999997	-2	10.060000000000002													-2	-7.060000000000002	-2	1.8499999999999943																																																													-2	-7.25	-2	-2.549999999999997
74	Oyy	Ouu			2	56			2	102.95	2	110.72	2	120.42999999999999							-2	121.78													-2	39.61	-2	34.6													-2	18.28	-2	12.799999999999997													-2	8.659999999999997	-2	8.060000000000002													-2	-9.060000000000002	-2	-0.15000000000000568																																																																
75	OiO	Oio			2	58	2	73.68	2	104.95	2	112.72	2	122.42999999999999					-2	97.62	-2	119.78											-2	46.37			-2	32.6											-2	34.53			-2	10.799999999999997											-2	31.659999999999997			-2	6.060000000000002									-2	31.259999999999998	-2	30.08	-2	-11.060000000000002	-2	-2.1500000000000057																																																																
76	OOA	ooa	2	94	0	58	2	75.68	2	106.95	2	114.72	2	124.42999999999999					-2	95.62	-2	117.78																																																																																																																																
78	uoE	yoe	2	96	0	58			-2	104.95	-2	112.72	-2	122.42999999999999			2	103.44	2	97.62	2	119.78																									-2	41.7	-2	32.53	-2	16.28	-2	8.799999999999997									-2	34.6	-2	29.659999999999997	-2	6.659999999999997	-2	4.060000000000002									-2	29.259999999999998	-2	28.08	-2	-13.060000000000002	-2	-4.150000000000006																																									-2	37.88	-2	37.46	-2	27.759999999999998	-2	24.090000000000003									-2	21.54	-2	22.659999999999997	-2	-9.25	-2	-4.549999999999997
79	EI	Ei			2	60							-2	120.42999999999999	2	80.0	2	105.44	2	99.62	2	121.78																																																																																													-2	42.16	-2	41.27													-2	25.759999999999998	-2	22.090000000000003													-2	-11.25	-2	-6.549999999999997
80	yOi	yoi			2	62	2	77.68	2	106.95	2	114.72	2	122.42999999999999					-2	97.62	-2	119.78																									-2	39.7	-2	30.53	-2	14.280000000000001	-2	6.799999999999997									-2	32.6	-2	27.659999999999997	-2	4.659999999999997	-2	2.0600000000000023									-2	27.259999999999998	-2	26.08	-2	-15.060000000000002	-2	-6.150000000000006																																													-2	23.759999999999998	-2	20.090000000000003													-2	-13.25	-2	-8.549999999999997
81	aua	Aua	2	98	0	62			-2	104.95	-2	112.72	-2	120.42999999999999							2	121.78																													-2	12.280000000000001	-2	4.799999999999997													-2	2.6599999999999966	-2	0.060000000000002274													-2	-17.060000000000002	-2	-8.150000000000006																																																																
82	uI	ui			2	64							-2	118.42999999999999	2	82.0	2	107.44	2	99.62	2	123.78																																																																																																																													-2	-15.25	-2	-10.549999999999997
83	eA	Ea	2	100	0	64			2	106.95	2	114.72	2	120.42999999999999			-2	105.44	-2	97.62	-2	121.78																																																																																																																																
84	Oy	ou	2	102	0	64	2	79.68	2	108.95	2	116.72	2	122.42999999999999					-2	95.62	-2	119.78																																																																																																																																
85	IEE	iee	2	104	0	64					-2	114.72	-2	120.42999999999999	2	84.0	2	107.44	2	97.62	2	121.78																																																																																																																																
86	AOi	aoi	2	106	0	64	2	81.68	2	110.95	2	116.72	2	122.42999999999999					-2	95.62	-2	119.78																																																																																																													-2	21.759999999999998	-2	18.090000000000003													-2	-17.25	-2	-12.549999999999997
88	eyO	Euo	2	108	0	64	2	83.68	2	112.95	2	118.72	2	124.42999999999999			-2	105.44	-2	93.62	-2	117.78																																																																																																																																
89	aou	Aou	2	110	0	64			-2	110.95	-2	116.72	-2	122.42999999999999							2	119.78																									-2	37.7	-2	28.53	-2	10.280000000000001	-2	2.799999999999997									-2	30.6	-2	25.659999999999997	-2	0.6599999999999966	-2	-1.9399999999999977									-2	25.259999999999998	-2	24.08	-2	-19.060000000000002	-2	-10.150000000000006																																																																
90	uoE	uoe			2	66					-2	114.72	-2	120.42999999999999			2	107.44	2	95.62	2	121.78																																																																																																									-2	35.88	-2	35.46	-2	19.759999999999998	-2	16.090000000000003									-2	19.54	-2	20.659999999999997	-2	-19.25	-2	-14.549999999999997
91	yii	uii	2	112	0	66			2	112.95	2	116.72	2	122.42999999999999							-2	119.78																																																																																																																													-2	-21.25	-2	-16.549999999999997
92	aEI	Aei	2	114	0	66			-2	110.95	-2	114.72	-2	120.42999999999999	2	86.0	2	109.44	2	97.62	2	121.78																																																																																																																																
93	yOA	uoa	2	116	0	66	2	85.68	2	112.95	2	116.72	2	122.42999999999999					-2	95.62	-2	119.78																																																																																																																																
94	OyO	ouo	2	118	0	66	2	87.68	2	114.95	2	118.72	2	124.42999999999999					-2	93.62	-2	117.78																																																																																																																																
95	EIa	eia	2	120	0	66					-2	116.72	-2	122.42999999999999	2	88.0	2	111.44	2	95.62	2	119.78																																															-2	-3.9399999999999977													-2	-21.060000000000002	-2	-12.150000000000006																																																																
96	IEo	ieo	2	122	0	66					-2	114.72	-2	120.42999999999999	2	90.0	2	113.44	2	97.62	2	121.78																																									-2	28.6	-2	23.659999999999997	-2	-1.3400000000000034	-2	-5.939999999999998									-2	23.259999999999998	-2	22.08	-2	-23.060000000000002	-2	-14.150000000000006																																																																
97	uOi	uoi			2	68	2	89.68	2	116.95	2	116.72	2	122.42999999999999					-2	95.62	-2	119.78																																																																																																													-2	17.759999999999998	-2	14.090000000000003	2	52.0	2	52.0	2	52.0	2	52.0	2	21.54	2	22.659999999999997			-2	-18.549999999999997
99	yey	ueu	2	124	0	68			2	118.95	2	118.72	2	124.42999999999999							-2	117.78																																													-2	-3.3400000000000034	-2	-7.939999999999998													-2	-25.060000000000002	-2	-16.150000000000006																																																									-2	19.54	-2	20.659999999999997	-2	-23.25	-2	-20.549999999999997
101	ooI	Ooi	2	126	0	68	-2	87.68	-2	116.95	-2	116.72	-2	122.42999999999999	2	92.0	2	115.44	2	97.62	2	119.78									-2	45.34	-2	44.37	-2	37.61	-2	30.6									-2	35.7	-2	26.53	-2	8.280000000000001	-2	0.7999999999999972									-2	26.6	-2	21.659999999999997	-2	-5.340000000000003	-2	-9.939999999999998									-2	21.259999999999998	-2	20.08	-2	-27.060000000000002	-2	-18.150000000000006																																													-2	15.759999999999998	-2	12.090000000000003													-2	-25.25	-2	-22.549999999999997
102	yoE	yoe			2	70					-2	114.72	-2	120.42999999999999			2	117.44	2	99.62	2	121.78																							2	52.0			2	28.53			2	2.799999999999997							2	52.0			2	23.659999999999997			2	-7.939999999999998							2	52.0			2	22.08			2	-16.150000000000006																																									-2	33.88	-2	33.46	-2	13.759999999999998	-2	10.090000000000003									-2	17.54	-2	18.659999999999997	-2	-27.25	-2	-24.549999999999997
104	EIa	Eia			2	72							-2	118.42999999999999	2	94.0	2	119.44	2	101.62	2	123.78																																																													-2	-29.060000000000002	-2	-18.150000000000006																													-2	40.16	-2	39.27													-2	11.759999999999998	-2	8.090000000000003													-2	-29.25	-2	-26.549999999999997
106	AOi	Aoi			2	74	2	89.68	2	118.95	2	116.72	2	120.42999999999999					-2	99.62	-2	121.78																									-2	33.7	-2	26.53	-2	6.280000000000001	-2	0.7999999999999972									-2	24.6	-2	21.659999999999997	-2	-7.340000000000003	-2	-9.939999999999998									-2	19.259999999999998	-2	20.08	-2	-31.060000000000002	-2	-20.150000000000006																																													-2	9.759999999999998	-2	6.090000000000003													-2	-31.25	-2	-28.549999999999997
107	aey	aeu			2	76			2	120.95	2	118.72	2	122.42999999999999							-2	119.78																																													-2	-9.340000000000003	-2	-11.939999999999998													-2	-33.06	-2	-22.150000000000006																																																							2	54.0								
108	oIo	Oio	2	128	0	76	-2	87.68	-2	118.95	-2	116.72	-2	120.42999999999999	2	96.0	2	121.44	2	101.62	2	121.78											-2	42.37			-2	28.6											-2	24.53			-2	-1.2000000000000028											-2	19.659999999999997			-2	-13.939999999999998									-2	17.259999999999998	-2	18.08	-2	-35.06	-2	-24.150000000000006																																																																
109	oiA	oia			2	78			2	120.95	2	118.72	2	122.42999999999999							-2	119.78																																																													-2	-37.06	-2	-26.150000000000006																																							2	52.0			2	35.46											2	56.0			2	20.659999999999997				
116	iEE	iee			2	80					-2	116.72	-2	120.42999999999999			2	123.44	2	103.62	2	121.78																																																					2	52.0	2	54.0	2	19.259999999999998	2	20.08	2	-35.06	2	-24.150000000000006																																																																
118	iAO	iao			2	82	2	89.68	2	122.95	2	118.72	2	122.42999999999999					-2	101.62	-2	119.78																																																											-2	18.08	-2	-37.06	-2	-26.150000000000006																																																																
123	EEI	Eei			2	84					-2	116.72	-2	120.42999999999999	2	98.0	2	125.44	2	103.62	2	121.78																																																																																									-2	43.06	-2	41.82	-2	38.16	-2	37.27									-2	31.880000000000003	-2	33.46	-2	7.759999999999998	-2	4.090000000000003									-2	15.54	-2	18.659999999999997	-2	-33.25	-2	-30.549999999999997
128	ay	au			2	86			2	124.95	2	118.72	2	122.42999999999999							-2	119.78																																																																																																																					2	54.0	2	58.0	2	17.54	2	20.659999999999997	2	-31.25	2	-28.549999999999997
134	oa	Oa	2	130	0	86	-2	87.68	-2	122.95	-2	116.72	-2	120.42999999999999					2	105.62	2	121.78													-2	35.61	-2	26.6													-2	4.280000000000001	-2	-3.200000000000003													-2	-11.340000000000003	-2	-15.939999999999998													-2	-39.06	-2	-28.150000000000006																																																																
135	oey	oeu			2	88			2	124.95	2	118.72	2	122.42999999999999							-2	119.78																																													-2	-13.340000000000003	-2	-17.939999999999998													-2	-41.06	-2	-30.150000000000006																																							2	54.0															2	60.0								
147	yEE	yee			2	90					-2	116.72	-2	120.42999999999999			2	127.44	2	107.62	2	121.78																					2	52.0	2	54.0	2	35.7	2	26.53	2	6.280000000000001	2	-1.2000000000000028					2	52.0	2	54.0	2	26.6	2	21.659999999999997	2	-11.340000000000003	2	-15.939999999999998					2	54.0	2	56.0	2	21.259999999999998	2	20.08	2	-39.06	2	-28.150000000000006																																																																
155	eui	Eui	2	132	0	90					2	118.72	2	122.42999999999999			-2	125.44	-2	105.62	-2	119.78																																													2	-9.340000000000003	2	-13.939999999999998													2	-37.06	2	-26.150000000000006																															-2	35.27															-2	2.0900000000000034															-2	-30.549999999999997
156	iEE	iee			2	92					-2	116.72	-2	120.42999999999999			2	127.44	2	107.62	2	121.78																																																					2	56.0	2	58.0	2	23.259999999999998	2	22.08	2	-35.06	2	-24.150000000000006																																																																
160	eee	Eee	2	134	0	92					2	118.72	2	122.42999999999999			-2	125.44	-2	105.62	-2	119.78																																																																																									-2	41.06	-2	39.82	-2	36.16	-2	33.27									-2	29.880000000000003	-2	31.46	-2	5.759999999999998	-2	0.09000000000000341									-2	15.54	-2	18.659999999999997	-2	-33.25	-2	-32.55
161	AII	Aii			2	94							-2	120.42999999999999	2	100.0	2	127.44	2	107.62	2	121.78																	2	52.0	2	52.0	2	54.0	2	56.0	2	37.7	2	28.53	2	8.280000000000001	2	0.7999999999999972	2	52.0	2	52.0	2	54.0	2	56.0	2	28.6	2	23.659999999999997	2	-7.340000000000003	2	-11.939999999999998	2	52.0	2	52.0	2	58.0	2	60.0	2	25.259999999999998	2	24.08	2	-33.06	2	-22.150000000000006																																																																
164	EeA	Eea			2	96			2	126.95	2	120.72	2	122.42999999999999							-2	119.78																																													-2	-9.340000000000003	-2	-13.939999999999998													-2	-35.06	-2	-24.150000000000006																							2	52.0															2	56.0															2	62.0								
206	yEa	yea			2	98					-2	118.72	-2	120.42999999999999			2	129.44	2	109.62	2	121.78																					2	56.0	2	58.0	2	39.7	2	30.53	2	10.280000000000001	2	2.799999999999997					2	56.0	2	58.0	2	30.6	2	25.659999999999997			2	-11.939999999999998					2	60.0	2	62.0	2	27.259999999999998	2	26.08			2	-22.150000000000006																																																																
208	eai	Eai	2	136	0	98					2	120.72	2	122.42999999999999			-2	127.44	-2	107.62	-2	119.78																																													2	-7.340000000000003	2	-9.939999999999998													2	-33.06	2	-20.150000000000006																															-2	31.270000000000003															-2	-1.9099999999999966															-2	-34.55
218	eEo	eeo			2	100					-2	118.72	-2	120.42999999999999			2	129.44	2	109.62	2	121.78																																					2	58.0	2	60.0			2	27.659999999999997			2	-7.939999999999998					2	62.0	2	64.0			2	28.08			2	-18.150000000000006																																																																
254	aOA	aoa			2	102	2	89.68	2	128.95	2	120.72	2	122.42999999999999					-2	107.62	-2	119.78																																																																																																																	2	54.0	2	54.0	2	56.0	2	64.0	2	17.54	2	20.659999999999997	2	-31.25	2	-32.55
328	AoE	Aoe			2	104					-2	118.72	-2	120.42999999999999			2	131.44	2	109.62	2	121.78																							2	60.0			2	32.53			2	4.799999999999997							2	62.0			2	29.659999999999997			2	-5.939999999999998							2	66.0			2	30.08			2	-16.150000000000006																																									-2	27.880000000000003	-2	29.46	-2	3.759999999999998	-2	-3.9099999999999966									-2	15.54	-2	18.659999999999997	-2	-33.25	-2	-34.55
362	aie	Aie	2	138	0	104			-2	126.94999999999999	-2	116.72	-2	118.42999999999999							2	123.78																																																																																																																											2	20.659999999999997	2	-31.25	2	-32.55
366	yy	yu			2	106			2	128.95	2	118.72	2	120.42999999999999							-2	121.78																													-2	8.280000000000001	-2	2.799999999999997													-2	-9.340000000000003	-2	-7.939999999999998													-2	-35.06	-2	-18.150000000000006																																																																
430	eie	Eie	2	140	0	106					2	120.72	2	122.42999999999999			-2	129.44	-2	107.62	-2	119.78																																																																																											-2	37.82	-2	34.16	-2	29.270000000000003											-2	27.46	-2	1.759999999999998	-2	-5.909999999999997											-2	18.659999999999997	-2	-33.25	-2	-34.55
763	uaE	uae			2	108					-2	118.72	-2	120.42999999999999			2	131.44	2	109.62	2	121.78																																																																																																																									-2	13.54	-2	16.659999999999997	-2	-35.25	-2	-36.55
930	eOe	eoe			2	110	2	91.68	2	130.95	2	120.72	2	122.42999999999999					-2	107.62	-2	119.78																																									-2	28.6	-2	27.659999999999997	-2	-11.340000000000003	-2	-9.939999999999998									-2	25.259999999999998	-2	28.08	-2	-37.06	-2	-20.150000000000006																																									-2	25.880000000000003	-2	25.46	-2	-0.240000000000002	-2	-7.909999999999997									-2	11.54	-2	14.659999999999997	-2	-37.25	-2	-38.55
3326	aoa	Aoa	2	142	0	110			-2	128.95	-2	118.72	-2	120.42999999999999							2	121.78																									-2	37.7	-2	30.53	-2	6.280000000000001	-2	0.7999999999999972									-2	26.6	-2	25.659999999999997	-2	-13.340000000000003	-2	-11.939999999999998									-2	23.259999999999998	-2	26.08	-2	-39.06	-2	-22.150000000000006																																																																
3349	aey	aeu			2	112			2	130.95	2	120.72	2	122.42999999999999							-2	119.78																																													-2	-15.340000000000003	-2	-13.939999999999998													-2	-41.06	-2	-24.150000000000006																																																							2	66.0								
15550	uE	ue			0.002	112.002					-0.002	120.718	-0.002	122.428			0.002	131.442	0.002	107.622	0.002	119.782																																																																																																																									-0.002	11.537999999999998	-0.002	14.657999999999996	-0.002	-37.252	-0.002	-38.552
16428	eoE	eoe			0.002	112.00399999999999					-0.002	120.71600000000001	-0.002	122.426			0.002	131.44400000000002	0.002	107.624	0.002	119.78399999999999																																							0.002	62.002			0.002	25.661999999999995			0.002	-13.937999999999997							0.002	66.002			0.002	26.081999999999997			0.002	-24.148000000000007																																									-0.002	25.878000000000004	-0.002	25.458000000000002	-0.002	-0.242000000000002	-0.002	-7.911999999999996									-0.002	11.535999999999998	-0.002	14.655999999999995	-0.002	-37.254000000000005	-0.002	-38.554
17274	oo	Oo	0.002	142.002	0	112.00399999999999	-0.002	91.67800000000001	-0.002	130.94799999999998	-0.002	120.71400000000001	-0.002	122.424					0.002	107.62599999999999	0.002	119.78599999999999									-0.002	45.338	-0.002	42.367999999999995	-0.002	35.608	-0.002	26.598000000000003									-0.002	37.698	-0.002	30.528000000000002	-0.002	6.278000000000001	-0.002	0.7979999999999972									-0.002	26.598000000000003	-0.002	25.659999999999997	-0.002	-15.342000000000004	-0.002	-13.939999999999998									-0.002	23.258	-0.002	26.08	-0.002	-41.062000000000005	-0.002	-24.150000000000006																																																																
18020	Aey	Aeu			0.002	112.00599999999999			0.002	130.95	0.002	120.71600000000001	0.002	122.426							-0.002	119.78399999999999																															-0.002	0.7959999999999972													-0.002	-15.344000000000005	-0.002	-13.941999999999998													-0.002	-41.06400000000001	-0.002	-24.152000000000005																																																																
TOTAL				142.002		112.00599999999999		91.67800000000001		130.95		120.71600000000001		122.426		100.0		131.44400000000002		107.62599999999999		119.78399999999999		50.0		50.0		50.0		50.0		45.338		42.367999999999995		35.608		26.598000000000003		52.0		52.0		56.0		60.0		37.698		30.528000000000002		6.278000000000001		0.7959999999999972		52.0		52.0		58.0		62.002		26.598000000000003		25.659999999999997		-15.344000000000005		-13.941999999999998		52.0		52.0		62.0		66.002		23.258		26.08		-41.06400000000001		-24.152000000000005		50.0		50.0		50.0		50.0		50.0		50.0		50.0		50.0		50.0		50.0		50.0		52.0		41.06		37.82		34.16		29.270000000000003		50.0		50.0		50.0		56.0		25.878000000000004		25.458000000000002		-0.242000000000002		-7.911999999999996		54.0		54.0		56.0		66.0		11.535999999999998		14.655999999999995		-37.254000000000005		-38.554
