trialnum	Generated	Heard	Id(Bk)Syl1	now	Id(Bk)	now	*F1	now	*F3	now	*F4	now	*F5	now	*B1	now	*B2	now	*B3	now	*B5	now	*F1_B1	now	*F1..._B1	now	*F1_B2	now	*F1..._B2	now	*F1_B3	now	*F1..._B3	now	*F1_B5	now	*F1..._B5	now	*F3_B1	now	*F3..._B1	now	*F3_B2	now	*F3..._B2	now	*F3_B3	now	*F3..._B3	now	*F3_B5	now	*F3..._B5	now	*F4_B1	now	*F4..._B1	now	*F4_B2	now	*F4..._B2	now	*F4_B3	now	*F4..._B3	now	*F4_B5	now	*F4..._B5	now	*F5_B1	now	*F5..._B1	now	*F5_B2	now	*F5..._B2	now	*F5_B3	now	*F5..._B3	now	*F5_B5	now	*F5..._B5	now	*_B1F1	now	*_B1...F1	now	*_B1F3	now	*_B1...F3	now	*_B1F4	now	*_B1...F4	now	*_B1F5	now	*_B1...F5	now	*_B2F1	now	*_B2...F1	now	*_B2F3	now	*_B2...F3	now	*_B2F4	now	*_B2...F4	now	*_B2F5	now	*_B2...F5	now	*_B3F1	now	*_B3...F1	now	*_B3F3	now	*_B3...F3	now	*_B3F4	now	*_B3...F4	now	*_B3F5	now	*_B3...F5	now	*_B5F1	now	*_B5...F1	now	*_B5F3	now	*_B5...F3	now	*_B5F4	now	*_B5...F4	now	*_B5F5	now	*_B5...F5	now
				0		0		100		100		100		100		100		100		100		100		100		100		100		100		100		100		100		100		100		100		100		100		100		100		100		100		100		100		100		100		100		100		100		100		100		100		100		100		100		100		100		100		100		100		100		100		100		100		100		100		100		100		100		100		100		100		100		100		100		100		100		100		100		100		100		100		100		100		100		100		100		100		100		100
0	Apriori	Id(Bk)Syl1>>Id(Bk)	20	20																																																																																																																																																		
1	EuI	eui	0.3333333333333333	20.333333333333332	0	0					-2	98	-2	98	0.3333333333333333	100.33333333333333	0.3333333333333333	100.33333333333333	0.3333333333333333	100.33333333333333	0.3333333333333333	100.33333333333333																																													-2	98	-2	98													-2	98	-2	98																																																													-2	98	-2	98
2	eie	Eie	0.5	20.833333333333332	0	0					0.5	98.5	0.5	98.5			-2	98.33333333333333	-2	98.33333333333333	-2	98.33333333333333																																																																																											-2	98	-2	98	-2	98											-2	98	-2	98	-2	98											-2	98	-2	96	-2	96
3	Euo	euo	0.4	21.23333333333333	0	0					-2	96.5	-2	96.5			0.4	98.73333333333333	0.4	98.73333333333333	0.4	98.73333333333333																																											-2	98	-2	96	-2	96											-2	98	-2	96	-2	96																																																																
4	Ea	ea	0.4	21.63333333333333	0	0					-2	94.5	-2	94.5			0.4	99.13333333333334	0.4	99.13333333333334	0.4	99.13333333333334																																													-2	94	-2	94													-2	94	-2	94																																																																
7	eai	Eai	0.25	21.88333333333333	0	0					0.25	94.75	0.25	94.75			-2	97.13333333333334	-2	97.13333333333334	-2	97.13333333333334																																													0.25	94.25	0.25	94.25													0.25	94.25	0.25	94.25																															-2	96															-2	96															-2	94
9	yey	yeu			0.4	0.4			0.4	100.4	0.4	95.15	0.4	95.15							-2	95.13333333333334																															-2	98													-2	92.25	-2	92.25													-2	92.25	-2	92.25																																																																
11	uIo	yio	0.3333333333333333	22.21666666666666	0	0.4			-2	98.4	-2	93.15	-2	93.15	0.3333333333333333	100.66666666666666	0.3333333333333333	97.46666666666667	0.3333333333333333	97.46666666666667	0.3333333333333333	95.46666666666667																											-2	98			-2	96											-2	96			-2	90.25									-2	98	-2	96	-2	90.25	-2	90.25																																																																
12	aou	Aou	0.6666666666666666	22.88333333333333	0	0.4			-2	96.4	-2	91.15	-2	91.15							0.6666666666666666	96.13333333333334																									-2	98	-2	96	-2	98	-2	94									-2	98	-2	94	-2	90.25	-2	88.25									-2	96	-2	94	-2	88.25	-2	88.25																																																																
15	eyO	euo			0.3333333333333333	0.7333333333333334	0.3333333333333333	100.33333333333333	0.3333333333333333	96.73333333333333	0.3333333333333333	91.48333333333333	0.3333333333333333	91.48333333333333					-2	95.46666666666667	-2	94.13333333333334																																											-2	92	-2	88.25	-2	86.25											-2	92	-2	86.25	-2	86.25																																																																
16	ooE	Ooe	0.4	23.283333333333328	0	0.7333333333333334	-2	98.33333333333333	-2	94.73333333333333	-2	89.48333333333333	-2	89.48333333333333			0.4	97.86666666666667	0.4	95.86666666666667	0.4	94.53333333333335									-2	98	-2	98	-2	98	-2	98									-2	96	-2	94	-2	96	-2	92									-2	96	-2	90	-2	86.25	-2	84.25									-2	94	-2	90	-2	84.25	-2	84.25																																									-2	98	-2	96	-2	96	-2	94									-2	98	-2	96	-2	94	-2	92
17	euo	Euo	0.2	23.483333333333327	0	0.7333333333333334					0.2	89.68333333333334	0.2	89.68333333333334			-2	95.86666666666667	-2	93.86666666666667	-2	92.53333333333335																																											0.2	90.2	0.2	86.45	0.2	84.45											0.2	90.2	0.2	84.45	0.2	84.45																																																																
20	aou	Aou	0.6666666666666666	24.149999999999995	0	0.7333333333333334			-2	92.73333333333333	-2	87.68333333333334	-2	87.68333333333334							0.6666666666666666	93.20000000000002																									-2	94	-2	92	-2	94	-2	90									-2	94	-2	88.2	-2	84.45	-2	82.45									-2	92	-2	88.2	-2	82.45	-2	82.45																																																																
21	yye	yue			0.4	1.1333333333333333			0.4	93.13333333333334	0.4	88.08333333333334	0.4	88.08333333333334							-2	91.20000000000002																													-2	92	-2	88													-2	82.45	-2	80.45													-2	80.45	-2	80.45																																																									-2	96	-2	94	-2	92	-2	90
23	eyy	euu			0.4	1.5333333333333332			0.4	93.53333333333335	0.4	88.48333333333335	0.4	88.48333333333335							-2	89.20000000000002																																													-2	80.45	-2	78.45													-2	78.45	-2	78.45																																																																
24	oEE	oee			0.4	1.9333333333333331					-2	86.48333333333335	-2	86.48333333333335			0.4	96.26666666666668	0.4	94.26666666666668	0.4	89.60000000000002																																																																																																									-2	96	-2	94	-2	94	-2	92									-2	94	-2	92	-2	90	-2	88
25	oE	Oe	0.4	24.549999999999994	0	1.9333333333333331	-2	96.33333333333333	-2	91.53333333333335	-2	84.48333333333335	-2	84.48333333333335			0.4	96.66666666666669	0.4	94.66666666666669	0.4	90.00000000000003																																																																																																																																
26	yye	yue			0.4	2.333333333333333			0.4	91.93333333333335	0.4	84.88333333333335	0.4	84.88333333333335							-2	88.00000000000003																													-2	90	-2	86													-2	78.45	-2	76.45													-2	76.45	-2	76.45																																																									-2	92	-2	90	-2	88	-2	86
29	OO	Oo			0.3333333333333333	2.6666666666666665	0.3333333333333333	96.66666666666666	0.3333333333333333	92.26666666666668	0.3333333333333333	85.21666666666668	0.3333333333333333	85.21666666666668					-2	92.66666666666669	-2	86.00000000000003									-2	96	-2	96	-2	96	-2	96									-2	92	-2	90	-2	88	-2	84									-2	92	-2	86.2	-2	76.45	-2	74.45									-2	90	-2	86.2	-2	74.45	-2	74.45																																																																
30	eui	Eui	0.25	24.799999999999994	0	2.6666666666666665					0.25	85.46666666666668	0.25	85.46666666666668			-2	94.66666666666669	-2	90.66666666666669	-2	84.00000000000003																																													0.25	76.7	0.25	74.7													0.25	74.7	0.25	74.7																															-2	94															-2	90															-2	84
33	ouE	oue			0.4	3.0666666666666664					-2	83.46666666666668	-2	83.46666666666668			0.4	95.06666666666669	0.4	91.06666666666669	0.4	84.40000000000003																																																																																																											-2	92			-2	88									-2	90	-2	88	-2	86	-2	82
34	ooi	Ooi	0.3333333333333333	25.133333333333326	0	3.0666666666666664	-2	94.66666666666666	-2	90.26666666666668	-2	81.46666666666668	-2	81.46666666666668					0.3333333333333333	91.40000000000002	0.3333333333333333	84.73333333333336									-2	94	-2	94	-2	94	-2	94									-2	90	-2	88	-2	86	-2	82									-2	90	-2	84.2	-2	74.7	-2	72.7									-2	88	-2	84.2	-2	72.7	-2	72.7																																															0.3333333333333333	88.33333333333333															0.3333333333333333	82.33333333333333
35	yO	yo			0.3333333333333333	3.4	0.3333333333333333	94.99999999999999	0.3333333333333333	90.60000000000001	0.3333333333333333	81.80000000000001	0.3333333333333333	81.80000000000001					-2	89.40000000000002	-2	82.73333333333336																									-2	88	-2	86	-2	84	-2	80									-2	88	-2	82.2	-2	72.7	-2	70.7									-2	86	-2	82.2	-2	70.7	-2	70.7																																																																
37	OeO	Oeo			0.3333333333333333	3.7333333333333334	0.3333333333333333	95.33333333333331	0.3333333333333333	90.93333333333334	0.3333333333333333	82.13333333333334	0.3333333333333333	82.13333333333334					-2	87.40000000000002	-2	80.73333333333336											-2	92			-2	92											-2	84			-2	78									-2	86	-2	80.2	-2	70.7	-2	68.7									-2	84	-2	80.2	-2	68.7	-2	68.7																																																																
39	eou	Eou	0.16666666666666666	25.299999999999994	0	3.7333333333333334					0.16666666666666666	82.30000000000001	0.16666666666666666	82.30000000000001			-2	93.06666666666669	-2	85.40000000000002	-2	78.73333333333336																																									0.16666666666666666	86.16666666666667	0.16666666666666666	80.36666666666667	0.16666666666666666	70.86666666666667	0.16666666666666666	68.86666666666667									0.16666666666666666	84.16666666666667	0.16666666666666666	80.36666666666667	0.16666666666666666	68.86666666666667	0.16666666666666666	68.86666666666667																																																																
40	oo	Oo	0.5	25.799999999999994	0	3.7333333333333334	-2	93.33333333333331	-2	88.93333333333334	-2	80.30000000000001	-2	80.30000000000001					0.5	85.90000000000002	0.5	79.23333333333336									-2	92	-2	90	-2	92	-2	90									-2	86	-2	82	-2	82	-2	76									-2	84.16666666666667	-2	78.36666666666667	-2	68.86666666666667	-2	66.86666666666667									-2	82.16666666666667	-2	78.36666666666667	-2	66.86666666666667	-2	66.86666666666667																																																																
42	uaa	yaa	0.6666666666666666	26.46666666666666	0	3.7333333333333334			-2	86.93333333333334	-2	78.30000000000001	-2	78.30000000000001							0.6666666666666666	79.90000000000003																													-2	80	-2	74													-2	66.86666666666667	-2	64.86666666666667													-2	64.86666666666667	-2	64.86666666666667																																																																
43	oEo	Oeo	0.4	26.86666666666666	0	3.7333333333333334	-2	91.33333333333331	-2	84.93333333333334	-2	76.30000000000001	-2	76.30000000000001			0.4	93.4666666666667	0.4	86.30000000000003	0.4	80.30000000000004											-2	88			-2	88											-2	80			-2	72									-2	82.16666666666667	-2	76.36666666666667	-2	64.86666666666667	-2	62.866666666666674									-2	80.16666666666667	-2	76.36666666666667	-2	62.866666666666674	-2	62.866666666666674																																																																
44	Oe	oe	0.3333333333333333	27.199999999999992	0	3.7333333333333334	0.3333333333333333	91.66666666666664	0.3333333333333333	85.26666666666667	0.3333333333333333	76.63333333333334	0.3333333333333333	76.63333333333334					-2	84.30000000000003	-2	78.30000000000004																																																																																																									-2	94	-2	90	-2	92	-2	86.33333333333333									-2	88	-2	86	-2	84	-2	80.33333333333333
46	ae	Ae	0.2857142857142857	27.485714285714277	0	3.7333333333333334			-2	83.26666666666667	-2	74.63333333333334	-2	74.63333333333334							0.2857142857142857	78.58571428571433																																																																																																																									0.2857142857142857	88.28571428571429	0.2857142857142857	86.28571428571429	0.2857142857142857	84.28571428571429	0.2857142857142857	80.61904761904762
47	oEa	Oea	0.4	27.885714285714275	0	3.7333333333333334	-2	89.66666666666664	-2	81.26666666666667	-2	72.63333333333334	-2	72.63333333333334			0.4	93.8666666666667	0.4	84.70000000000003	0.4	78.98571428571434															-2	86															-2	70													-2	62.866666666666674	-2	60.866666666666674													-2	60.866666666666674	-2	60.866666666666674																																																																
49	eyi	eui			0.4	4.133333333333334			0.4	81.66666666666667	0.4	73.03333333333335	0.4	73.03333333333335							-2	76.98571428571434																																													-2	60.866666666666674	-2	58.866666666666674													-2	58.866666666666674	-2	58.866666666666674																																																													-2	82.28571428571429	-2	78.61904761904762
50	eee	Eee	0.5	28.385714285714275	0	4.133333333333334					0.5	73.53333333333335	0.5	73.53333333333335			-2	91.8666666666667	-2	82.70000000000003	-2	74.98571428571434																																																																																									-2	98	-2	96	-2	96	-2	92									-2	92	-2	88	-2	90	-2	84.33333333333333									-2	86.28571428571429	-2	84.28571428571429	-2	80.28571428571429	-2	76.61904761904762
51	uo	yo	0.6666666666666666	29.052380952380943	0	4.133333333333334			-2	79.66666666666667	-2	71.53333333333335	-2	71.53333333333335							0.6666666666666666	75.65238095238101																									-2	84	-2	78	-2	78	-2	68									-2	80.16666666666667	-2	74.36666666666667	-2	58.866666666666674	-2	56.866666666666674									-2	78.16666666666667	-2	74.36666666666667	-2	56.866666666666674	-2	56.866666666666674																																																																
52	oui	Oui	0.3333333333333333	29.385714285714275	0	4.133333333333334	-2	87.66666666666664	-2	77.66666666666667	-2	69.53333333333335	-2	69.53333333333335					0.3333333333333333	83.03333333333336	0.3333333333333333	75.98571428571434													-2	90	-2	84													-2	76	-2	66													-2	56.866666666666674	-2	54.866666666666674													-2	54.866666666666674	-2	54.866666666666674																																															0.3333333333333333	84.66666666666666															0.3333333333333333	76.95238095238095
53	OAe	oae	0.3333333333333333	29.719047619047608	0	4.133333333333334	0.3333333333333333	87.99999999999997	0.3333333333333333	78.0	0.3333333333333333	69.86666666666667	0.3333333333333333	69.86666666666667					-2	81.03333333333336	-2	73.98571428571434																																																																																																											-2	86			-2	82.66666666666666									-2	84.28571428571429	-2	82.28571428571429	-2	78.28571428571429	-2	74.95238095238095
54	euu	Euu	0.25	29.969047619047608	0	4.133333333333334					0.25	70.11666666666667	0.25	70.11666666666667			-2	89.8666666666667	-2	79.03333333333336	-2	71.98571428571434																																													0.25	57.116666666666674	0.25	55.116666666666674													0.25	55.116666666666674	0.25	55.116666666666674																																																																
55	uo	yo	0.6666666666666666	30.635714285714275	0	4.133333333333334			-2	76.0	-2	68.11666666666667	-2	68.11666666666667							0.6666666666666666	72.65238095238101																									-2	82	-2	76	-2	74	-2	64									-2	78.16666666666667	-2	72.36666666666667	-2	55.116666666666674	-2	53.116666666666674									-2	76.16666666666667	-2	72.36666666666667	-2	53.116666666666674	-2	53.116666666666674																																																																
56	eiu	Eiu	0.4	31.035714285714274	0	4.133333333333334					0.4	68.51666666666668	0.4	68.51666666666668			-2	87.8666666666667	-2	77.03333333333336	-2	70.65238095238101																																															0.4	53.51666666666667																																													-2	94	-2	90													-2	88	-2	80.66666666666666													-2	76.28571428571429	-2	72.95238095238095
58	Ai	ai	0.4	31.435714285714273	0	4.133333333333334			0.4	76.4	0.4	68.91666666666669	0.4	68.91666666666669							-2	68.65238095238101																																																																																																																													-2	74.28571428571429	-2	70.95238095238095
59	aoa	Aoa	0.6666666666666666	32.10238095238094	0	4.133333333333334			-2	74.4	-2	66.91666666666669	-2	66.91666666666669							0.6666666666666666	69.31904761904768																									-2	80	-2	74	-2	72	-2	62									-2	76.16666666666667	-2	70.36666666666667	-2	53.116666666666674	-2	51.51666666666667									-2	74.16666666666667	-2	70.36666666666667	-2	51.116666666666674	-2	51.116666666666674																																																																
60	Oiy	oiu	0.3333333333333333	32.435714285714276	0	4.133333333333334	0.3333333333333333	88.3333333333333	0.3333333333333333	74.73333333333333	0.3333333333333333	67.25000000000001	0.3333333333333333	67.25000000000001					-2	75.03333333333336	-2	67.31904761904768																																																													-2	49.116666666666674	-2	49.116666666666674																																													-2	86	-2	78.66666666666666													-2	72.28571428571429	-2	68.95238095238095
68	eAe	Eae	0.4	32.835714285714275	0	4.133333333333334			0.4	75.13333333333334	0.4	67.65000000000002	0.4	67.65000000000002			-2	85.8666666666667	-2	73.03333333333336	-2	65.31904761904768																																																																																											-2	94			-2	88											-2	84			-2	76.66666666666666									-2	82.28571428571429	-2	80.28571428571429	-2	70.28571428571429	-2	66.95238095238095
70	OOi	Ooi			0.3333333333333333	4.466666666666667	0.3333333333333333	88.66666666666663	0.3333333333333333	75.46666666666667	0.3333333333333333	67.98333333333335	0.3333333333333333	67.98333333333335					-2	71.03333333333336	-2	63.31904761904768									-2	90	-2	86	-2	88	-2	82									-2	78	-2	72	-2	70	-2	60									-2	74.16666666666667	-2	68.36666666666667	-2	51.116666666666674	-2	49.51666666666667									-2	72.16666666666667	-2	68.36666666666667	-2	47.116666666666674	-2	47.116666666666674																																													-2	84	-2	74.66666666666666													-2	68.28571428571429	-2	64.95238095238095
73	ao	Ao	0.6666666666666666	33.50238095238094	0	4.466666666666667			-2	73.46666666666667	-2	65.98333333333335	-2	65.98333333333335							0.6666666666666666	63.985714285714344																									-2	76	-2	70	-2	68	-2	58									-2	72.16666666666667	-2	66.36666666666667	-2	49.116666666666674	-2	47.51666666666667									-2	70.16666666666667	-2	66.36666666666667	-2	45.116666666666674	-2	45.116666666666674																																																																
75	eua	Eua	0.25	33.75238095238094	0	4.466666666666667					0.25	66.23333333333335	0.25	66.23333333333335			-2	83.8666666666667	-2	69.03333333333336	-2	61.985714285714344																																													0.25	49.366666666666674	0.25	47.76666666666667													0.25	45.366666666666674	0.25	45.366666666666674																																																																
76	uoa	yoa	0.6666666666666666	34.4190476190476	0	4.466666666666667			-2	71.46666666666667	-2	64.23333333333335	-2	64.23333333333335							0.6666666666666666	62.65238095238101																									-2	74	-2	68	-2	66	-2	56									-2	70.16666666666667	-2	64.36666666666667	-2	47.366666666666674	-2	45.76666666666667									-2	68.16666666666667	-2	64.36666666666667	-2	43.366666666666674	-2	43.366666666666674																																																																
77	uua	yua	0.6666666666666666	35.08571428571427	0	4.466666666666667			-2	69.46666666666667	-2	62.23333333333335	-2	62.23333333333335							0.6666666666666666	63.31904761904767																													-2	64	-2	54													-2	45.366666666666674	-2	43.76666666666667													-2	41.366666666666674	-2	41.366666666666674																																																																
78	Ae	ae	0.4	35.485714285714266	0	4.466666666666667			0.4	69.86666666666667	0.4	62.63333333333335	0.4	62.63333333333335							-2	61.31904761904767																																																																																																																									-2	80.28571428571429	-2	78.28571428571429	-2	66.28571428571429	-2	62.95238095238095
79	AAe	Aae			0.4	4.866666666666667			0.4	70.26666666666668	0.4	63.033333333333346	0.4	63.033333333333346							-2	59.31904761904767																													-2	62	-2	52													-2	43.366666666666674	-2	41.76666666666667													-2	39.366666666666674	-2	39.366666666666674																																																									-2	78.28571428571429	-2	76.28571428571429	-2	64.28571428571429	-2	60.95238095238095
80	ua	ya	0.6666666666666666	36.15238095238093	0	4.866666666666667			-2	68.26666666666668	-2	61.033333333333346	-2	61.033333333333346							0.6666666666666666	59.98571428571434																													-2	60	-2	50													-2	41.366666666666674	-2	39.76666666666667													-2	37.366666666666674	-2	37.366666666666674																																																																
81	oou	Oou	0.5	36.65238095238093	0	4.866666666666667	-2	86.66666666666663	-2	66.26666666666668	-2	59.033333333333346	-2	59.033333333333346					0.5	69.53333333333336	0.5	60.48571428571434									-2	88	-2	84	-2	86	-2	80									-2	72	-2	66	-2	58	-2	48									-2	68.16666666666667	-2	62.366666666666674	-2	39.366666666666674	-2	37.76666666666667									-2	66.16666666666667	-2	62.366666666666674	-2	35.366666666666674	-2	35.366666666666674																																																																
83	aua	Aua	0.6666666666666666	37.319047619047595	0	4.866666666666667			-2	64.26666666666668	-2	57.033333333333346	-2	57.033333333333346							0.6666666666666666	61.152380952381																													-2	56	-2	46													-2	37.366666666666674	-2	35.76666666666667													-2	33.366666666666674	-2	33.366666666666674																																																																
84	eoi	Eoi	0.16666666666666666	37.48571428571426	0	4.866666666666667					0.16666666666666666	57.20000000000001	0.16666666666666666	57.20000000000001			-2	81.8666666666667	-2	67.53333333333336	-2	59.152380952381																																									0.16666666666666666	68.33333333333334	0.16666666666666666	62.53333333333334	0.16666666666666666	37.53333333333334	0.16666666666666666	35.93333333333334									0.16666666666666666	66.33333333333334	0.16666666666666666	62.53333333333334	0.16666666666666666	33.53333333333334	0.16666666666666666	33.53333333333334																															-2	86															-2	72.66666666666666															-2	58.95238095238095
85	Ayi	aui	0.4	37.88571428571426	0	4.866666666666667			0.4	64.66666666666669	0.4	57.60000000000001	0.4	57.60000000000001							-2	57.152380952381																																																																																																																													-2	62.28571428571429	-2	56.95238095238095
92	eoa	Eoa	0.16666666666666666	38.05238095238092	0	4.866666666666667					0.16666666666666666	57.76666666666667	0.16666666666666666	57.76666666666667			-2	79.8666666666667	-2	65.53333333333336	-2	55.152380952381																																									0.16666666666666666	68.50000000000001	0.16666666666666666	62.7	0.16666666666666666	37.7	0.16666666666666666	36.1									0.16666666666666666	66.50000000000001	0.16666666666666666	62.7	0.16666666666666666	33.7	0.16666666666666666	33.7																																																																
93	ooE	Ooe	0.4	38.45238095238092	0	4.866666666666667	-2	84.66666666666663	-2	62.666666666666686	-2	55.76666666666667	-2	55.76666666666667			0.4	80.26666666666671	0.4	65.93333333333337	0.4	55.552380952381									-2	86	-2	82	-2	84	-2	78									-2	70	-2	64	-2	54	-2	44									-2	66.50000000000001	-2	60.7	-2	35.7	-2	34.1									-2	64.50000000000001	-2	60.7	-2	31.700000000000003	-2	31.700000000000003																																									-2	90	-2	82	-2	82	-2	70.66666666666666									-2	76.28571428571429	-2	74.28571428571429	-2	60.28571428571429	-2	54.95238095238095
94	uii	yii	0.4	38.85238095238092	0	4.866666666666667			-2	60.666666666666686	-2	53.76666666666667	-2	53.76666666666667							0.4	55.952380952381																																																																																																																													0.4	60.68571428571429	0.4	55.35238095238095
95	uoi	yoi	0.5	39.35238095238092	0	4.866666666666667			-2	58.666666666666686	-2	51.76666666666667	-2	51.76666666666667							0.5	56.452380952381																									-2	68	-2	62	-2	52	-2	42									-2	64.50000000000001	-2	58.7	-2	33.7	-2	32.1									-2	62.500000000000014	-2	58.7	-2	29.700000000000003	-2	29.700000000000003																																																															0.5	55.85238095238095
97	aoi	Aoi	0.5	39.85238095238092	0	4.866666666666667			-2	56.666666666666686	-2	49.76666666666667	-2	49.76666666666667							0.5	56.952380952381																									-2	66	-2	60	-2	50	-2	40									-2	62.500000000000014	-2	56.7	-2	31.700000000000003	-2	30.1									-2	60.500000000000014	-2	56.7	-2	27.700000000000003	-2	27.700000000000003																																																															0.5	56.35238095238095
99	oua	Oua	0.5	40.35238095238092	0	4.866666666666667	-2	82.66666666666663	-2	54.666666666666686	-2	47.76666666666667	-2	47.76666666666667					0.5	66.43333333333337	0.5	57.452380952381													-2	82	-2	76													-2	48	-2	38													-2	29.700000000000003	-2	28.1													-2	25.700000000000003	-2	25.700000000000003																																																																
100	aoE	Aoe	0.4	40.75238095238092	0	4.866666666666667			-2	52.666666666666686	-2	45.76666666666667	-2	45.76666666666667			0.4	80.66666666666671	0.4	66.83333333333337	0.4	57.852380952381																									-2	64	-2	58	-2	46	-2	36									-2	60.500000000000014	-2	54.7	-2	27.700000000000003	-2	26.1									-2	58.500000000000014	-2	54.7	-2	23.700000000000003	-2	23.700000000000003																																									-2	88	-2	80	-2	80	-2	68.66666666666666									-2	74.28571428571429	-2	72.28571428571429	-2	58.68571428571429	-2	54.35238095238095
101	oei	Oei	0.16666666666666666	40.91904761904758	0	4.866666666666667	-2	80.66666666666663	-2	50.666666666666686	-2	43.76666666666667	-2	43.76666666666667					0.16666666666666666	67.00000000000004	0.16666666666666666	58.01904761904766																																																																																																									0.16666666666666666	88.16666666666667	0.16666666666666666	80.16666666666667	0.16666666666666666	80.16666666666667	0.16666666666666666	68.83333333333333									0.16666666666666666	74.45238095238096	0.16666666666666666	72.45238095238096	0.16666666666666666	58.852380952380955	0.16666666666666666	54.51904761904761
102	iAA	iaa			0.4	5.2666666666666675			0.4	51.066666666666684	0.4	44.16666666666667	0.4	44.16666666666667							-2	56.01904761904766																																																													-2	21.700000000000003	-2	21.700000000000003																																																																
104	yAi	uai	0.4	41.31904761904758	0	5.2666666666666675			0.4	51.46666666666668	0.4	44.56666666666667	0.4	44.56666666666667							-2	54.01904761904766																																																																																																																													-2	56.852380952380955	-2	52.51904761904761
105	AOi	aoi	0.3333333333333333	41.652380952380916	0	5.2666666666666675	0.3333333333333333	80.99999999999996	0.3333333333333333	51.80000000000002	0.3333333333333333	44.900000000000006	0.3333333333333333	44.900000000000006					-2	65.00000000000004	-2	52.01904761904766																																																																																																													-2	78.16666666666667	-2	66.83333333333333													-2	54.852380952380955	-2	50.51904761904761
106	Ayi	aui	0.4	42.052380952380915	0	5.2666666666666675			0.4	52.20000000000002	0.4	45.300000000000004	0.4	45.300000000000004							-2	50.01904761904766																																																																																																																													-2	52.852380952380955	-2	48.51904761904761
108	ea	Ea	0.25	42.302380952380915	0	5.2666666666666675					0.25	45.550000000000004	0.25	45.550000000000004			-2	78.66666666666671	-2	63.00000000000004	-2	48.01904761904766																																													0.25	27.950000000000003	0.25	26.35													0.25	21.950000000000003	0.25	21.950000000000003																																																																
109	oie	Oie	0.2	42.50238095238092	0	5.2666666666666675	-2	78.99999999999996	-2	50.20000000000002	-2	43.550000000000004	-2	43.550000000000004					0.2	63.200000000000045	0.2	48.219047619047664																																																																																																											0.2	80.36666666666667	0.2	78.36666666666667	0.2	67.03333333333333											0.2	72.65238095238097	0.2	53.05238095238096	0.2	48.719047619047615
110	yAe	uae	0.4	42.902380952380916	0	5.2666666666666675			0.4	50.600000000000016	0.4	43.95	0.4	43.95							-2	46.219047619047664																																																																																																																									-2	72.45238095238096	-2	70.65238095238097	-2	51.05238095238096	-2	46.719047619047615
111	uai	yai	0.5	43.402380952380916	0	5.2666666666666675			-2	48.600000000000016	-2	41.95	-2	41.95							0.5	46.719047619047664																													-2	44	-2	34													-2	25.950000000000003	-2	24.35													-2	19.950000000000003	-2	19.950000000000003																																																															0.5	47.219047619047615
112	yee	uee	0.4	43.802380952380915	0	5.2666666666666675			0.4	49.000000000000014	0.4	42.35	0.4	42.35							-2	44.719047619047664																																																																																																																									-2	70.45238095238096	-2	68.65238095238097	-2	49.05238095238096	-2	45.219047619047615
113	OAe	oae	0.3333333333333333	44.13571428571425	0	5.2666666666666675	0.3333333333333333	79.33333333333329	0.3333333333333333	49.33333333333335	0.3333333333333333	42.68333333333334	0.3333333333333333	42.68333333333334					-2	61.200000000000045	-2	42.719047619047664																																																																																																											-2	78.36666666666667			-2	65.03333333333333									-2	68.45238095238096	-2	66.65238095238097	-2	47.05238095238096	-2	43.219047619047615
114	oEu	Oeu	0.4	44.53571428571425	0	5.2666666666666675	-2	77.33333333333329	-2	47.33333333333335	-2	40.68333333333334	-2	40.68333333333334			0.4	79.06666666666672	0.4	61.600000000000044	0.4	43.11904761904766															-2	74															-2	32													-2	23.950000000000003	-2	22.35													-2	17.950000000000003	-2	17.950000000000003																																																																
115	yAe	yae			0.4	5.666666666666668			0.4	47.73333333333335	0.4	41.083333333333336	0.4	41.083333333333336							-2	41.11904761904766																													-2	42	-2	30													-2	21.950000000000003	-2	20.35													-2	15.950000000000003	-2	15.950000000000003																																																									-2	66.45238095238096	-2	64.65238095238097	-2	45.05238095238096	-2	41.219047619047615
117	uii	yii	0.4	44.93571428571425	0	5.666666666666668			-2	45.73333333333335	-2	39.083333333333336	-2	39.083333333333336							0.4	41.51904761904766																																																																																																																													0.4	45.452380952380956	0.4	41.61904761904761
118	yii	uii	0.4	45.335714285714246	0	5.666666666666668			0.4	46.13333333333335	0.4	39.483333333333334	0.4	39.483333333333334							-2	39.51904761904766																																																																																																																													-2	43.452380952380956	-2	39.61904761904761
121	yei	uei	0.4	45.735714285714245	0	5.666666666666668			0.4	46.533333333333346	0.4	39.88333333333333	0.4	39.88333333333333							-2	37.51904761904766																																																																																																																									-2	64.45238095238096	-2	62.652380952380966	-2	41.452380952380956	-2	37.61904761904761
122	euu	Euu	0.25	45.985714285714245	0	5.666666666666668					0.25	40.13333333333333	0.25	40.13333333333333			-2	77.06666666666672	-2	59.600000000000044	-2	35.51904761904766																																													0.25	22.200000000000003	0.25	20.6													0.25	16.200000000000003	0.25	16.200000000000003																																																																
128	yeu	ueu	0.3333333333333333	46.31904761904758	0	5.666666666666668			0.3333333333333333	46.86666666666668	0.3333333333333333	40.46666666666667	0.3333333333333333	40.46666666666667							-2	33.51904761904766																															0.3333333333333333	30.333333333333332																																																																																									-2	62.45238095238096	-2	60.652380952380966	-2	39.452380952380956	-2	35.61904761904761
129	yye	yue			0.4	6.066666666666668			0.4	47.26666666666668	0.4	40.86666666666667	0.4	40.86666666666667							-2	31.51904761904766																													-2	40	-2	28.333333333333332													-2	20.200000000000003	-2	18.6													-2	14.200000000000003	-2	14.200000000000003																																																									-2	60.45238095238096	-2	58.652380952380966	-2	37.452380952380956	-2	33.61904761904761
130	OOi	ooi	0.3333333333333333	46.652380952380916	0	6.066666666666668	0.3333333333333333	77.66666666666661	0.3333333333333333	47.600000000000016	0.3333333333333333	41.2	0.3333333333333333	41.2					-2	57.600000000000044	-2	29.51904761904766																																																																																																													-2	76.36666666666667	-2	63.03333333333333													-2	35.452380952380956	-2	31.619047619047613
132	eoo	Eoo	0.16666666666666666	46.81904761904758	0	6.066666666666668					0.16666666666666666	41.36666666666667	0.16666666666666666	41.36666666666667			-2	75.06666666666672	-2	55.600000000000044	-2	27.51904761904766																																									0.16666666666666666	60.66666666666668	0.16666666666666666	54.86666666666667	0.16666666666666666	20.36666666666667	0.16666666666666666	18.76666666666667									0.16666666666666666	58.66666666666668	0.16666666666666666	54.86666666666667	0.16666666666666666	14.366666666666669	0.16666666666666666	14.366666666666669																																																																
134	yye	uue	0.4	47.21904761904758	0	6.066666666666668			0.4	48.000000000000014	0.4	41.766666666666666	0.4	41.766666666666666							-2	25.51904761904766																																																																																																																									-2	58.45238095238096	-2	56.652380952380966	-2	33.452380952380956	-2	29.619047619047613
136	oEo	Oeo	0.4	47.61904761904758	0	6.066666666666668	-2	75.66666666666661	-2	46.000000000000014	-2	39.766666666666666	-2	39.766666666666666			0.4	75.46666666666673	0.4	56.00000000000004	0.4	25.91904761904766											-2	80			-2	72											-2	56			-2	26.333333333333332									-2	58.66666666666668	-2	52.86666666666667	-2	18.36666666666667	-2	16.76666666666667									-2	56.66666666666668	-2	52.86666666666667	-2	12.366666666666669	-2	12.366666666666669																																																																
141	eio	Eio	0.3333333333333333	47.95238095238091	0	6.066666666666668					0.3333333333333333	40.1	0.3333333333333333	40.1			-2	73.46666666666673	-2	54.00000000000004	-2	23.91904761904766																																											0.3333333333333333	53.2			0.3333333333333333	17.1																																													-2	92	-2	84													-2	74.36666666666667	-2	61.03333333333333													-2	31.452380952380956	-2	27.619047619047613
146	OiO	oio	0.3333333333333333	48.28571428571425	0	6.066666666666668	0.3333333333333333	75.99999999999994	0.3333333333333333	46.33333333333335	0.3333333333333333	40.43333333333334	0.3333333333333333	40.43333333333334					-2	52.00000000000004	-2	21.91904761904766																																																									-2	54.66666666666668	-2	50.86666666666667	-2	10.366666666666669	-2	10.366666666666669																																													-2	72.36666666666667	-2	59.03333333333333													-2	29.452380952380956	-2	25.619047619047613
147	oaa	Oaa	0.5	48.78571428571425	0	6.066666666666668	-2	73.99999999999994	-2	44.33333333333335	-2	38.43333333333334	-2	38.43333333333334					0.5	52.50000000000004	0.5	22.41904761904766													-2	80	-2	70													-2	38	-2	24.333333333333332													-2	16.36666666666667	-2	15.100000000000001													-2	8.366666666666669	-2	8.366666666666669																																																																
148	eii	Eii	0.5	49.28571428571425	0	6.066666666666668					0.5	38.93333333333334	0.5	38.93333333333334			-2	71.46666666666673	-2	50.50000000000004	-2	20.41904761904766																																																																																													-2	90	-2	82													-2	70.36666666666667	-2	57.03333333333333													-2	27.452380952380956	-2	23.619047619047613
152	eoo	Eoo	0.16666666666666666	49.45238095238091	0	6.066666666666668					0.16666666666666666	39.1	0.16666666666666666	39.1			-2	69.46666666666673	-2	48.50000000000004	-2	18.41904761904766																																									0.16666666666666666	58.83333333333334	0.16666666666666666	53.36666666666667	0.16666666666666666	16.53333333333334	0.16666666666666666	15.266666666666667									0.16666666666666666	54.83333333333334	0.16666666666666666	51.03333333333333	0.16666666666666666	8.533333333333335	0.16666666666666666	8.533333333333335																																																																
154	eu	Eu	0.25	49.70238095238091	0	6.066666666666668					0.25	39.35	0.25	39.35			-2	67.46666666666673	-2	46.50000000000004	-2	16.41904761904766																																													0.25	16.78333333333334	0.25	15.516666666666667													0.25	8.783333333333335	0.25	8.783333333333335																																																																
159	oai	Oai	0.3333333333333333	50.03571428571425	0	6.066666666666668	-2	71.99999999999994	-2	42.33333333333335	-2	37.35	-2	37.35					0.3333333333333333	46.83333333333338	0.3333333333333333	16.752380952380992													-2	78	-2	68													-2	36	-2	22.333333333333332													-2	14.783333333333339	-2	13.516666666666667													-2	6.783333333333335	-2	6.783333333333335																																															0.3333333333333333	57.36666666666667															0.3333333333333333	23.952380952380945
163	oEu	Oeu	0.4	50.43571428571425	0	6.066666666666668	-2	69.99999999999994	-2	40.33333333333335	-2	35.35	-2	35.35			0.4	67.86666666666673	0.4	47.23333333333338	0.4	17.15238095238099															-2	66															-2	20.333333333333332													-2	12.783333333333339	-2	11.516666666666667													-2	4.783333333333335	-2	4.783333333333335																																																																
165	Ae	ae	0.4	50.835714285714246	0	6.066666666666668			0.4	40.73333333333335	0.4	35.75	0.4	35.75							-2	15.152380952380991																																																																																																																									-2	56.45238095238096	-2	54.652380952380966	-2	25.452380952380956	-2	21.952380952380945
166	uuo	yuo	0.6666666666666666	51.50238095238091	0	6.066666666666668			-2	38.73333333333335	-2	33.75	-2	33.75							0.6666666666666666	15.819047619047657																											-2	54	-2	34	-2	18.333333333333332											-2	51.36666666666667	-2	10.783333333333339	-2	9.516666666666667											-2	49.03333333333333	-2	2.783333333333335	-2	2.783333333333335																																																																
168	Aye	aue	0.4	51.90238095238091	0	6.066666666666668			0.4	39.13333333333335	0.4	34.15	0.4	34.15							-2	13.819047619047657																																																																																																																									-2	54.45238095238096	-2	52.652380952380966	-2	23.452380952380956	-2	19.952380952380945
169	yOe	yoe			0.3333333333333333	6.400000000000001	0.3333333333333333	70.33333333333327	0.3333333333333333	39.46666666666668	0.3333333333333333	34.483333333333334	0.3333333333333333	34.483333333333334					-2	45.23333333333338	-2	11.819047619047657																									-2	62	-2	52	-2	32	-2	16.333333333333332									-2	56.83333333333334	-2	49.36666666666667	-2	8.783333333333339	-2	7.5166666666666675									-2	52.83333333333334	-2	47.03333333333333	-2	0.783333333333335	-2	0.783333333333335																																									-2	86.16666666666667	-2	76.36666666666667	-2	68.36666666666667	-2	55.36666666666667									-2	52.45238095238096	-2	50.652380952380966	-2	21.452380952380956	-2	17.952380952380945
171	eAe	eae			0.4	6.800000000000002			0.4	39.86666666666668	0.4	34.88333333333333	0.4	34.88333333333333							-2	9.819047619047657																																													-2	6.7833333333333385	-2	5.5166666666666675													-2	-1.216666666666665	-2	-1.216666666666665																																																									-2	50.45238095238096	-2	48.652380952380966	-2	19.452380952380956	-2	15.952380952380945
172	eiu	Eiu	0.4	52.30238095238091	0	6.800000000000002					0.4	35.28333333333333	0.4	35.28333333333333			-2	65.86666666666673	-2	43.23333333333338	-2	7.819047619047657																																															0.4	5.916666666666668																																													-2	88	-2	80													-2	66.36666666666667	-2	53.36666666666667													-2	17.452380952380956	-2	13.952380952380945
173	eie	Eie	0.5	52.80238095238091	0	6.800000000000002					0.5	35.78333333333333	0.5	35.78333333333333			-2	63.86666666666673	-2	41.23333333333338	-2	5.819047619047657																																																																																											-2	92	-2	86	-2	78											-2	74.36666666666667	-2	64.36666666666667	-2	51.36666666666667											-2	46.652380952380966	-2	15.452380952380956	-2	11.952380952380945
175	iOe	ioe			0.3333333333333333	7.133333333333335	0.3333333333333333	70.6666666666666	0.3333333333333333	40.20000000000002	0.3333333333333333	36.11666666666667	0.3333333333333333	36.11666666666667					-2	39.23333333333338	-2	3.819047619047657																																																									-2	50.83333333333334	-2	45.03333333333333	-2	-3.216666666666665	-2	-3.216666666666665																																									-2	84.16666666666667	-2	72.36666666666667	-2	62.366666666666674	-2	49.36666666666667									-2	48.45238095238096	-2	44.652380952380966	-2	13.452380952380956	-2	9.952380952380945
176	Oei	oei	0.3333333333333333	53.13571428571424	0	7.133333333333335	0.3333333333333333	70.99999999999993	0.3333333333333333	40.53333333333335	0.3333333333333333	36.45	0.3333333333333333	36.45					-2	37.23333333333338	-2	1.819047619047657																																																																																																									-2	82.16666666666667	-2	70.36666666666667	-2	60.366666666666674	-2	47.36666666666667									-2	46.45238095238096	-2	42.652380952380966	-2	11.452380952380956	-2	7.9523809523809454
179	iOe	ioe			0.3333333333333333	7.466666666666668	0.3333333333333333	71.33333333333326	0.3333333333333333	40.86666666666669	0.3333333333333333	36.78333333333334	0.3333333333333333	36.78333333333334					-2	35.23333333333338	-2	-0.180952380952343																																																									-2	48.83333333333334	-2	43.03333333333333	-2	-5.216666666666665	-2	-5.216666666666665																																									-2	80.16666666666667	-2	68.36666666666667	-2	58.366666666666674	-2	45.36666666666667									-2	44.45238095238096	-2	40.652380952380966	-2	9.452380952380956	-2	5.9523809523809454
183	iye	iue			0.4	7.866666666666668			0.4	41.26666666666669	0.4	37.18333333333334	0.4	37.18333333333334							-2	-2.180952380952343																																																													-2	-7.216666666666665	-2	-7.216666666666665																																																									-2	42.45238095238096	-2	38.652380952380966	-2	7.452380952380956	-2	3.9523809523809454
185	aio	Aio	0.4	53.53571428571424	0	7.866666666666668			-2	39.26666666666669	-2	35.18333333333334	-2	35.18333333333334							0.4	-1.780952380952343																											-2	50			-2	14.333333333333332											-2	47.36666666666667			-2	3.916666666666668																																																																													0.4	7.8523809523809565	0.4	4.352380952380946
188	ou	Ou	0.5	54.03571428571424	0	7.866666666666668	-2	69.33333333333326	-2	37.26666666666669	-2	33.18333333333334	-2	33.18333333333334					0.5	35.73333333333338	0.5	-1.280952380952343													-2	76	-2	64													-2	30	-2	12.333333333333332													-2	4.7833333333333385	-2	1.9166666666666679													-2	-9.216666666666665	-2	-9.216666666666665																																																																
194	eo	Eo	0.16666666666666666	54.202380952380906	0	7.866666666666668					0.16666666666666666	33.35	0.16666666666666666	33.35			-2	61.86666666666673	-2	33.73333333333338	-2	-3.280952380952343																																									0.16666666666666666	57.00000000000001	0.16666666666666666	47.53333333333333	0.16666666666666666	4.9500000000000055	0.16666666666666666	2.0833333333333344									0.16666666666666666	49.00000000000001	0.16666666666666666	43.199999999999996	0.16666666666666666	-9.049999999999999	0.16666666666666666	-9.049999999999999																																																																
199	oo	Oo	0.5	54.702380952380906	0	7.866666666666668	-2	67.33333333333326	-2	35.26666666666669	-2	31.35	-2	31.35					0.5	34.23333333333338	0.5	-2.780952380952343									-2	84	-2	78	-2	74	-2	62									-2	60	-2	48	-2	28	-2	10.333333333333332									-2	55.00000000000001	-2	45.53333333333333	-2	2.9500000000000055	-2	0.08333333333333437									-2	47.00000000000001	-2	41.199999999999996	-2	-11.049999999999999	-2	-11.049999999999999																																																																
201	uoa	yoa	0.6666666666666666	55.36904761904757	0	7.866666666666668			-2	33.26666666666669	-2	29.35	-2	29.35							0.6666666666666666	-2.1142857142856766																									-2	58	-2	46	-2	26	-2	8.333333333333332									-2	53.00000000000001	-2	43.53333333333333	-2	0.9500000000000055	-2	-1.9166666666666656									-2	45.00000000000001	-2	39.199999999999996	-2	-13.049999999999999	-2	-13.049999999999999																																																																
202	eeo	Eeo	0.5	55.86904761904757	0	7.866666666666668					0.5	29.85	0.5	29.85			-2	59.86666666666673	-2	32.23333333333338	-2	-4.114285714285677																																																																																									-2	96	-2	90	-2	84	-2	76									-2	78.16666666666667	-2	66.36666666666667	-2	56.366666666666674	-2	43.36666666666667									-2	40.45238095238096	-2	36.652380952380966	-2	5.8523809523809565	-2	2.352380952380946
205	oie	Oie	0.2	56.06904761904757	0	7.866666666666668	-2	65.33333333333326	-2	31.266666666666687	-2	27.85	-2	27.85					0.2	32.43333333333338	0.2	-3.9142857142856764																																																																																																											0.2	66.56666666666668	0.2	56.56666666666668	0.2	43.56666666666667											0.2	36.85238095238097	0.2	6.052380952380957	0.2	2.552380952380946
211	oE	Oe	0.4	56.46904761904757	0	7.866666666666668	-2	63.33333333333326	-2	29.266666666666687	-2	25.85	-2	25.85			0.4	60.26666666666673	0.4	32.83333333333338	0.4	-3.5142857142856765																																																																																																																																
213	eua	Eua	0.25	56.71904761904757	0	7.866666666666668					0.25	26.1	0.25	26.1			-2	58.26666666666673	-2	30.83333333333338	-2	-5.514285714285677																																													0.25	1.2000000000000055	0.25	-1.6666666666666656													0.25	-12.799999999999999	0.25	-12.799999999999999																																																																
218	aoa	Aoa	0.6666666666666666	57.385714285714236	0	7.866666666666668			-2	27.266666666666687	-2	24.1	-2	24.1							0.6666666666666666	-4.84761904761901																									-2	56	-2	44	-2	24	-2	6.333333333333332									-2	51.00000000000001	-2	41.53333333333333	-2	-0.7999999999999945	-2	-3.6666666666666656									-2	43.00000000000001	-2	37.199999999999996	-2	-14.799999999999999	-2	-14.799999999999999																																																																
220	oEu	oeu			0.4	8.266666666666667					-2	22.1	-2	22.1			0.4	58.66666666666673	0.4	31.233333333333377	0.4	-4.44761904761901																																													-2	-2.7999999999999945	-2	-5.666666666666666													-2	-16.799999999999997	-2	-16.799999999999997																																									-2	76.16666666666667	-2	64.56666666666668	-2	54.56666666666668	-2	41.56666666666667									-2	38.45238095238096	-2	34.85238095238097	-2	4.052380952380957	-2	0.552380952380946
223	ee	Ee	0.5	57.885714285714236	0	8.266666666666667					0.5	22.6	0.5	22.6			-2	56.66666666666673	-2	29.233333333333377	-2	-6.44761904761901																																																																																									-2	94	-2	88	-2	82	-2	74									-2	74.16666666666667	-2	62.56666666666668	-2	52.56666666666668	-2	39.56666666666667									-2	36.45238095238096	-2	32.85238095238097	-2	2.0523809523809566	-2	-1.447619047619054
235	oo	Oo	0.5	58.385714285714236	0	8.266666666666667	-2	61.33333333333326	-2	25.266666666666687	-2	20.6	-2	20.6					0.5	29.733333333333377	0.5	-5.94761904761901									-2	82	-2	76	-2	72	-2	60									-2	54	-2	42	-2	22	-2	4.333333333333332									-2	49.00000000000001	-2	39.53333333333333	-2	-4.7999999999999945	-2	-7.666666666666666									-2	41.00000000000001	-2	35.199999999999996	-2	-18.799999999999997	-2	-18.799999999999997																																																																
237	iye	iue			0.4	8.666666666666668			0.4	25.666666666666686	0.4	21.0	0.4	21.0							-2	-7.94761904761901																																																													-2	-20.799999999999997	-2	-20.799999999999997																																																									-2	34.45238095238096	-2	30.85238095238097	-2	0.052380952380956636	-2	-3.447619047619054
239	EEa	Eea			0.4	9.066666666666668					-2	19.0	-2	19.0			0.4	57.06666666666673	0.4	30.133333333333375	0.4	-7.547619047619009																																													-2	-6.7999999999999945	-2	-9.666666666666666													-2	-22.799999999999997	-2	-22.799999999999997																									-2	92	-2	86	-2	80	-2	72									-2	72.16666666666667	-2	60.56666666666668	-2	50.56666666666668	-2	37.56666666666667									-2	32.45238095238096	-2	28.85238095238097	-2	-1.9476190476190434	-2	-5.447619047619054
246	EEE	Eee			0.4	9.466666666666669					-2	17.0	-2	17.0			0.4	57.466666666666725	0.4	30.533333333333374	0.4	-7.147619047619009																																																																																									-2	90	-2	84	-2	78	-2	70									-2	70.16666666666667	-2	58.56666666666668	-2	48.56666666666668	-2	35.56666666666667									-2	30.452380952380963	-2	26.85238095238097	-2	-3.9476190476190434	-2	-7.447619047619054
247	eia	Eia	0.4	58.785714285714235	0	9.466666666666669					0.4	17.4	0.4	17.4			-2	55.466666666666725	-2	28.533333333333374	-2	-9.14761904761901																																															0.4	-9.266666666666666																																													-2	76	-2	68													-2	46.56666666666668	-2	33.56666666666667													-2	-5.947619047619043	-2	-9.447619047619053
250	oou	Oou	0.5	59.285714285714235	0	9.466666666666669	-2	59.33333333333326	-2	23.666666666666686	-2	15.399999999999999	-2	15.399999999999999					0.5	29.033333333333374	0.5	-8.64761904761901									-2	80	-2	74	-2	70	-2	58									-2	52	-2	40	-2	20	-2	2.333333333333332									-2	47.00000000000001	-2	37.53333333333333	-2	-8.799999999999994	-2	-11.266666666666666									-2	39.00000000000001	-2	33.199999999999996	-2	-24.799999999999997	-2	-24.799999999999997																																																																
255	EaE	Eae			0.4	9.866666666666669					-2	13.399999999999999	-2	13.399999999999999			0.4	55.866666666666724	0.4	29.433333333333373	0.4	-8.24761904761901																																																																																											-2	82			-2	66											-2	56.56666666666668			-2	31.56666666666667									-2	28.452380952380963	-2	24.85238095238097	-2	-7.947619047619043	-2	-11.447619047619053
259	AA	Aa			0.4	10.26666666666667			0.4	24.066666666666684	0.4	13.799999999999999	0.4	13.799999999999999							-2	-10.24761904761901																													-2	18	-2	0.33333333333333215													-2	-10.799999999999994	-2	-13.266666666666666													-2	-26.799999999999997	-2	-26.799999999999997																																																																
260	oii	Oii	0.25	59.535714285714235	0	10.26666666666667	-2	57.33333333333326	-2	22.066666666666684	-2	11.799999999999999	-2	11.799999999999999					0.25	29.683333333333373	0.25	-9.99761904761901																																																																																																													0.25	46.81666666666668	0.25	31.81666666666667													0.25	-7.697619047619043	0.25	-11.197619047619053
264	eua	Eua	0.25	59.785714285714235	0	10.26666666666667					0.25	12.049999999999999	0.25	12.049999999999999			-2	53.866666666666724	-2	27.683333333333373	-2	-11.99761904761901																																													0.25	-10.549999999999994	0.25	-13.016666666666666													0.25	-26.549999999999997	0.25	-26.549999999999997																																																																
265	eie	Eie	0.5	60.285714285714235	0	10.26666666666667					0.5	12.549999999999999	0.5	12.549999999999999			-2	51.866666666666724	-2	25.683333333333373	-2	-13.99761904761901																																																																																											-2	80	-2	74	-2	64											-2	54.56666666666668	-2	44.81666666666668	-2	29.81666666666667											-2	22.85238095238097	-2	-9.697619047619042	-2	-13.197619047619053
275	OeA	Oea			0.4	10.66666666666667			0.4	22.466666666666683	0.4	12.95	0.4	12.95							-2	-15.99761904761901															-2	56															-2	-1.6666666666666679													-2	-12.549999999999994	-2	-15.016666666666666													-2	-28.549999999999997	-2	-28.549999999999997																																																																
276	AAe	Aae			0.4	11.06666666666667			0.4	22.86666666666668	0.4	13.35	0.4	13.35							-2	-17.99761904761901																													-2	16	-2	-3.666666666666668													-2	-14.549999999999994	-2	-17.016666666666666													-2	-30.549999999999997	-2	-30.549999999999997																																																									-2	26.452380952380963	-2	20.85238095238097	-2	-11.697619047619042	-2	-15.197619047619053
280	oE	Oe	0.4	60.68571428571423	0	11.06666666666667	-2	55.33333333333326	-2	20.86666666666668	-2	11.35	-2	11.35			0.4	52.26666666666672	0.4	26.08333333333337	0.4	-17.597619047619013																																																																																																																																
281	OAy	Oau			0.4	11.46666666666667			0.4	21.26666666666668	0.4	11.75	0.4	11.75							-2	-19.597619047619013													-2	68	-2	54													-2	14	-2	-5.666666666666668													-2	-16.549999999999994	-2	-19.016666666666666													-2	-32.55	-2	-32.55																																																																
286	EE	Ee			0.4	11.86666666666667					-2	9.75	-2	9.75			0.4	52.66666666666672	0.4	26.48333333333337	0.4	-19.197619047619014																																																																																									-2	88	-2	78	-2	72	-2	62									-2	68.16666666666667	-2	52.56666666666668	-2	42.81666666666668	-2	27.81666666666667									-2	24.452380952380963	-2	18.85238095238097	-2	-13.697619047619042	-2	-17.197619047619053
290	OAO	Oao			0.3333333333333333	12.200000000000005	0.3333333333333333	55.66666666666659	0.3333333333333333	21.600000000000012	0.3333333333333333	10.083333333333334	0.3333333333333333	10.083333333333334					-2	24.48333333333337	-2	-21.197619047619014											-2	72	-2	66	-2	52											-2	38	-2	12	-2	-7.666666666666668											-2	35.53333333333333	-2	-18.549999999999994	-2	-21.016666666666666											-2	31.199999999999996	-2	-34.55	-2	-34.55																																																																
293	uoE	uoe			0.4	12.600000000000005					-2	8.083333333333334	-2	8.083333333333334			0.4	53.06666666666672	0.4	24.88333333333337	0.4	-20.797619047619015																																																																																																									-2	66.16666666666667	-2	50.56666666666668	-2	40.81666666666668	-2	25.81666666666667									-2	22.452380952380963	-2	16.85238095238097	-2	-15.697619047619042	-2	-19.197619047619053
297	OyO	Ouo			0.3333333333333333	12.933333333333339	0.3333333333333333	55.99999999999993	0.3333333333333333	21.933333333333344	0.3333333333333333	8.416666666666668	0.3333333333333333	8.416666666666668					-2	22.88333333333337	-2	-22.797619047619015											-2	70	-2	64	-2	50											-2	36	-2	10	-2	-9.666666666666668											-2	33.53333333333333	-2	-20.549999999999994	-2	-23.016666666666666											-2	29.199999999999996	-2	-36.55	-2	-36.55																																																																
298	OA	Oa			0.4	13.33333333333334			0.4	22.333333333333343	0.4	8.816666666666668	0.4	8.816666666666668							-2	-24.797619047619015													-2	62	-2	48													-2	8	-2	-11.666666666666668													-2	-22.549999999999994	-2	-25.016666666666666													-2	-38.55	-2	-38.55																																																																
300	EEu	Eeu			0.4	13.73333333333334					-2	6.816666666666668	-2	6.816666666666668			0.4	53.46666666666672	0.4	23.283333333333367	0.4	-24.397619047619017																																													-2	-24.549999999999994	-2	-27.016666666666666													-2	-40.55	-2	-40.55																									-2	86	-2	76	-2	70	-2	60									-2	64.16666666666667	-2	48.56666666666668	-2	38.81666666666668	-2	23.81666666666667									-2	20.452380952380963	-2	14.852380952380969	-2	-17.697619047619042	-2	-21.197619047619053
301	Oey	Oeu			0.4	14.13333333333334			0.4	22.73333333333334	0.4	7.216666666666669	0.4	7.216666666666669							-2	-26.397619047619017															-2	46															-2	-13.666666666666668													-2	-26.549999999999994	-2	-29.016666666666666													-2	-42.55	-2	-42.55																																																																
303	OO	Oo			0.3333333333333333	14.466666666666674	0.3333333333333333	56.333333333333265	0.3333333333333333	23.066666666666674	0.3333333333333333	7.550000000000002	0.3333333333333333	7.550000000000002					-2	21.283333333333367	-2	-28.397619047619017									-2	78	-2	68	-2	60	-2	44									-2	50	-2	34	-2	6	-2	-15.666666666666668									-2	45.00000000000001	-2	31.53333333333333	-2	-28.549999999999994	-2	-31.016666666666666									-2	37.00000000000001	-2	27.199999999999996	-2	-44.55	-2	-44.55																																																																
306	EoE	Eoe			0.4	14.866666666666674					-2	5.550000000000002	-2	5.550000000000002			0.4	53.86666666666672	0.4	21.683333333333366	0.4	-27.99761904761902																																																																																											-2	74			-2	58									-2	62.16666666666667	-2	46.56666666666668	-2	36.81666666666668	-2	21.81666666666667									-2	18.452380952380963	-2	12.852380952380969	-2	-19.697619047619042	-2	-23.197619047619053
309	ooE	ooe			0.4	15.266666666666675					-2	3.5500000000000016	-2	3.5500000000000016			0.4	54.266666666666715	0.4	22.083333333333364	0.4	-27.59761904761902																																																																																																									-2	60.16666666666667	-2	44.56666666666668	-2	34.81666666666668	-2	19.81666666666667									-2	16.452380952380963	-2	10.852380952380969	-2	-21.697619047619042	-2	-25.197619047619053
311	oE	oe			0.4	15.666666666666675					-2	1.5500000000000016	-2	1.5500000000000016			0.4	54.666666666666714	0.4	22.483333333333363	0.4	-27.19761904761902																																																																																																									-2	58.16666666666667	-2	42.56666666666668	-2	32.81666666666668	-2	17.81666666666667									-2	14.452380952380963	-2	8.852380952380969	-2	-23.697619047619042	-2	-27.197619047619053
315	eiu	Eiu	0.4	61.08571428571423	0	15.666666666666675					0.4	1.9500000000000015	0.4	1.9500000000000015			-2	52.666666666666714	-2	20.483333333333363	-2	-29.19761904761902																																															0.4	-30.616666666666667																																													-2	68	-2	56													-2	30.816666666666677	-2	15.81666666666667													-2	-25.697619047619042	-2	-29.197619047619053
321	EE	Ee			0.4	16.066666666666674					-2	-0.04999999999999849	-2	-0.04999999999999849			0.4	53.06666666666671	0.4	20.88333333333336	0.4	-28.797619047619023																																																																																									-2	84	-2	72	-2	66	-2	54									-2	56.16666666666667	-2	40.56666666666668	-2	28.816666666666677	-2	13.81666666666667									-2	12.452380952380963	-2	6.852380952380969	-2	-27.697619047619042	-2	-31.197619047619053
325	OAi	Oai			0.4	16.466666666666672			0.4	23.466666666666672	0.4	0.35000000000000153	0.4	0.35000000000000153							-2	-30.797619047619023													-2	58	-2	42													-2	4	-2	-17.666666666666668													-2	-30.549999999999994	-2	-32.61666666666667													-2	-46.55	-2	-46.55																																																													-2	-29.697619047619042	-2	-33.19761904761906
326	OAO	Oao			0.3333333333333333	16.800000000000004	0.3333333333333333	56.6666666666666	0.3333333333333333	23.800000000000004	0.3333333333333333	0.6833333333333349	0.3333333333333333	0.6833333333333349					-2	18.88333333333336	-2	-32.79761904761902											-2	66	-2	56	-2	40											-2	32	-2	2	-2	-19.666666666666668											-2	29.53333333333333	-2	-32.55	-2	-34.61666666666667											-2	25.199999999999996	-2	-48.55	-2	-48.55																																																																
328	EoE	Eoe			0.4	17.200000000000003					-2	-1.316666666666665	-2	-1.316666666666665			0.4	53.46666666666671	0.4	19.28333333333336	0.4	-32.397619047619024																																																																																											-2	70			-2	52									-2	54.16666666666667	-2	38.56666666666668	-2	26.816666666666677	-2	11.81666666666667									-2	10.452380952380963	-2	4.852380952380969	-2	-31.697619047619042	-2	-35.19761904761906
330	EoE	Eoe			0.4	17.6					-2	-3.316666666666665	-2	-3.316666666666665			0.4	53.86666666666671	0.4	19.68333333333336	0.4	-31.997619047619025																																																																																											-2	68			-2	50									-2	52.16666666666667	-2	36.56666666666668	-2	24.816666666666677	-2	9.81666666666667									-2	8.452380952380963	-2	2.852380952380969	-2	-33.69761904761904	-2	-37.19761904761906
331	OAi	Oai			0.4	18.0			0.4	24.200000000000003	0.4	-2.916666666666665	0.4	-2.916666666666665							-2	-33.997619047619025													-2	54	-2	38													-2	0	-2	-21.666666666666668													-2	-34.55	-2	-36.61666666666667													-2	-50.55	-2	-50.55																																																													-2	-35.69761904761904	-2	-39.19761904761906
335	eia	Eia	0.4	61.48571428571423	0	18.0					0.4	-2.5166666666666653	0.4	-2.5166666666666653			-2	51.86666666666671	-2	17.68333333333336	-2	-35.997619047619025																																															0.4	-36.21666666666667																																													-2	64	-2	48													-2	22.816666666666677	-2	7.81666666666667													-2	-37.69761904761904	-2	-41.19761904761906
336	EoE	Eoe			0.4	18.4					-2	-4.516666666666666	-2	-4.516666666666666			0.4	52.26666666666671	0.4	18.083333333333357	0.4	-35.59761904761903																																																																																											-2	66			-2	46									-2	50.16666666666667	-2	34.56666666666668	-2	20.816666666666677	-2	5.81666666666667									-2	6.452380952380963	-2	0.8523809523809689	-2	-39.69761904761904	-2	-43.19761904761906
337	OOO	Ooo			0.3333333333333333	18.73333333333333	0.3333333333333333	56.999999999999936	0.3333333333333333	24.533333333333335	0.3333333333333333	-4.183333333333333	0.3333333333333333	-4.183333333333333					-2	16.083333333333357	-2	-37.59761904761903									-2	76	-2	64	-2	52	-2	36									-2	48	-2	30	-2	-2	-2	-23.666666666666668									-2	43.00000000000001	-2	27.53333333333333	-2	-36.55	-2	-38.21666666666667									-2	35.00000000000001	-2	23.199999999999996	-2	-52.55	-2	-52.55																																																																
338	ooo	Ooo	0.5	61.98571428571423	0	18.73333333333333	-2	54.999999999999936	-2	22.533333333333335	-2	-6.183333333333333	-2	-6.183333333333333					0.5	16.583333333333357	0.5	-37.09761904761903									-2	74	-2	62	-2	50	-2	34									-2	46	-2	28	-2	-4	-2	-25.666666666666668									-2	41.00000000000001	-2	25.53333333333333	-2	-38.55	-2	-40.21666666666667									-2	33.00000000000001	-2	21.199999999999996	-2	-54.55	-2	-54.55																																																																
350	OOO	Ooo			0.3333333333333333	19.066666666666663	0.3333333333333333	55.33333333333327	0.3333333333333333	22.866666666666667	0.3333333333333333	-5.85	0.3333333333333333	-5.85					-2	14.583333333333357	-2	-39.09761904761903									-2	72	-2	60	-2	48	-2	32									-2	44	-2	26	-2	-6	-2	-27.666666666666668									-2	39.00000000000001	-2	23.53333333333333	-2	-40.55	-2	-42.21666666666667									-2	31.000000000000007	-2	19.199999999999996	-2	-56.55	-2	-56.55																																																																
361	OeA	Oea			0.4	19.46666666666666			0.4	23.266666666666666	0.4	-5.449999999999999	0.4	-5.449999999999999							-2	-41.09761904761903															-2	30															-2	-29.666666666666668													-2	-42.55	-2	-44.21666666666667													-2	-58.55	-2	-58.55																																																																
362	OiA	Oia			0.4	19.86666666666666			0.4	23.666666666666664	0.4	-5.049999999999999	0.4	-5.049999999999999							-2	-43.09761904761903															-2	28															-2	-31.666666666666668															-2	-46.21666666666667													-2	-60.55	-2	-60.55																																																																
364	OO	Oo			0.3333333333333333	20.199999999999992	0.3333333333333333	55.66666666666661	0.3333333333333333	23.999999999999996	0.3333333333333333	-4.716666666666666	0.3333333333333333	-4.716666666666666					-2	12.583333333333357	-2	-45.09761904761903									-2	70	-2	58	-2	46	-2	26									-2	42	-2	24	-2	-8	-2	-33.66666666666667									-2	37.00000000000001	-2	21.53333333333333	-2	-44.55	-2	-48.21666666666667									-2	29.000000000000007	-2	17.199999999999996	-2	-62.55	-2	-62.55																																																																
369	EEa	Eea			0.4	20.59999999999999					-2	-6.716666666666666	-2	-6.716666666666666			0.4	52.66666666666671	0.4	12.983333333333357	0.4	-44.69761904761903																																													-2	-46.55	-2	-50.21666666666667													-2	-64.55	-2	-64.55																									-2	82	-2	64	-2	62	-2	44									-2	48.16666666666667	-2	32.56666666666668	-2	18.816666666666677	-2	3.81666666666667									-2	4.452380952380963	-2	-1.147619047619031	-2	-41.69761904761904	-2	-45.19761904761906
384	Oye	Oue			0.4	20.99999999999999			0.4	24.399999999999995	0.4	-6.3166666666666655	0.4	-6.3166666666666655							-2	-46.69761904761903													-2	44	-2	24													-2	-10	-2	-35.66666666666667													-2	-48.55	-2	-52.21666666666667													-2	-66.55	-2	-66.55																																																									-2	2.452380952380963	-2	-3.147619047619031	-2	-43.69761904761904	-2	-47.19761904761906
386	OO	Oo			0.3333333333333333	21.33333333333332	0.3333333333333333	55.99999999999994	0.3333333333333333	24.733333333333327	0.3333333333333333	-5.9833333333333325	0.3333333333333333	-5.9833333333333325					-2	10.983333333333357	-2	-48.69761904761903									-2	68	-2	56	-2	42	-2	22									-2	40	-2	22	-2	-12	-2	-37.66666666666667									-2	35.00000000000001	-2	19.53333333333333	-2	-50.55	-2	-54.21666666666667									-2	27.000000000000007	-2	15.199999999999996	-2	-68.55	-2	-68.55																																																																
389	EEE	Eee			0.4	21.73333333333332					-2	-7.9833333333333325	-2	-7.9833333333333325			0.4	53.066666666666706	0.4	11.383333333333358	0.4	-48.29761904761903																																																																																									-2	80	-2	62	-2	60	-2	42									-2	46.16666666666667	-2	30.566666666666677	-2	16.816666666666677	-2	1.81666666666667									-2	0.4523809523809632	-2	-5.147619047619031	-2	-45.69761904761904	-2	-49.19761904761906
394	eie	Eie	0.5	62.48571428571423	0	21.73333333333332					0.5	-7.4833333333333325	0.5	-7.4833333333333325			-2	51.066666666666706	-2	9.383333333333358	-2	-50.29761904761903																																																																																											-2	60	-2	58	-2	40											-2	28.566666666666677	-2	14.816666666666677	-2	-0.18333333333333002											-2	-7.147619047619031	-2	-47.69761904761904	-2	-51.19761904761906
396	EEo	Eeo			0.4	22.13333333333332					-2	-9.483333333333333	-2	-9.483333333333333			0.4	51.466666666666704	0.4	9.783333333333358	0.4	-49.89761904761903																																									-2	33.00000000000001	-2	17.53333333333333	-2	-52.55	-2	-56.21666666666667									-2	25.000000000000007	-2	13.199999999999996	-2	-70.55	-2	-70.55																									-2	78	-2	58	-2	56	-2	38									-2	44.16666666666667	-2	26.566666666666677	-2	12.816666666666677	-2	-2.18333333333333									-2	-1.5476190476190368	-2	-9.147619047619031	-2	-49.69761904761904	-2	-53.19761904761906
400	OAi	Oai			0.4	22.533333333333317			0.4	25.133333333333326	0.4	-9.083333333333332	0.4	-9.083333333333332							-2	-51.89761904761903													-2	40	-2	20													-2	-14	-2	-39.66666666666667													-2	-54.55	-2	-58.21666666666667													-2	-72.55	-2	-72.55																																																													-2	-51.69761904761904	-2	-55.19761904761906
407	EEo	Eeo			0.4	22.933333333333316					-2	-11.083333333333332	-2	-11.083333333333332			0.4	51.8666666666667	0.4	10.183333333333358	0.4	-51.49761904761903																																									-2	31.000000000000007	-2	15.533333333333331	-2	-56.55	-2	-60.21666666666667									-2	23.000000000000007	-2	11.199999999999996	-2	-74.55	-2	-74.55																									-2	76	-2	56	-2	54	-2	36									-2	42.16666666666667	-2	24.566666666666677	-2	10.816666666666677	-2	-4.18333333333333									-2	-3.547619047619037	-2	-11.147619047619031	-2	-53.69761904761904	-2	-57.19761904761906
415	OAa	Oaa			0.4	23.333333333333314			0.4	25.533333333333324	0.4	-10.683333333333332	0.4	-10.683333333333332							-2	-53.49761904761903													-2	38	-2	18															-2	-41.66666666666667															-2	-62.21666666666667															-2	-76.55																																																																
425	EoE	Eoe			0.4	23.733333333333313					-2	-12.683333333333332	-2	-12.683333333333332			0.4	52.2666666666667	0.4	10.583333333333359	0.4	-53.097619047619034																																																																																											-2	54			-2	34									-2	40.16666666666667	-2	22.566666666666677	-2	8.816666666666677	-2	-6.18333333333333									-2	-5.547619047619037	-2	-13.147619047619031	-2	-55.69761904761904	-2	-59.19761904761906
433	Oy	Ou			0.4	24.13333333333331			0.4	25.933333333333323	0.4	-12.283333333333331	0.4	-12.283333333333331							-2	-55.097619047619034													-2	36	-2	16													-2	-16	-2	-43.66666666666667													-2	-58.55	-2	-64.21666666666667													-2	-76.55	-2	-78.55																																																																
452	Oya	Oua			0.4	24.53333333333331			0.4	26.33333333333332	0.4	-11.883333333333331	0.4	-11.883333333333331							-2	-57.097619047619034													-2	34	-2	14															-2	-45.66666666666667															-2	-66.21666666666667															-2	-80.55																																																																
468	Oye	Oue			0.4	24.93333333333331			0.4	26.73333333333332	0.4	-11.48333333333333	0.4	-11.48333333333333							-2	-59.097619047619034													-2	32	-2	12													-2	-18	-2	-47.66666666666667													-2	-60.55	-2	-68.21666666666667													-2	-78.55	-2	-82.55																																																									-2	-7.547619047619037	-2	-15.147619047619031	-2	-57.69761904761904	-2	-61.19761904761906
471	OAu	Oau			0.4	25.333333333333307			0.4	27.13333333333332	0.4	-11.08333333333333	0.4	-11.08333333333333							-2	-61.097619047619034													-2	30	-2	10															-2	-49.66666666666667															-2	-70.21666666666667															-2	-84.55																																																																
473	EEi	Eei			0.25	25.583333333333307					-2	-13.08333333333333	-2	-13.08333333333333			0.25	52.5166666666667	0.25	10.833333333333359	0.25	-60.847619047619034																																																																																									-2	74	-2	52			0.25	34.25									-2	38.16666666666667	-2	20.566666666666677			0.25	-5.93333333333333									-2	-9.547619047619037	-2	-17.14761904761903			0.25	-60.94761904761906
480	OyO	Ouo			0.3333333333333333	25.91666666666664	0.3333333333333333	56.33333333333328	0.3333333333333333	27.46666666666665	0.3333333333333333	-12.749999999999996	0.3333333333333333	-12.749999999999996					-2	8.833333333333359	-2	-62.847619047619034											-2	54	-2	28	-2	8											-2	20	-2	-20	-2	-51.66666666666667											-2	13.533333333333331	-2	-62.55	-2	-72.21666666666667											-2	9.199999999999996	-2	-80.55	-2	-86.55																																																																
481	OAe	Oae			0.4	26.316666666666638			0.4	27.86666666666665	0.4	-12.349999999999996	0.4	-12.349999999999996							-2	-64.84761904761903													-2	26	-2	6													-2	-22	-2	-53.66666666666667													-2	-64.55	-2	-74.21666666666667													-2	-82.55	-2	-88.55																																																									-2	-11.547619047619037	-2	-19.14761904761903	-2	-59.69761904761904	-2	-62.94761904761906
483	OOa	Ooa			0.3333333333333333	26.64999999999997	0.3333333333333333	56.666666666666615	0.3333333333333333	28.19999999999998	0.3333333333333333	-12.016666666666662	0.3333333333333333	-12.016666666666662					-2	6.833333333333359	-2	-66.84761904761903									-2	66	-2	52			-2	4									-2	38	-2	18			-2	-55.66666666666667									-2	29.000000000000007	-2	11.533333333333331			-2	-76.21666666666667									-2	21.000000000000007	-2	7.199999999999996			-2	-90.55																																																																
529	OOa	Ooa			0.3333333333333333	26.983333333333302	0.3333333333333333	56.99999999999995	0.3333333333333333	28.533333333333314	0.3333333333333333	-11.683333333333328	0.3333333333333333	-11.683333333333328					-2	4.833333333333359	-2	-68.84761904761903									-2	64	-2	50			-2	2									-2	36	-2	16			-2	-57.66666666666667									-2	27.000000000000007	-2	9.533333333333331			-2	-78.21666666666667									-2	19.000000000000007	-2	5.199999999999996			-2	-92.55																																																																
585	EaE	Eae			0.4	27.3833333333333					-2	-13.683333333333328	-2	-13.683333333333328			0.4	52.9166666666667	0.4	5.233333333333359	0.4	-68.44761904761903																																																																																											-2	50			-2	32.25											-2	18.566666666666677			-2	-7.93333333333333									-2	-13.547619047619037	-2	-21.14761904761903	-2	-61.69761904761904	-2	-64.94761904761906
591	OO	Oo			0.3333333333333333	27.716666666666633	0.3333333333333333	57.333333333333286	0.3333333333333333	28.866666666666646	0.3333333333333333	-13.349999999999994	0.3333333333333333	-13.349999999999994					-2	3.233333333333359	-2	-70.44761904761903									-2	62	-2	48	-2	24	-2	0									-2	34	-2	14	-2	-24	-2	-59.66666666666667									-2	25.000000000000007	-2	7.533333333333331	-2	-66.55	-2	-80.21666666666667									-2	17.000000000000007	-2	3.1999999999999957	-2	-84.55	-2	-94.55																																																																
600	OOi	Ooi			0.3333333333333333	28.049999999999965	0.3333333333333333	57.66666666666662	0.3333333333333333	29.199999999999978	0.3333333333333333	-13.01666666666666	0.3333333333333333	-13.01666666666666					-2	1.2333333333333591	-2	-72.44761904761903									-2	60	-2	46	-2	22	-2	-2									-2	32	-2	12	-2	-26	-2	-61.66666666666667									-2	23.000000000000007	-2	5.533333333333331	-2	-68.55	-2	-82.21666666666667									-2	15.000000000000007	-2	1.1999999999999957	-2	-86.55	-2	-96.55																																													-2	6.816666666666677	-2	-9.93333333333333													-2	-63.69761904761904	-2	-66.94761904761906
637	OOi	Ooi			0.3333333333333333	28.383333333333297	0.3333333333333333	57.99999999999996	0.3333333333333333	29.53333333333331	0.3333333333333333	-12.683333333333326	0.3333333333333333	-12.683333333333326					-2	-0.7666666666666409	-2	-74.44761904761903									-2	58	-2	44	-2	20	-2	-4									-2	30	-2	10	-2	-28	-2	-63.66666666666667									-2	21.000000000000007	-2	3.5333333333333314	-2	-70.55	-2	-84.21666666666667									-2	13.000000000000007	-2	-0.8000000000000043	-2	-88.55	-2	-98.55																																													-2	4.816666666666677	-2	-11.93333333333333													-2	-65.69761904761904	-2	-68.94761904761906
643	EEo	Eeo			0.4	28.783333333333296					-2	-14.683333333333326	-2	-14.683333333333326			0.4	53.3166666666667	0.4	-0.36666666666664083	0.4	-74.04761904761902																																									-2	19.000000000000007	-2	1.5333333333333314	-2	-72.55	-2	-86.21666666666667									-2	11.000000000000007	-2	-2.8000000000000043	-2	-90.55	-2	-100.55																									-2	72	-2	48	-2	52	-2	30.25									-2	36.16666666666667	-2	16.566666666666677	-2	2.816666666666677	-2	-13.93333333333333									-2	-15.547619047619037	-2	-23.14761904761903	-2	-67.69761904761904	-2	-70.94761904761906
656	OOu	Oou			0.3333333333333333	29.116666666666628	0.3333333333333333	58.33333333333329	0.3333333333333333	29.866666666666642	0.3333333333333333	-14.349999999999993	0.3333333333333333	-14.349999999999993					-2	-2.366666666666641	-2	-76.04761904761902									-2	56	-2	42			-2	-6									-2	28	-2	8			-2	-65.66666666666667									-2	17.000000000000007	-2	-0.46666666666666856			-2	-88.21666666666667									-2	9.000000000000007	-2	-4.800000000000004			-2	-102.55																																																																
663	oo	Oo	0.5	62.98571428571423	0	29.116666666666628	-2	56.33333333333329	-2	27.866666666666642	-2	-16.349999999999994	-2	-16.349999999999994					0.5	-1.866666666666641	0.5	-75.54761904761902									-2	54	-2	40	-2	18	-2	-8									-2	26	-2	6	-2	-30	-2	-67.66666666666667									-2	15.000000000000007	-2	-2.4666666666666686	-2	-74.55	-2	-90.21666666666667									-2	7.000000000000007	-2	-6.800000000000004	-2	-92.55	-2	-104.55																																																																
711	EEi	Eei			0.25	29.366666666666628					-2	-18.349999999999994	-2	-18.349999999999994			0.25	53.5666666666667	0.25	-1.616666666666641	0.25	-75.29761904761902																																																																																									-2	70	-2	46			0.25	30.5									-2	34.16666666666667	-2	14.566666666666677			0.25	-13.68333333333333									-2	-17.547619047619037	-2	-25.14761904761903			0.25	-70.69761904761906
741	EEE	Eee			0.4	29.766666666666627					-2	-20.349999999999994	-2	-20.349999999999994			0.4	53.9666666666667	0.4	-1.216666666666641	0.4	-74.89761904761902																																																																																									-2	68	-2	44	-2	50	-2	28.5									-2	32.16666666666667	-2	12.566666666666677	-2	0.8166666666666771	-2	-15.68333333333333									-2	-19.547619047619037	-2	-27.14761904761903	-2	-69.69761904761904	-2	-72.69761904761906
781	EEu	Eeu			0.4	30.166666666666625					-2	-22.349999999999994	-2	-22.349999999999994			0.4	54.366666666666696	0.4	-0.816666666666641	0.4	-74.49761904761901																																													-2	-76.55	-2	-92.21666666666667													-2	-94.55	-2	-106.55																									-2	66	-2	42	-2	48	-2	26.5									-2	30.16666666666667	-2	10.566666666666677	-2	-1.183333333333323	-2	-17.68333333333333									-2	-21.547619047619037	-2	-29.14761904761903	-2	-71.69761904761904	-2	-74.69761904761906
782	EEi	Eei			0.25	30.416666666666625					-2	-24.349999999999994	-2	-24.349999999999994			0.25	54.616666666666696	0.25	-0.566666666666641	0.25	-74.24761904761901																																																																																									-2	64	-2	40			0.25	26.75									-2	28.16666666666667	-2	8.566666666666677			0.25	-17.43333333333333									-2	-23.547619047619037	-2	-31.14761904761903			0.25	-74.44761904761906
839	EEa	Eea			0.4	30.816666666666624					-2	-26.349999999999994	-2	-26.349999999999994			0.4	55.016666666666694	0.4	-0.16666666666664098	0.4	-73.847619047619																																													-2	-78.55	-2	-94.21666666666667													-2	-96.55	-2	-108.55																									-2	62	-2	38	-2	46	-2	24.75									-2	26.16666666666667	-2	6.566666666666677	-2	-3.183333333333323	-2	-19.43333333333333									-2	-25.547619047619037	-2	-33.14761904761903	-2	-73.69761904761904	-2	-76.44761904761906
845	EEi	Eei			0.25	31.066666666666624					-2	-28.349999999999994	-2	-28.349999999999994			0.25	55.266666666666694	0.25	0.08333333333335902	0.25	-73.597619047619																																																																																									-2	60	-2	36			0.25	25.0									-2	24.16666666666667	-2	4.566666666666677			0.25	-19.18333333333333									-2	-27.547619047619037	-2	-35.14761904761903			0.25	-76.19761904761906
899	EE	Ee			0.4	31.466666666666622					-2	-30.349999999999994	-2	-30.349999999999994			0.4	55.66666666666669	0.4	0.48333333333335904	0.4	-73.197619047619																																																																																									-2	58	-2	34	-2	44	-2	23.0									-2	22.16666666666667	-2	2.566666666666677	-2	-5.183333333333323	-2	-21.18333333333333									-2	-29.547619047619037	-2	-37.14761904761903	-2	-75.69761904761904	-2	-78.19761904761906
904	EEo	Eeo			0.4	31.86666666666662					-2	-32.349999999999994	-2	-32.349999999999994			0.4	56.06666666666669	0.4	0.8833333333333591	0.4	-72.797619047619																																									-2	13.000000000000007	-2	-4.466666666666669	-2	-80.55	-2	-96.21666666666667									-2	5.000000000000007	-2	-8.800000000000004	-2	-98.55	-2	-110.55																									-2	56	-2	32	-2	42	-2	21.0									-2	20.16666666666667	-2	0.5666666666666771	-2	-7.183333333333323	-2	-23.18333333333333									-2	-31.547619047619037	-2	-39.14761904761903	-2	-77.69761904761904	-2	-80.19761904761906
905	EE	Ee			0.4	32.26666666666662					-2	-34.349999999999994	-2	-34.349999999999994			0.4	56.46666666666669	0.4	1.283333333333359	0.4	-72.39761904761899																																																																																									-2	54	-2	30	-2	40	-2	19.0									-2	18.16666666666667	-2	-1.433333333333323	-2	-9.183333333333323	-2	-25.18333333333333									-2	-33.54761904761904	-2	-41.14761904761903	-2	-79.69761904761904	-2	-82.19761904761906
963	ooi	Ooi	0.3333333333333333	63.319047619047566	0	32.26666666666662	-2	54.33333333333329	-2	25.866666666666642	-2	-36.349999999999994	-2	-36.349999999999994					0.3333333333333333	1.6166666666666922	0.3333333333333333	-72.06428571428566									-2	52	-2	38	-2	16	-2	-10									-2	24	-2	4	-2	-32	-2	-69.66666666666667									-2	11.000000000000007	-2	-6.466666666666669	-2	-82.55	-2	-98.21666666666667									-2	3.000000000000007	-2	-10.800000000000004	-2	-100.55	-2	-112.55																																															0.3333333333333333	-24.849999999999998															0.3333333333333333	-81.86428571428573
1052	EEu	Eeu			0.4	32.66666666666662					-2	-38.349999999999994	-2	-38.349999999999994			0.4	56.86666666666669	0.4	2.0166666666666924	0.4	-71.66428571428565																																													-2	-84.55	-2	-100.21666666666667													-2	-102.55	-2	-114.55																									-2	52	-2	28	-2	38	-2	17.0									-2	16.16666666666667	-2	-3.433333333333323	-2	-11.183333333333323	-2	-26.849999999999998									-2	-35.54761904761904	-2	-43.14761904761903	-2	-81.69761904761904	-2	-83.86428571428573
1074	OOi	Ooi			0.3333333333333333	32.99999999999996	0.3333333333333333	54.66666666666663	0.3333333333333333	26.199999999999974	0.3333333333333333	-38.01666666666666	0.3333333333333333	-38.01666666666666					-2	0.016666666666692365	-2	-73.66428571428565									-2	50	-2	36	-2	14	-2	-12									-2	22	-2	2	-2	-34	-2	-71.66666666666667									-2	9.000000000000007	-2	-8.466666666666669	-2	-86.55	-2	-102.21666666666667									-2	1.000000000000007	-2	-12.800000000000004	-2	-104.55	-2	-116.55																																													-2	-13.183333333333323	-2	-28.849999999999998													-2	-83.69761904761904	-2	-85.86428571428573
1165	eoi	Eoi	0.16666666666666666	63.48571428571423	0	32.99999999999996					0.16666666666666666	-37.849999999999994	0.16666666666666666	-37.849999999999994			-2	54.86666666666669	-2	-1.9833333333333076	-2	-75.66428571428565																																									0.16666666666666666	9.166666666666673	0.16666666666666666	-8.300000000000002	0.16666666666666666	-86.38333333333333	0.16666666666666666	-102.05									0.16666666666666666	1.1666666666666738	0.16666666666666666	-12.633333333333338	0.16666666666666666	-104.38333333333333	0.16666666666666666	-116.38333333333333																															-2	15.0															-2	-30.849999999999998															-2	-87.86428571428573
1449	oao	Oao	0.5	63.98571428571423	0	32.99999999999996	-2	52.66666666666663	-2	24.199999999999974	-2	-39.849999999999994	-2	-39.849999999999994					0.5	-1.4833333333333076	0.5	-75.16428571428565											-2	34	-2	12	-2	-14											-2	0	-2	-36	-2	-73.66666666666667											-2	-10.300000000000002	-2	-88.38333333333333	-2	-104.05											-2	-14.633333333333338	-2	-106.38333333333333	-2	-118.38333333333333																																																																
1778	OOO	Ooo			0.3333333333333333	33.33333333333329	0.3333333333333333	52.999999999999964	0.3333333333333333	24.533333333333307	0.3333333333333333	-39.51666666666666	0.3333333333333333	-39.51666666666666					-2	-3.4833333333333076	-2	-77.16428571428565									-2	48	-2	32	-2	10	-2	-16									-2	20	-2	-2	-2	-38	-2	-75.66666666666667									-2	7.166666666666673	-2	-12.300000000000002	-2	-90.38333333333333	-2	-106.05									-2	-0.8333333333333262	-2	-16.63333333333334	-2	-108.38333333333333	-2	-120.38333333333333																																																																
1817	EEi	Eei			0.25	33.58333333333329					-2	-41.51666666666666	-2	-41.51666666666666			0.25	55.11666666666669	0.25	-3.2333333333333076	0.25	-76.91428571428565																																																																																									-2	50	-2	26			0.25	15.25									-2	14.166666666666671	-2	-5.433333333333323			0.25	-30.599999999999998									-2	-37.54761904761904	-2	-45.14761904761903			0.25	-87.61428571428573
2225	OOO	Ooo			0.3333333333333333	33.91666666666663	0.3333333333333333	53.3333333333333	0.3333333333333333	24.86666666666664	0.3333333333333333	-41.18333333333332	0.3333333333333333	-41.18333333333332					-2	-5.233333333333308	-2	-78.91428571428565									-2	46	-2	30	-2	8	-2	-18									-2	18	-2	-4	-2	-40	-2	-77.66666666666667									-2	5.166666666666673	-2	-14.300000000000002	-2	-92.38333333333333	-2	-108.05									-2	-2.833333333333326	-2	-18.63333333333334	-2	-110.38333333333333	-2	-122.38333333333333																																																																
2568	EEi	Eei			0.25	34.16666666666663					-2	-43.18333333333332	-2	-43.18333333333332			0.25	55.36666666666669	0.25	-4.983333333333308	0.25	-78.66428571428565																																																																																									-2	48	-2	24			0.25	15.5									-2	12.166666666666671	-2	-7.433333333333323			0.25	-30.349999999999998									-2	-39.54761904761904	-2	-47.14761904761903			0.25	-87.36428571428573
4320	OOO	Ooo			0.3333333333333333	34.499999999999964	0.3333333333333333	53.666666666666636	0.3333333333333333	25.19999999999997	0.3333333333333333	-42.84999999999999	0.3333333333333333	-42.84999999999999					-2	-6.983333333333308	-2	-80.66428571428565									-2	44	-2	28	-2	6	-2	-20									-2	16	-2	-6	-2	-42	-2	-79.66666666666667									-2	3.166666666666673	-2	-16.300000000000004	-2	-94.38333333333333	-2	-110.05									-2	-4.833333333333326	-2	-20.63333333333334	-2	-112.38333333333333	-2	-124.38333333333333																																																																
6358	oiu	Oiu	0.025	64.01071428571423	0	34.499999999999964	-0.2	53.46666666666663	-0.2	24.99999999999997	-0.2	-43.04999999999999	-0.2	-43.04999999999999					0.025	-6.958333333333307	0.025	-80.63928571428565															-0.2	-20.2															-0.2	-79.86666666666667															-0.2	-110.25																																																													0.025	-13.158333333333323	0.025	-30.325													0.025	-83.67261904761904	0.025	-87.33928571428572
7339	eai	Eai	0.025	64.03571428571423	0	34.499999999999964					0.025	-43.02499999999999	0.025	-43.02499999999999			-0.2	55.166666666666686	-0.2	-7.1583333333333075	-0.2	-80.83928571428565																																													0.025	-94.35833333333332	0.025	-110.225													0.025	-112.35833333333332	0.025	-124.35833333333332																															-0.2	15.3															-0.2	-30.525															-0.2	-87.53928571428573
9222	eao	Eao	0.020000000000000004	64.05571428571423	0	34.499999999999964					0.020000000000000004	-43.00499999999999	0.020000000000000004	-43.00499999999999			-0.2	54.96666666666668	-0.2	-7.358333333333308	-0.2	-81.03928571428565																																											0.020000000000000004	-16.280000000000005	0.020000000000000004	-94.33833333333332	0.020000000000000004	-110.205											0.020000000000000004	-20.61333333333334	0.020000000000000004	-112.33833333333332	0.020000000000000004	-124.33833333333332																																																																
12714	eeu	Eeu	0.005	64.06071428571423	0	34.499999999999964					0.005	-42.999999999999986	0.005	-42.999999999999986			-0.02	54.94666666666668	-0.02	-7.378333333333307	-0.02	-81.05928571428565																																																																																									-0.02	47.98	-0.02	23.98	-0.02	37.98	-0.02	15.280000000000001									-0.02	12.146666666666672	-0.02	-7.4533333333333225	-0.02	-13.178333333333322	-0.02	-30.544999999999998									-0.02	-39.56761904761904	-0.02	-47.167619047619034	-0.02	-83.69261904761903	-0.02	-87.55928571428572
TOTAL				64.06071428571423		34.499999999999964		53.46666666666663		24.99999999999997		-42.999999999999986		-42.999999999999986		100.66666666666666		54.94666666666668		-7.378333333333307		-81.05928571428565		100		100		100		100		44		28		6		-20.2		100		100		100		100		16		-6		-42		-79.86666666666667		100		100		100		100		3.166666666666673		-16.280000000000005		-94.33833333333332		-110.205		100		100		100		100		-4.833333333333326		-20.61333333333334		-112.33833333333332		-124.33833333333332		100		100		100		100		100		100		100		100		100		100		100		100		47.98		23.98		37.98		15.280000000000001		100		100		100		100		12.146666666666672		-7.4533333333333225		-13.178333333333322		-30.544999999999998		100		100		100		100		-39.56761904761904		-47.167619047619034		-83.69261904761903		-87.55928571428572
