trialnum	Generated	Heard	Id(Bk)Syl1	now	Id(Bk)	now	*F1	now	*F3	now	*F4	now	*F5	now	*B1	now	*B2	now	*B3	now	*B5	now	*F1_B1	now	*F1..._B1	now	*F1_B2	now	*F1..._B2	now	*F1_B3	now	*F1..._B3	now	*F1_B5	now	*F1..._B5	now	*F3_B1	now	*F3..._B1	now	*F3_B2	now	*F3..._B2	now	*F3_B3	now	*F3..._B3	now	*F3_B5	now	*F3..._B5	now	*F4_B1	now	*F4..._B1	now	*F4_B2	now	*F4..._B2	now	*F4_B3	now	*F4..._B3	now	*F4_B5	now	*F4..._B5	now	*F5_B1	now	*F5..._B1	now	*F5_B2	now	*F5..._B2	now	*F5_B3	now	*F5..._B3	now	*F5_B5	now	*F5..._B5	now	*_B1F1	now	*_B1...F1	now	*_B1F3	now	*_B1...F3	now	*_B1F4	now	*_B1...F4	now	*_B1F5	now	*_B1...F5	now	*_B2F1	now	*_B2...F1	now	*_B2F3	now	*_B2...F3	now	*_B2F4	now	*_B2...F4	now	*_B2F5	now	*_B2...F5	now	*_B3F1	now	*_B3...F1	now	*_B3F3	now	*_B3...F3	now	*_B3F4	now	*_B3...F4	now	*_B3F5	now	*_B3...F5	now	*_B5F1	now	*_B5...F1	now	*_B5F3	now	*_B5...F3	now	*_B5F4	now	*_B5...F4	now	*_B5F5	now	*_B5...F5	now
				0		0		300		300		300		300		300		300		300		300		300		300		300		300		300		300		300		300		300		300		300		300		300		300		300		300		300		300		300		300		300		300		300		300		300		300		300		300		300		300		300		300		300		300		300		300		300		300		300		300		300		300		300		300		300		300		300		300		300		300		300		300		300		300		300		300		300		300		300		300		300		300		300		300
5	oee	Oee	2	2	2	2	-2	298	-2	298	-2	298	-2	298					2	302	2	302																																																																																																									2	302	2	302	2	302	2	302									2	302	2	302	2	302	2	302
6	ey	eu			2	4			2	300	2	300	2	300							-2	300																																													-2	298	-2	298													-2	298	-2	298																																																																
8	OAu	oau	2	4	2	6	2	300	2	302	2	302	2	302					-2	300	-2	298															2	302													2	302	2	302													2	300	2	300													2	300	2	300																																																																
10	ey	eu			2	8			2	304	2	304	2	304							-2	296																																													-2	298	-2	298													-2	298	-2	298																																																																
11	oI	oi			2	10							-2	302	2	302	2	302	2	302	2	298																																																																																																													-2	300	-2	300													-2	300	-2	300
12	Ioo	iOO	2	6	2	12	-2	298	-2	302	-2	302	-2	300	2	304	2	304	2	304	2	300																																																																																																																																
13	eua	eyA			2	14			-2	300	-2	300	-2	298							2	302																																													2	300	2	300													2	300	2	300																																																																
15	Oiy	oiu	2	8	2	16	2	300	2	302	2	302	2	300					-2	302	-2	300																																																													-2	298	-2	298																																													-2	298	-2	298													-2	298	-2	298
17	aai	AAi	2	10	2	18			-2	300	-2	300	-2	298							2	302																																																																																																																													2	300	2	300
18	eiA	eia			2	20			2	302	2	302	2	300							-2	300																																															-2	298													-2	296	-2	296																																																																
19	iui	iyi			2	22			-2	300	-2	300	-2	298							2	302																																																													2	298	2	298																																																													2	302	2	302
20	AiO	aio	2	12	2	24	2	302	2	302	2	302	2	300					-2	300	-2	300																																																									-2	298	-2	298	-2	296	-2	296																																																													-2	300	-2	300
21	uua	yyA	2	14	2	26			-2	300	-2	300	-2	298							2	302																																																																																																																																
22	iEa	ieA			2	28			-2	298	-2	298	-2	296			2	306	2	302	2	304																																																					2	302	2	302	2	300	2	300	2	298	2	298																																																																
24	AiO	aio	2	16	2	30	2	304	2	300	2	300	2	298					-2	300	-2	302																																																									-2	298	-2	298	-2	296	-2	296																																																													-2	298	-2	298
27	oie	Oie	2	18	2	32	-2	302	-2	298	-2	298	-2	296					2	302	2	304																																																																																																											2	304	2	300	2	300											2	304	2	300	2	300
29	AAe	aae	2	20	2	34			2	300	2	300	2	298							-2	302																																																																																																																									-2	300	-2	302	-2	298	-2	298
31	iOO	ioo			2	36	2	304	2	302	2	302	2	300					-2	300	-2	300																																																									-2	296	-2	296	-2	294	-2	294																																																																
32	aaa	AAA	2	22	2	38			-2	300	-2	300	-2	298							2	302																																																																																																																																
34	aae	AAe	2	24	2	40			-2	298	-2	298	-2	296							2	304																																																																																																																									2	302	2	304	2	300	2	300
35	Ayi	aui	2	26	2	42			2	300	2	300	2	298							-2	302																																																																																																																													-2	298	-2	298
36	Aoi	AOi			2	44	-2	302	-2	298	-2	298	-2	296					2	302	2	304																									2	302	2	302	2	304	2	304									2	302	2	302	2	302	2	300									2	298	2	298	2	296	2	296																																													2	302	2	302													2	300	2	300
37	eeA	eea			2	46			2	300	2	300	2	298							-2	302																																													-2	300	-2	298													-2	294	-2	294																																																																
38	oaa	OAA	2	28	2	48	-2	300	-2	298	-2	298	-2	296					2	304	2	304																																																																																																																																
39	yye	uue	2	30	2	50			2	300	2	300	2	298							-2	302																																																																																																																									-2	300	-2	302	-2	298	-2	298
42	oaa	OAA	2	32	2	52	-2	298	-2	298	-2	298	-2	296					2	306	2	304																																																																																																																																
45	yAO	uao	2	34	2	54	2	300	2	300	2	300	2	298					-2	304	-2	302																																																																																																																																
46	eiy	eiu			2	56			2	302	2	302	2	300							-2	300																																															-2	296													-2	292	-2	292																																																																
48	Eu	eu	2	36	2	58					-2	300	-2	298			2	308	2	306	2	302																																													-2	298	-2	294													-2	290	-2	290																																																																
52	ea	eA			2	60			-2	300	-2	298	-2	296							2	304																																													2	300	2	296													2	292	2	292																																																																
53	eOy	eou			2	62	2	302	2	302	2	300	2	298					-2	304	-2	302																																									-2	300	-2	300	-2	298	-2	294									-2	296	-2	296	-2	290	-2	290																																																																
56	OA	oa	2	38	2	64	2	304	2	304	2	302	2	300					-2	302	-2	300																																																																																																																																
58	uii	yii	2	40	2	66			-2	302	-2	300	-2	298							2	302																																																																																																																													2	300	2	300
59	eae	eAe			2	68			-2	300	-2	298	-2	296							2	304																																													2	300	2	296													2	292	2	292																																																									2	302	2	304	2	302	2	302
61	yeo	ueo	2	42	2	70			2	302	2	300	2	298							-2	302																											2	304			2	306																																																																																									-2	300	-2	302	-2	300	-2	300
65	Oye	oue	2	44	2	72	2	306	2	304	2	302	2	300					-2	300	-2	300																																																																																																											-2	302			-2	300									-2	298	-2	300	-2	298	-2	298
66	ui	yi	2	46	2	74			-2	302	-2	300	-2	298							2	302																																																																																																																													2	300	2	300
67	OOe	ooe	2	48	2	76	2	308	2	304	2	302	2	300					-2	298	-2	300																																																																																																									-2	300	-2	300	-2	300	-2	298									-2	296	-2	298	-2	298	-2	298
68	aiu	Aiy	2	50	2	78			-2	302	-2	300	-2	298							2	302																																																													2	294	2	294																																																													2	300	2	300
69	yee	uee	2	52	2	80			2	304	2	302	2	300							-2	300																																																																																																																									-2	294	-2	296	-2	298	-2	298
70	uia	yiA	2	54	2	82			-2	302	-2	300	-2	298							2	302																																																													2	296	2	296																																																													2	300	2	300
71	iey	ieu			2	84			2	304	2	302	2	300							-2	300																																													-2	298	-2	294													-2	294	-2	294																																																																
72	eeo	eeO			2	86	-2	306	-2	302	-2	300	-2	298					2	300	2	302																																									2	302	2	302	2	300	2	296									2	298	2	298	2	296	2	296																																																																
74	eao	eAO			2	88	-2	304	-2	300	-2	298	-2	296					2	302	2	304																																											2	304	2	302	2	298											2	300	2	298	2	298																																																																
77	Oe	oe	2	56	2	90	2	306	2	302	2	300	2	298					-2	300	-2	302																																																																																																									-2	298	-2	298	-2	298	-2	296									-2	292	-2	294	-2	298	-2	298
78	uue	yye	2	58	2	92			-2	300	-2	298	-2	296							2	304																																																																																																																									2	294	2	296	2	300	2	300
80	iOi	ioi			2	94	2	308	2	302	2	300	2	298					-2	298	-2	302																																																									-2	296	-2	298	-2	296	-2	296																																													-2	296	-2	294													-2	298	-2	298
81	iao	iAO			2	96	-2	306	-2	300	-2	298	-2	296					2	300	2	304																																																											2	300	2	298	2	298																																																																
82	Oye	oue	2	60	2	98	2	308	2	302	2	300	2	298					-2	298	-2	302																																																																																																											-2	296			-2	292									-2	292	-2	294	-2	296	-2	296
83	oee	Oee	2	62	2	100	-2	306	-2	300	-2	298	-2	296					2	300	2	304																																																																																																									2	300	2	298	2	298	2	294									2	294	2	296	2	298	2	298
84	OOO	ooo	2	64	2	102	2	308	2	302	2	300	2	298					-2	298	-2	302																																																																																																																																
86	oou	OOy	2	66	2	104	-2	306	-2	300	-2	298	-2	296					2	300	2	304																																																																																																																																
87	oeA	OeA	2	68	2	106	-2	304	-2	298	-2	296	-2	294					2	302	2	306																																																																																																							2	302	2	302	2	300	2	300	2	296							2	302	2	296	2	298	2	300	2	300
88	AeO	aeo	2	70	2	108	2	306	2	300	2	298	2	296					-2	300	-2	304																																									-2	300	-2	302	-2	300	-2	296									-2	294	-2	298	-2	296	-2	296																																																									-2	294	-2	296	-2	298	-2	298
89	eA	ea			2	110			2	302	2	300	2	298							-2	302																																													-2	298	-2	294													-2	294	-2	294																																																																
91	oei	Oei	2	72	2	112	-2	304	-2	300	-2	298	-2	296					2	302	2	304																																																																																																									2	304	2	302	2	302	2	298									2	296	2	298	2	300	2	300
92	Aiy	aiu	2	74	2	114			2	302	2	300	2	298							-2	302																																																													-2	292	-2	292																																																													-2	298	-2	298
94	aie	Aie	2	76	2	116			-2	300	-2	298	-2	296							2	304																																																																																																																											2	300	2	300	2	300
97	eyy	euu			2	118			2	302	2	300	2	298							-2	302																																													-2	296	-2	292													-2	290	-2	290																																																																
98	Oie	oie	2	78	2	120	2	306	2	304	2	302	2	300					-2	300	-2	300																																																																																																											-2	300	-2	300	-2	296											-2	298	-2	298	-2	298
100	iuo	iyO			2	122	-2	304	-2	302	-2	300	-2	298					2	302	2	302																																																											2	300	2	292	2	292																																																																
101	Aii	aii	2	80	2	124			2	304	2	302	2	300							-2	300																																																																																																																													-2	296	-2	296
106	aoa	AOA	2	82	2	126	-2	302	-2	302	-2	300	-2	298					2	304	2	302																																																																																																																																
108	euu	eyy			2	128			-2	300	-2	298	-2	296							2	304																																													2	298	2	294													2	294	2	294																																																																
113	eoo	eOO			2	130	-2	300	-2	298	-2	296	-2	294					2	306	2	306																																									2	302	2	304	2	300	2	296									2	296	2	302	2	296	2	296																																																																
114	yie	uie	2	84	2	132			2	300	2	298	2	296							-2	304																																																																																																																											-2	296	-2	294	-2	294
116	AeO	aeo	2	86	2	134	2	302	2	302	2	300	2	298					-2	304	-2	302																																									-2	300	-2	302	-2	298	-2	294									-2	294	-2	300	-2	294	-2	294																																																									-2	294	-2	294	-2	292	-2	292
117	iea	ieA			2	136			-2	300	-2	298	-2	296							2	304																																													2	300	2	296													2	296	2	296																																																																
119	OOi	ooi	2	88	2	138	2	304	2	302	2	300	2	298					-2	302	-2	302																																																																																																													-2	298	-2	294													-2	290	-2	290
120	AiA	aia	2	90	2	140			2	304	2	302	2	300							-2	300																																																													-2	294	-2	294																																																													-2	288	-2	288
122	iau	iAy			2	142			-2	302	-2	300	-2	298							2	302																																																													2	296	2	296																																																																
123	oei	Oei	2	92	2	144	-2	302	-2	300	-2	298	-2	296					2	304	2	304																																																																																																									2	306	2	302	2	300	2	296									2	296	2	296	2	290	2	290
124	OiA	oia	2	94	2	146	2	304	2	302	2	300	2	298					-2	302	-2	302																																																													-2	294	-2	294																																													-2	298	-2	294													-2	288	-2	288
126	yye	uue	2	96	2	148			2	304	2	302	2	300							-2	300																																																																																																																									-2	294	-2	294	-2	286	-2	286
127	au	Ay	2	98	2	150			-2	302	-2	300	-2	298							2	302																																																																																																																																
128	iuO	iuo			2	152	2	306	2	304	2	302	2	300					-2	300	-2	300																																																											-2	298			-2	292																																																	2	302	2	302	2	302	2	304	2	296	2	296	2	288	2	288
130	eyy	euu			2	154			2	306	2	304	2	302							-2	298																																													-2	298	-2	294													-2	292	-2	290																																																																
132	ui	yi	2	100	2	156			-2	304	-2	302	-2	300							2	300																																																																																																																													2	290	2	290
137	uae	yAe	2	102	2	158			-2	302	-2	300	-2	298							2	302																																																																																																																									2	298	2	298	2	292	2	292
138	aoo	AOO	2	104	2	160	-2	304	-2	300	-2	298	-2	296					2	302	2	304																																																																																																																																
142	Ai	ai	2	106	2	162			2	302	2	300	2	298							-2	302																																																																																																																													-2	290	-2	290
143	oo	OO	2	108	2	164	-2	302	-2	300	-2	298	-2	296					2	304	2	304																																																																																																																																
144	iyy	iuu			2	166			2	302	2	300	2	298							-2	302																																																													-2	290	-2	288																																																																
145	Aye	aue	2	110	2	168			2	304	2	302	2	300							-2	300																																																																																																																									-2	296	-2	296	-2	288	-2	288
146	AOe	aoe	2	112	2	170	2	304	2	306	2	304	2	302					-2	302	-2	298																																																																																																									-2	304	-2	300	-2	296	-2	292									-2	294	-2	294	-2	286	-2	286
147	aiu	Aiy	2	114	2	172			-2	304	-2	302	-2	300							2	300																																																													2	292	2	290																																																													2	288	2	288
152	oou	OOy	2	116	2	174	-2	302	-2	302	-2	300	-2	298					2	304	2	302																																																																																																																																
154	uuo	yyO	2	118	2	176	-2	300	-2	300	-2	298	-2	296					2	306	2	304																																																																																																																																
160	Oey	oeu	2	120	2	178	2	302	2	302	2	300	2	298					-2	304	-2	302																																													-2	296	-2	292													-2	290	-2	288																																									-2	302	-2	298	-2	294	-2	290									-2	292	-2	292	-2	286	-2	286
162	Oy	ou	2	122	2	180	2	304	2	304	2	302	2	300					-2	302	-2	300																																																																																																																																
163	uue	yye	2	124	2	182			-2	302	-2	300	-2	298							2	302																																																																																																																									2	294	2	294	2	288	2	288
164	auu	Ayy	2	126	2	184			-2	300	-2	298	-2	296							2	304																																																																																																																																
165	eOi	eoi			2	186	2	306	2	302	2	300	2	298					-2	300	-2	302																																									-2	298	-2	300	-2	294	-2	290									-2	292	-2	296	-2	288	-2	286																																													-2	292	-2	288													-2	286	-2	286
166	eea	eeA			2	188			-2	300	-2	298	-2	296							2	304																																													2	296	2	292													2	290	2	288																																																																
169	eoA	eOA			2	190	-2	304	-2	298	-2	296	-2	294					2	302	2	306																																									2	300	2	302	2	298	2	294									2	294	2	298	2	292	2	290																																					2	302	2	304	2	304	2	300	2	294	2	290					2	304	2	306	2	296	2	296	2	288	2	288
171	yiy	uiu	2	128	2	192			2	300	2	298	2	296							-2	304																																																													-2	290	-2	288																																																													-2	286	-2	286
172	Aey	aeu	2	130	2	194			2	302	2	300	2	298							-2	302																																													-2	296	-2	292													-2	288	-2	286																																																									-2	294	-2	294	-2	284	-2	284
174	euu	eyy			2	196			-2	300	-2	298	-2	296							2	304																																													2	298	2	294													2	290	2	288																																																																
175	yy	uu	2	132	2	198			2	302	2	300	2	298							-2	302																																																																																																																																
176	euu	eyy			2	200			-2	300	-2	298	-2	296							2	304																																													2	300	2	296													2	292	2	290																																																																
177	yyi	uui	2	134	2	202			2	302	2	300	2	298							-2	302																																																																																																																													-2	282	-2	282
178	iea	ieA			2	204			-2	300	-2	298	-2	296							2	304																																													2	302	2	298													2	294	2	292																																																																
180	Oe	oe	2	136	2	206	2	306	2	302	2	300	2	298					-2	300	-2	302																																																																																																									-2	302	-2	298	-2	292	-2	288									-2	292	-2	292	-2	280	-2	280
181	uei	yei	2	138	2	208			-2	300	-2	298	-2	296							2	304																																																																																																																									2	294	2	294	2	282	2	282
182	yei	uei	2	140	2	210			2	302	2	300	2	298							-2	302																																																																																																																									-2	292	-2	292	-2	280	-2	280
183	oo	OO	2	142	2	212	-2	304	-2	300	-2	298	-2	296					2	302	2	304																																																																																																																																
184	yeA	uea	2	144	2	214			2	302	2	300	2	298							-2	302																																													-2	300	-2	296													-2	292	-2	290																																																									-2	290	-2	290	-2	278	-2	278
188	eia	eiA			2	216			-2	300	-2	298	-2	296							2	304																																															2	298													2	294	2	292																																																																
190	AAe	aae	2	146	2	218			2	302	2	300	2	298							-2	302																																																																																																																									-2	288	-2	288	-2	276	-2	276
195	ao	AO	2	148	2	220	-2	302	-2	300	-2	298	-2	296					2	304	2	304																																																																																																																																
196	yeO	ueo	2	150	2	222	2	304	2	302	2	300	2	298					-2	302	-2	302																																									-2	298	-2	300	-2	298	-2	296									-2	292	-2	296	-2	292	-2	290																																																									-2	286	-2	286	-2	274	-2	274
197	iiu	iiy			2	224			-2	300	-2	298	-2	296							2	304																																																													2	294	2	292																																																																
198	OAy	oau	2	152	2	226	2	306	2	302	2	300	2	298					-2	300	-2	302																																																																																																																																
201	eeA	eea			2	228			2	304	2	302	2	300							-2	300																																													-2	296	-2	294													-2	292	-2	290																																																																
203	ioo	iOO			2	230	-2	304	-2	302	-2	300	-2	298					2	302	2	302																																																									2	294	2	298	2	294	2	292																																																																
204	iia	iiA			2	232			-2	300	-2	298	-2	296							2	304																																																													2	296	2	294																																																																
206	eOi	eoi			2	234	2	306	2	302	2	300	2	298					-2	300	-2	302																																									-2	296	-2	298	-2	294	-2	292									-2	292	-2	296	-2	294	-2	292																																													-2	290	-2	286													-2	272	-2	272
208	eae	eAe			2	236			-2	300	-2	298	-2	296							2	304																																													2	296	2	294													2	296	2	294																																																									2	288	2	288	2	274	2	274
209	iou	iOy			2	238	-2	304	-2	298	-2	296	-2	294					2	302	2	306																																																									2	294	2	298	2	298	2	296																																																																
211	eAe	eae			2	240			2	300	2	298	2	296							-2	304																																													-2	294	-2	292													-2	296	-2	294																																																									-2	286	-2	286	-2	272	-2	272
217	Oyy	ouu	2	154	2	242	2	306	2	302	2	300	2	298					-2	300	-2	302																																																																																																																																
218	oeu	Oey	2	156	2	244	-2	304	-2	300	-2	298	-2	296					2	302	2	304																																													2	296	2	294													2	298	2	296																																									2	304	2	300	2	292	2	288									2	288	2	288	2	274	2	274
222	AAA	aaa	2	158	2	246			2	302	2	300	2	298							-2	302																																																																																																																																
223	uou	yOy	2	160	2	248	-2	302	-2	300	-2	298	-2	296					2	304	2	304																																																																																																																																
224	OAA	oaa	2	162	2	250	2	304	2	302	2	300	2	298					-2	302	-2	302																																																																																																																																
227	yeA	uea	2	164	2	252			2	304	2	302	2	300							-2	300																																													-2	294	-2	292													-2	296	-2	294																																																									-2	286	-2	286	-2	272	-2	272
229	uiu	yiy	2	166	2	254			-2	302	-2	300	-2	298							2	302																																																													2	298	2	296																																																													2	274	2	274
230	aoi	AOi	2	168	2	256	-2	302	-2	300	-2	298	-2	296					2	304	2	304																																																																																																													2	294	2	290													2	276	2	276
231	eeO	eeo			2	258	2	304	2	302	2	300	2	298					-2	302	-2	302																																									-2	294	-2	296	-2	292	-2	290									-2	292	-2	296	-2	296	-2	294																																																																
233	yiy	uiu	2	170	2	260			2	304	2	302	2	300							-2	300																																																													-2	294	-2	292																																																													-2	274	-2	274
234	iea	ieA			2	262			-2	302	-2	300	-2	298							2	302																																													2	294	2	292													2	296	2	294																																																																
236	yyi	uui	2	172	2	264			2	304	2	302	2	300							-2	300																																																																																																																													-2	272	-2	272
237	aea	AeA	2	174	2	266			-2	302	-2	300	-2	298							2	302																																													2	296	2	294													2	298	2	296																																																									2	288	2	288	2	274	2	274
239	iAi	iai			2	268			2	304	2	302	2	300							-2	300																																																													-2	296	-2	294																																																													-2	272	-2	272
249	oae	OAe	2	176	2	270	-2	302	-2	302	-2	300	-2	298					2	304	2	302																																																																																																											2	302			2	292									2	290	2	290	2	274	2	274
251	AOi	aoi	2	178	2	272	2	304	2	304	2	302	2	300					-2	302	-2	300																																																																																																													-2	292	-2	290													-2	272	-2	272
257	aoo	AOO	2	180	2	274	-2	302	-2	302	-2	300	-2	298					2	304	2	302																																																																																																																																
259	iOA	ioa			2	276	2	304	2	304	2	302	2	300					-2	302	-2	300																																																									-2	290	-2	294	-2	294	-2	292																																																																
262	aua	AyA	2	182	2	278			-2	302	-2	300	-2	298							2	302																																																																																																																																
263	eaa	eAA			2	280			-2	300	-2	298	-2	296							2	304																																													2	298	2	296													2	296	2	294																																																																
266	yiO	uio	2	184	2	282	2	306	2	302	2	300	2	298					-2	300	-2	302																																																									-2	288	-2	292	-2	294	-2	292																																																													-2	270	-2	270
267	aia	AiA	2	186	2	284			-2	300	-2	298	-2	296							2	304																																																													2	296	2	294																																																													2	272	2	272
270	yie	uie	2	188	2	286			2	302	2	300	2	298							-2	302																																																																																																																											-2	288	-2	270	-2	270
276	eiO	eio			2	288	2	308	2	304	2	302	2	300					-2	298	-2	300																																											-2	294			-2	294									-2	286	-2	290	-2	294	-2	292																																																																
277	aoo	AOO	2	190	2	290	-2	306	-2	302	-2	300	-2	298					2	300	2	302																																																																																																																																
278	eAi	eai			2	292			2	304	2	302	2	300							-2	300																																													-2	296	-2	292													-2	292	-2	290																																																													-2	268	-2	268
279	ueo	yeO	2	192	2	294	-2	304	-2	302	-2	300	-2	298					2	302	2	302																																									2	296	2	296	2	298	2	294									2	288	2	292	2	294	2	292																																																									2	292	2	290	2	270	2	270
280	yOO	uoo	2	194	2	296	2	306	2	304	2	302	2	300					-2	300	-2	300																																																																																																																																
282	eyO	euo			2	298	2	308	2	306	2	304	2	302					-2	298	-2	298																																											-2	294	-2	296	-2	292											-2	290	-2	292	-2	290																																																																
285	oa	OA	2	196	2	300	-2	306	-2	304	-2	302	-2	300					2	300	2	300																																																																																																																																
286	iao	iAO			2	302	-2	304	-2	302	-2	300	-2	298					2	302	2	302																																																											2	292	2	294	2	292																																																																
289	oEi	Oei	2	198	2	304	-2	302	-2	300	-2	298	-2	296			2	310	2	304	2	304																																																																																													2	302	2	302													2	294	2	292													2	272	2	272
293	OAA	oaa	2	200	2	306	2	304	2	302	2	300	2	298					-2	302	-2	302																																																																																																																																
299	oiu	Oiy	2	202	2	308	-2	302	-2	300	-2	298	-2	296					2	304	2	304																																																													2	296	2	294																																													2	296	2	294													2	274	2	274
314	eiA	eia			2	310			2	302	2	300	2	298							-2	302																																															-2	290													-2	294	-2	292																																																																
397	Oeu	oeu	2	204	2	312	2	304	2	304	2	302	2	300					-2	302	-2	300															2	304															2	308																																																																									-2	302	-2	300	-2	294	-2	292									-2	290	-2	288	-2	272	-2	272
422	uie	yie	2	206	2	314			-2	302	-2	300	-2	298							2	302																																																																																																																											2	290	2	274	2	274
TOTAL				206		314		304		302		300		298		304		310		302		302		300		300		300		300		300		300		300		304		300		300		300		300		302		304		304		308		300		300		300		300		296		294		296		290		300		300		302		302		288		292		294		292		300		300		300		300		300		300		300		300		300		300		300		300		300		300		302		302		300		300		302		304		302		300		294		292		302		302		304		306		290		290		274		274
