trialnum	Generated	Heard	Id(Bk)Syl1	now	Id(Bk)	now	*F1	now	*F3	now	*F4	now	*F5	now	*B1	now	*B2	now	*B3	now	*B5	now	*F1_B1	now	*F1..._B1	now	*F1_B2	now	*F1..._B2	now	*F1_B3	now	*F1..._B3	now	*F1_B5	now	*F1..._B5	now	*F3_B1	now	*F3..._B1	now	*F3_B2	now	*F3..._B2	now	*F3_B3	now	*F3..._B3	now	*F3_B5	now	*F3..._B5	now	*F4_B1	now	*F4..._B1	now	*F4_B2	now	*F4..._B2	now	*F4_B3	now	*F4..._B3	now	*F4_B5	now	*F4..._B5	now	*F5_B1	now	*F5..._B1	now	*F5_B2	now	*F5..._B2	now	*F5_B3	now	*F5..._B3	now	*F5_B5	now	*F5..._B5	now	*_B1F1	now	*_B1...F1	now	*_B1F3	now	*_B1...F3	now	*_B1F4	now	*_B1...F4	now	*_B1F5	now	*_B1...F5	now	*_B2F1	now	*_B2...F1	now	*_B2F3	now	*_B2...F3	now	*_B2F4	now	*_B2...F4	now	*_B2F5	now	*_B2...F5	now	*_B3F1	now	*_B3...F1	now	*_B3F3	now	*_B3...F3	now	*_B3F4	now	*_B3...F4	now	*_B3F5	now	*_B3...F5	now	*_B5F1	now	*_B5...F1	now	*_B5F3	now	*_B5...F3	now	*_B5F4	now	*_B5...F4	now	*_B5F5	now	*_B5...F5	now
				0		0		140		140		140		140		140		140		140		140		100		120		100		120		100		120		100		120		100		120		100		120		100		120		100		120		100		120		100		120		100		120		100		120		100		120		100		120		100		120		100		120		100		120		100		120		100		120		100		120		100		120		100		120		100		120		100		120		100		120		100		120		100		120		100		120		100		120		100		120		100		120		100		120
0	Apriori	Id(Bk)Syl1>>Id(Bk)	30	30																																																																																																																																																		
1	uuo	yyO	2	32	2	2	-2	138	-2	138	-2	138	-2	138					2	142	2	142																																																																																																																																
2	iey	iEu			2	4			2	140	2	140	2	140			-2	138	-2	140	-2	140																																																					-2	98	-2	118	-2	98	-2	118	-2	98	-2	118																																																																
2	Apriori	Id(Bk)Syl1>>Id(Bk)	2	34																																																																																																																																																			
3	eoe	EoE	2	36	2	6					2	142	2	142			-2	136	-2	138	-2	138																																									2	102	2	122	2	102	2	122									2	100	2	120	2	100	2	120																																									2	102	2	122	2	102	2	122									2	102	2	122	2	102	2	122
4	ou	Oy	2	38	2	8	-2	136	-2	138	-2	140	-2	140					2	140	2	140																																																																																																																																
6	uaO	yAO	2	40	2	10			-2	136	-2	138	-2	138							2	142																																																																																																																	2	102	2	122	2	102	2	122	2	104	2	124	2	104	2	124
7	yeA	uEa	2	42	2	12			2	138	2	140	2	140			-2	134	-2	138	-2	140																																																																																																																																
10	Oye	ouE	2	44	2	14	2	138	2	140	2	142	2	142			-2	132	-2	136	-2	138																																																																																																																																
11	IIo	Iio			2	16							-2	140	2	142	2	134	2	138	2	140																																																									-2	98	-2	118	-2	98	-2	118													-2	98	-2	118													-2	98	-2	118													-2	100	-2	120													-2	102	-2	122
11	Apriori	Id(Bk)Syl1>>Id(Bk)	2	46																																																																																																																																																			
13	OAi	oai	2	48	2	18	2	140	2	142	2	144	2	142					-2	136	-2	138																																																																																																															-2	118													-2	100	-2	120
14	Aeo	AeO			2	20	-2	138	-2	140	-2	142	-2	140					2	138	2	140																											2	122			2	122									2	104	2	124	2	104	2	124									2	100	2	120	2	100	2	120																																																																
14	Apriori	Id(Bk)Syl1>>Id(Bk)	2	50																																																																																																																																																			
17	ioE	IoE	2	52	2	22							2	142	-2	140	-2	132	-2	136	-2	138																																																							2	120	2	102	2	122	2	102	2	122																																																																
18	uuu	yyy	2	54	2	24			-2	138	-2	140	-2	140							2	140																																																																																																																																
19	eyi	Eui	2	56	2	26			2	140	2	142	2	142			-2	130	-2	134	-2	138																																																																																															-2	116															-2	116													-2	98	-2	118
20	Ioa	ioa	2	58	2	28							-2	140	2	142	2	132	2	136	2	140																																																									-2	100	-2	120	-2	100	-2	120																																																																
22	oII	Oii	2	60	2	30	-2	136	-2	138	-2	140	-2	138	2	144	2	134	2	138	2	142																																																																																																																																
24	AAe	aaE	2	62	2	32			2	140	2	142	2	140			-2	132	-2	136	-2	140																																																																																																																																
26	oaE	OAe	2	64	2	34	-2	134	-2	138	-2	140	-2	138			2	134	2	138	2	142																																																																																																																																
27	EuE	eye	2	66	2	36			-2	136	-2	138	-2	136			2	136	2	140	2	144																																																																																																																																
31	iy	Iu	2	68	2	38			2	138	2	140	2	138	-2	142	-2	134	-2	138	-2	142																																																																																																																																
32	yie	uiE	2	70	2	40			2	140	2	142	2	140			-2	132	-2	136	-2	140																																																					-2	96	-2	118	-2	98	-2	118	-2	98	-2	118																																																													-2	96	-2	116
33	iio	Iio	2	72	2	42							2	142	-2	140	-2	130	-2	134	-2	138																																																																													-2	96	-2	116													-2	96	-2	114													-2	98	-2	114													-2	94	-2	114
34	Iaa	iaa	2	74	2	44							-2	140	2	142	2	132	2	136	2	140																																																													-2	96	-2	116																																																																
36	Ia	iA	2	76	2	46			-2	138	-2	140	-2	138	2	144	2	134	2	138	2	142																																																																																																																																
37	EEu	eey	2	78	2	48			-2	136	-2	138	-2	136			2	136	2	140	2	144																																																																																																																																
39	yyi	uui	2	80	2	50			2	138	2	140	2	138							-2	142																																																																																																																													-2	92	-2	112
40	uio	yiO	2	82	2	52	-2	132	-2	136	-2	138	-2	136					2	142	2	144																																																									2	100	2	120	2	98	2	118																																																													2	94	2	114
42	iee	IEE	2	84	2	54					2	140	2	138	-2	142	-2	134	-2	140	-2	142																																																																																																																																
43	OO	oo	2	86	2	56	2	134	2	138	2	142	2	140					-2	138	-2	140																																																																																																																																
44	IIa	Iia			2	58							-2	138	2	144	2	136	2	140	2	142																																																													-2	96	-2	116													-2	94	-2	114													-2	94	-2	112													-2	96	-2	112													-2	92	-2	112
44	Apriori	Id(Bk)Syl1>>Id(Bk)	2	88																																																																																																																																																			
50	iao	Iao	2	90	2	60							2	140	-2	142	-2	134	-2	138	-2	140																																																											2	122	2	98	2	118																																																																
51	eyi	Eui	2	92	2	62			2	140	2	144	2	142			-2	132	-2	136	-2	138																																																																																															-2	110															-2	110													-2	90	-2	110
52	uii	yii	2	94	2	64			-2	138	-2	142	-2	140							2	140																																																																																																																													2	92	2	112
53	iOy	Iou	2	96	2	66	2	136	2	140	2	144	2	142	-2	140	-2	130	-2	134	-2	138																																																																																																																																
54	uao	yAO	2	98	2	68	-2	134	-2	138	-2	142	-2	140					2	136	2	140																																																																																																																																
56	IoI	ioi	2	100	2	70							-2	138	2	142	2	132	2	138	2	142																																																									-2	98	-2	120	-2	96	-2	116																																													-2	94	-2	108													-2	90	-2	110
59	ie	iE			2	72					2	144	2	140			-2	130	-2	136	-2	140																																																					-2	94	-2	116	-2	96	-2	118	-2	94	-2	114																																																																
59	Apriori	Id(Bk)Syl1>>Id(Bk)	2	102																																																																																																																																																			
60	iEo	ieO			2	74	-2	132	-2	136	-2	142	-2	138			2	132	2	138	2	142																																																					2	96	2	118	2	98	2	120	2	96	2	116																																																																
60	Apriori	Id(Bk)Syl1>>Id(Bk)	2	104																																																																																																																																																			
62	iEE	iee			2	76					-2	140	-2	136			2	134	2	140	2	144																																																					2	98	2	120	2	100	2	122	2	98	2	118																																																																
62	Apriori	Id(Bk)Syl1>>Id(Bk)	2	106																																																																																																																																																			
63	iyi	iui			2	78			2	138	2	142	2	138							-2	142																																																													-2	96	-2	116																																																													-2	88	-2	108
63	Apriori	Id(Bk)Syl1>>Id(Bk)	2	108																																																																																																																																																			
65	AAe	aaE	2	110	2	80			2	140	2	144	2	140			-2	132	-2	138	-2	140																																																																																																																																
67	oae	oaE			2	82					2	146	2	142			-2	130	-2	136	-2	138																																																																																																											2	124			2	110									2	106	2	126	2	90	2	110
67	Apriori	Id(Bk)Syl1>>Id(Bk)	2	112																																																																																																																																																			
68	aEI	Aei	2	114	2	84			-2	138	-2	144	-2	140	2	144	2	132	2	138	2	140																																																																																																																																
70	au	Ay	2	116	2	86			-2	136	-2	142	-2	138							2	142																																																																																																																																
71	iy	Iu	2	118	2	88			2	138	2	144	2	140	-2	142	-2	130	-2	136	-2	140																																																																																																																																
76	aEi	Aei	2	120	2	90			-2	136	-2	142	-2	138			2	132	2	138	2	142																																																																																													2	96	2	112													2	96	2	112													2	92	2	112
77	eyO	Euo	2	122	2	92	2	134	2	138	2	144	2	140			-2	130	-2	136	-2	140																																																																																																																																
78	eOi	Eoi	2	124	2	94	2	136	2	140	2	146	2	142			-2	128	-2	134	-2	138																																																																																															-2	110													-2	94	-2	110													-2	90	-2	110
81	oo	OO	2	126	2	96	-2	134	-2	138	-2	144	-2	140					2	136	2	140																																																																																																																																
82	ooi	OOi	2	128	2	98	-2	132	-2	136	-2	142	-2	138					2	138	2	142																																																																																																													2	96	2	112													2	92	2	112
83	aau	AAy	2	130	2	100			-2	134	-2	140	-2	136							2	144																																																																																																																																
85	eAA	Eaa	2	132	2	102			2	136	2	142	2	138			-2	126	-2	136	-2	142																																																																																																																																
87	eye	EuE	2	134	2	104			2	138	2	144	2	140			-2	124	-2	134	-2	140																																																																																																																																
94	IEo	iEo	2	136	2	106							-2	138	2	144	2	126	2	136	2	142																																																					-2	96	-2	118	-2	98	-2	120	-2	94	-2	114																																																																
95	uEu	yey	2	138	2	108			-2	136	-2	142	-2	136			2	128	2	138	2	144																																																																																																																																
98	AAA	aaa	2	140	2	110			2	138	2	144	2	138							-2	142																																																																																																																																
102	EOe	EoE			2	112	2	134	2	140	2	146	2	140			-2	126	-2	136	-2	140																																																																																	2	102	2	122	2	102	2	122	2	102	2	122	2	98	2	112	2	102	2	122	2	102	2	122	2	104	2	126	2	98	2	114	2	104	2	124	2	104	2	124	2	108	2	128	2	94	2	114
102	Apriori	Id(Bk)Syl1>>Id(Bk)	2	142																																																																																																																																																			
103	iao	iAO			2	114	-2	132	-2	138	-2	144	-2	138					2	138	2	142																																																											2	122	2	96	2	116																																																																
103	Apriori	Id(Bk)Syl1>>Id(Bk)	2	144																																																																																																																																																			
106	oaa	OAA	2	146	2	116	-2	130	-2	136	-2	142	-2	136					2	140	2	144																																																																																																																																
107	ueO	uEo			2	118	2	132	2	138	2	144	2	138			-2	124	-2	138	-2	142																																																																																																																			2	126			2	126	2	110	2	130	2	96	2	116
107	Apriori	Id(Bk)Syl1>>Id(Bk)	2	148																																																																																																																																																			
108	Ao	AO			2	120	-2	130	-2	136	-2	142	-2	136					2	140	2	144																									2	102	2	124	2	102	2	124									2	106	2	126	2	106	2	126									2	100	2	124	2	98	2	118																																																																
108	Apriori	Id(Bk)Syl1>>Id(Bk)	2	150																																																																																																																																																			
109	uyO	uuo			2	122	2	132	2	138	2	144	2	138					-2	138	-2	142																																																																																																																			2	128	2	106	2	128	2	112	2	132	2	98	2	118
109	Apriori	Id(Bk)Syl1>>Id(Bk)	2	152																																																																																																																																																			
110	ayi	aui			2	124			2	140	2	146	2	140							-2	140																																																																																																																					2	108	2	130	2	114	2	134			-2	116
110	Apriori	Id(Bk)Syl1>>Id(Bk)	2	154																																																																																																																																																			
111	Aua	AyA			2	126			-2	138	-2	144	-2	138							2	142																													2	104	2	126													2	108	2	128													2	100	2	120																																																																
111	Apriori	Id(Bk)Syl1>>Id(Bk)	2	156																																																																																																																																																			
113	ia	iA			2	128			-2	136	-2	142	-2	136							2	144																																																													2	102	2	122																																																																
113	Apriori	Id(Bk)Syl1>>Id(Bk)	2	158																																																																																																																																																			
114	EyA	Eua			2	130			2	138	2	144	2	138							-2	142																																																																																					2	104	2	124	2	104	2	124	2	100	2	114					2	104	2	124	2	106	2	128	2	100	2	116					2	110	2	132	2	116	2	136	2	100	2	118
114	Apriori	Id(Bk)Syl1>>Id(Bk)	2	160																																																																																																																																																			
115	Aoa	AOA			2	132	-2	130	-2	136	-2	142	-2	136					2	140	2	144																									2	104	2	126	2	106	2	128									2	108	2	128	2	110	2	130									2	102	2	126	2	104	2	124																																																																
115	Apriori	Id(Bk)Syl1>>Id(Bk)	2	162																																																																																																																																																			
119	oAA	oaa			2	134			2	138	2	144	2	138							-2	142																																																																																																					2	106	2	126	2	108	2	130	2	102	2	118					2	112	2	134	2	118	2	138	2	102	2	120
119	Apriori	Id(Bk)Syl1>>Id(Bk)	2	164																																																																																																																																																			
120	eao	eAO			2	136	-2	128	-2	136	-2	142	-2	136					2	142	2	144																																											2	130	2	112	2	132											2	128	2	106	2	126																																																																
120	Apriori	Id(Bk)Syl1>>Id(Bk)	2	166																																																																																																																																																			
121	oiO	oio			2	138	2	130	2	138	2	144	2	138					-2	140	-2	142																																																									-2	100	-2	126	-2	104	-2	124																																			2	124			2	128			2	132							2	130			2	136			2	140				
121	Apriori	Id(Bk)Syl1>>Id(Bk)	2	168																																																																																																																																																			
122	iEo	ieO			2	140	-2	128	-2	136	-2	142	-2	136			2	126	2	142	2	144																																																					2	98	2	120	2	102	2	128	2	106	2	126																																																																
122	Apriori	Id(Bk)Syl1>>Id(Bk)	2	170																																																																																																																																																			
124	uOO	uoo			2	142	2	130	2	138	2	144	2	138					-2	140	-2	142																																																																																																																	2	106	2	132	2	114	2	138	2	120	2	142	2	104	2	122
124	Apriori	Id(Bk)Syl1>>Id(Bk)	2	172																																																																																																																																																			
125	eau	eAy			2	144			-2	136	-2	142	-2	136							2	144																																													2	114	2	134													2	108	2	128																																																																
125	Apriori	Id(Bk)Syl1>>Id(Bk)	2	174																																																																																																																																																			
132	Iee	IEE			2	146					2	144	2	138			-2	124	-2	138	-2	142																																																																									2	102	2	122	2	96	2	116									2	106	2	126	2	102	2	116									2	110	2	134	2	104	2	120									2	122	2	144	2	106	2	124
132	Apriori	Id(Bk)Syl1>>Id(Bk)	2	176																																																																																																																																																			
144	AE	Ae			2	148					-2	142	-2	136			2	126	2	140	2	144																					2	102	2	122	2	106	2	128	2	108	2	130					2	102	2	122	2	110	2	132	2	116	2	136					2	100	2	122	2	104	2	130	2	110	2	130																																																																
144	Apriori	Id(Bk)Syl1>>Id(Bk)	2	178																																																																																																																																																			
169	iye	iuE			2	150			2	138	2	144	2	138			-2	124	-2	138	-2	142																																																							-2	120			-2	128	-2	108	-2	128																																																																
169	Apriori	Id(Bk)Syl1>>Id(Bk)	2	180																																																																																																																																																			
255	ya	yA			2	152			-2	136	-2	142	-2	136							2	144																													2	110	2	132													2	118	2	138													2	110	2	130																																																																
255	Apriori	Id(Bk)Syl1>>Id(Bk)	2	182																																																																																																																																																			
289	aiy	aiu			2	154			2	138	2	144	2	138							-2	142																																																													-2	108	-2	128																																																							2	140			2	146				
289	Apriori	Id(Bk)Syl1>>Id(Bk)	2	184																																																																																																																																																			
11173	Aua	AyA			0.02	154.02			-0.02	137.98	-0.02	143.98	-0.02	137.98							0.02	142.02																													0.02	110.02	0.02	132.02													0.02	118.02	0.02	138.02													0.02	108.02	0.02	128.02																																																																
11173	Apriori	Id(Bk)Syl1>>Id(Bk)	0.020000000000010232	184.02																																																																																																																																																			
TOTAL				184.02		154.02		130		137.98		143.98		137.98		144		124		138		142.02		100		120		100		120		100		120		100		120		100		120		102		122		106		128		110.02		132.02		100		120		102		122		110		132		118.02		138.02		100		120		100		120		104		128		108.02		128.02		100		120		100		120		102		122		96		116		102		122		104		124		106		126		102		116		102		124		106		128		110		134		104		120		106		132		114		140		122		146		106		124
