trialnum	Generated	Heard	Id(Bk)Syl1	now	Id(Bk)	now	*F1	now	*F3	now	*F4	now	*F5	now	*B1	now	*B2	now	*B3	now	*B5	now	*F1_B1	now	*F1..._B1	now	*F1_B2	now	*F1..._B2	now	*F1_B3	now	*F1..._B3	now	*F1_B5	now	*F1..._B5	now	*F3_B1	now	*F3..._B1	now	*F3_B2	now	*F3..._B2	now	*F3_B3	now	*F3..._B3	now	*F3_B5	now	*F3..._B5	now	*F4_B1	now	*F4..._B1	now	*F4_B2	now	*F4..._B2	now	*F4_B3	now	*F4..._B3	now	*F4_B5	now	*F4..._B5	now	*F5_B1	now	*F5..._B1	now	*F5_B2	now	*F5..._B2	now	*F5_B3	now	*F5..._B3	now	*F5_B5	now	*F5..._B5	now	*_B1F1	now	*_B1...F1	now	*_B1F3	now	*_B1...F3	now	*_B1F4	now	*_B1...F4	now	*_B1F5	now	*_B1...F5	now	*_B2F1	now	*_B2...F1	now	*_B2F3	now	*_B2...F3	now	*_B2F4	now	*_B2...F4	now	*_B2F5	now	*_B2...F5	now	*_B3F1	now	*_B3...F1	now	*_B3F3	now	*_B3...F3	now	*_B3F4	now	*_B3...F4	now	*_B3F5	now	*_B3...F5	now	*_B5F1	now	*_B5...F1	now	*_B5F3	now	*_B5...F3	now	*_B5F4	now	*_B5...F4	now	*_B5F5	now	*_B5...F5	now
				0		0		140		140		140		140		140		140		140		140		100		120		100		120		100		120		100		120		100		120		100		120		100		120		100		120		100		120		100		120		100		120		100		120		100		120		100		120		100		120		100		120		100		120		100		120		100		120		100		120		100		120		100		120		100		120		100		120		100		120		100		120		100		120		100		120		100		120		100		120		100		120		100		120
1	oau	Oau	2	2	2	2	-2	138	-2	138	-2	138	-2	138					2	142	2	142													-2	98	-2	118													-2	98	-2	118													-2	98	-2	118													-2	98	-2	118																																																																
2	OO	oo	2	4	2	4	2	140	2	140	2	140	2	140					-2	140	-2	140																																																																																																																																
3	aE	Ae	2	6	2	6			-2	138	-2	138	-2	138			2	142	2	142	2	142																																																																																																																																
4	eee	Eee	2	8	2	8					2	140	2	140			-2	140	-2	140	-2	140																																																																																									-2	98	-2	118	-2	98	-2	118									-2	98	-2	118	-2	98	-2	118									-2	98	-2	118	-2	98	-2	118
5	eyO	Euo	2	10	2	10	2	142	2	140	2	142	2	142			-2	138	-2	138	-2	138																																																																																																																																
6	ooI	ooi			2	12							-2	140	2	142	2	140	2	140	2	140																																																																																																													-2	96	-2	116													-2	96	-2	116
6	Apriori	Id(Bk)Syl1>>Id(Bk)	2	12																																																																																																																																																			
8	uiu	yiu	2	14	2	14			-2	138	-2	140	-2	138							2	142																															-2	116															-2	116																																																																													2	98	2	118
11	iey	ieu			2	16			2	140	2	142	2	140							-2	140																																													-2	96	-2	114													-2	96	-2	116																																																																
11	Apriori	Id(Bk)Syl1>>Id(Bk)	2	16																																																																																																																																																			
12	EE	Ee			2	18					-2	140	-2	138			2	142	2	142	2	142																																																																																									-2	96	-2	116	-2	96	-2	116									-2	96	-2	116	-2	94	-2	114									-2	96	-2	116	-2	96	-2	116
12	Apriori	Id(Bk)Syl1>>Id(Bk)	2	18																																																																																																																																																			
13	Oyy	ouu	2	20	2	20	2	144	2	142	2	142	2	140					-2	140	-2	140																																																																																																																																
14	Eo	eo	2	22	2	22					-2	140	-2	138			2	144	2	142	2	142																																									-2	98	-2	118	-2	94	-2	112									-2	98	-2	118	-2	94	-2	114																																																																
15	Ayy	Auu			2	24			2	144	2	142	2	140							-2	140																													-2	96	-2	114													-2	92	-2	110													-2	92	-2	112																																																																
15	Apriori	Id(Bk)Syl1>>Id(Bk)	2	24																																																																																																																																																			
17	uou	you	2	26	2	26			-2	142	-2	140	-2	138							2	142																									-2	98	-2	118	-2	94	-2	112									-2	96	-2	116	-2	90	-2	108									-2	96	-2	116	-2	90	-2	110																																																																
18	eeA	Eea	2	28	2	28			2	144	2	142	2	140			-2	142	-2	140	-2	140																																													-2	88	-2	106													-2	88	-2	108																									-2	94	-2	114	-2	94	-2	114									-2	94	-2	114	-2	92	-2	112									-2	94	-2	114	-2	94	-2	114
22	iiE	iie			2	30					-2	140	-2	138			2	144	2	142	2	142																																																					2	102	2	122	2	98	2	118	2	90	2	110																																																																
22	Apriori	Id(Bk)Syl1>>Id(Bk)	2	30																																																																																																																																																			
23	EEu	Eeu			2	32					-2	138	-2	136			2	146	2	144	2	144																																													-2	86	-2	104													-2	88	-2	108																									-2	92	-2	112	-2	92	-2	112									-2	92	-2	112	-2	90	-2	110									-2	92	-2	112	-2	92	-2	112
23	Apriori	Id(Bk)Syl1>>Id(Bk)	2	32																																																																																																																																																			
24	eeO	Eeo	2	34	2	34	2	146	2	146	2	140	2	138			-2	144	-2	142	-2	142																																									-2	94	-2	114	-2	84	-2	102									-2	96	-2	116	-2	86	-2	106																									-2	90	-2	110	-2	90	-2	110									-2	90	-2	110	-2	88	-2	108									-2	90	-2	110	-2	90	-2	110
25	aae	Aae	2	36	2	36			-2	144	-2	138	-2	136							2	144																													-2	92	-2	110													-2	82	-2	100													-2	84	-2	104																																																											2	112			2	112
26	iAi	iai			2	38			2	146	2	140	2	138							-2	142																																																													-2	82	-2	102																																																													-2	88	-2	110
26	Apriori	Id(Bk)Syl1>>Id(Bk)	2	38																																																																																																																																																			
27	aoe	Aoe	2	40	2	40			-2	144	-2	138	-2	136							2	144																									-2	96	-2	116	-2	90	-2	108									-2	92	-2	112	-2	80	-2	98									-2	94	-2	114	-2	80	-2	100																																																											2	114			2	112
28	oeA	Oea	2	42	2	42	-2	144											2	144																	-2	116															-2	106													-2	78	-2	96													-2	78	-2	98																																							2	122	2	92	2	112	2	90	2	110							2	122	2	92	2	116	2	90	2	114
29	iOi	ioi			2	44	2	146	2	146	2	140	2	138					-2	142	-2	142																																																									-2	92	-2	112	-2	76	-2	96																																													-2	88	-2	108													-2	88	-2	112
29	Apriori	Id(Bk)Syl1>>Id(Bk)	2	44																																																																																																																																																			
30	eaa	Eaa	2	46	2	46					2	142	2	140			-2	142	-2	140	-2	140																																													2	80	2	98													2	78	2	98																																																																
31	eae	Eae	2	48	2	48					2	144	2	142			-2	140	-2	138	-2	138																																													2	82	2	100													2	80	2	100																											-2	108			-2	108											-2	110			-2	106											-2	114			-2	110
32	oio	Oio	2	50	2	50	-2	144	-2	144	-2	142	-2	140					2	140	2	140											-2	118			-2	114											-2	114			-2	104											-2	110			-2	98																																																													2	90	2	108													2	90	2	112
33	eAe	eae			2	52			2	146	2	144	2	142							-2	138																																													-2	80	-2	96													-2	78	-2	98																																																									-2	90	-2	112	-2	88	-2	110
33	Apriori	Id(Bk)Syl1>>Id(Bk)	2	52																																																																																																																																																			
34	uao	yao	2	54	2	54			-2	144	-2	142	-2	140							2	140																											-2	112	-2	88	-2	102											-2	108	-2	78	-2	94											-2	110	-2	76	-2	96																																																																
35	eui	Eui	2	56	2	56					2	144	2	142			-2	138	-2	138	-2	138																																													2	80	2	96													2	78	2	98																															-2	106															-2	106															-2	108
36	Eai	eai	2	58	2	58					-2	142	-2	140			2	140	2	140	2	140																																													-2	78	-2	94													-2	76	-2	96																															2	108															2	108															2	110
37	uoI	yoi	2	60	2	60			-2	142	-2	140	-2	138	2	144	2	142	2	142	2	142																									-2	94	-2	110	-2	86	-2	100									-2	90	-2	106	-2	76	-2	92									-2	90	-2	108	-2	74	-2	94																																													-2	88	-2	106													-2	86	-2	108
39	Aoy	aou	2	62	2	62			2	144	2	142	2	140							-2	140																									2	96	2	112	2	88	2	102									2	92	2	108	2	78	2	94									2	92	2	110	2	76	2	96																																					2	102	2	124	2	94	2	112	2	90	2	108					2	102	2	124	2	92	2	114	2	88	2	110
42	aee	Aee	2	64	2	64			-2	142	-2	140	-2	138							2	142																																																																																																																									2	94	2	116	2	90	2	112
44	yyi	uui	2	66	2	66			2	144	2	142	2	140							-2	140																																																																																																																													-2	88	-2	110
45	eea	Eea	2	68	2	68					2	144	2	142			-2	140	-2	140	-2	138																																																																																									-2	88	-2	106	-2	88	-2	106									-2	92	-2	110	-2	88	-2	106									-2	92	-2	114	-2	86	-2	108
46	oua	Oua	2	70	2	70	-2	142	-2	142	-2	142	-2	140					2	142	2	140													-2	96	-2	112													-2	86	-2	100													-2	76	-2	92													-2	74	-2	94																																																																
47	EE	ee	2	72	2	72					-2	140	-2	138			2	142	2	144	2	142																																																																																																																																
48	yye	yue			2	74			2	144	2	142	2	140							-2	140																													-2	84	-2	98													-2	74	-2	90													-2	72	-2	92																																																									-2	90	-2	112	-2	84	-2	106
48	Apriori	Id(Bk)Syl1>>Id(Bk)	2	74																																																																																																																																																			
49	uaO	yao	2	76	2	76	2	144											-2	142																													-2	110	-2	82	-2	96											-2	106	-2	72	-2	88											-2	108	-2	70	-2	90																																																	2	102	2	122	2	104	2	126	2	92	2	114	2	86	2	108
50	aii	Aii	2	78	2	78			-2	142	-2	140	-2	138							2	142																																																																																																																													2	88	2	110
51	yyi	uui	2	80	2	80			2	144	2	142	2	140							-2	140																																																																																																																													-2	86	-2	108
52	uiE	yie	2	82	2	82			-2	142	-2	140	-2	138			2	144	2	144	2	142																																																					2	104	2	124	2	94	2	110	2	72	2	92																																																													2	88	2	110
53	eae	Eae	2	84	2	84					2	142	2	140			-2	142	-2	142	-2	140																																													2	74	2	90													2	74	2	94																											-2	104			-2	104											-2	108			-2	104											-2	112			-2	108
56	oiE	Oie	2	86	2	86	-2	142	-2	140	-2	140	-2	138			2	144	2	144	2	142																																																					2	106	2	126	2	96	2	112	2	76	2	96																																													2	90	2	106													2	90	2	110
58	eAe	eae			2	88			2	142	2	142	2	140							-2	140																																													-2	72	-2	88													-2	74	-2	94																																																									-2	90	-2	110	-2	88	-2	108
58	Apriori	Id(Bk)Syl1>>Id(Bk)	2	88																																																																																																																																																			
60	oEo	oeo			2	90					-2	140	-2	138			2	146	2	146	2	142																																									-2	90	-2	104	-2	70	-2	86									-2	94	-2	110	-2	72	-2	92																																									-2	90	-2	106	-2	88	-2	104									-2	88	-2	108	-2	86	-2	106
60	Apriori	Id(Bk)Syl1>>Id(Bk)	2	90																																																																																																																																																			
61	uea	yea	2	92	2	92			-2	140	-2	138	-2	136							2	144																															-2	94																																																																																									2	90	2	110	2	88	2	108
62	oyy	ouu			2	94			2	142	2	140	2	138							-2	142																																																																																																					2	104	2	126	2	92	2	108	2	90	2	106					2	106	2	128	2	92	2	112	2	90	2	110
62	Apriori	Id(Bk)Syl1>>Id(Bk)	2	94																																																																																																																																																			
63	AAy	aau	2	96	2	96			2	144	2	142	2	140							-2	140																																																																																																																																
64	aee	Aee	2	98	2	98			-2	142	-2	140	-2	138							2	142																																																																																																																									2	94	2	114	2	92	2	112
66	eyi	eui			2	100			2	144	2	142	2	140							-2	140																																													-2	68	-2	84													-2	70	-2	90																																																													-2	90	-2	110
66	Apriori	Id(Bk)Syl1>>Id(Bk)	2	100																																																																																																																																																			
67	eOi	eoi			2	102	2	144	2	146	2	144	2	142					-2	144	-2	138																																									-2	88	-2	102	-2	66	-2	82									-2	92	-2	108	-2	68	-2	88																																													-2	88	-2	104													-2	88	-2	108
67	Apriori	Id(Bk)Syl1>>Id(Bk)	2	102																																																																																																																																																			
68	uoe	yoe	2	104	2	104			-2	144	-2	142	-2	140							2	140																									-2	94	-2	108	-2	80	-2	92									-2	86	-2	100	-2	64	-2	80									-2	90	-2	106	-2	66	-2	86																																																											2	116			2	110
70	aa	Aa	2	106	2	106			-2	142	-2	140	-2	138							2	142																													-2	78	-2	90													-2	62	-2	78													-2	64	-2	84																																																																
71	Oiy	oiu	2	108	2	108	2	146	2	144	2	142	2	140					-2	142	-2	140																																																													-2	62	-2	82																																													-2	86	-2	102													-2	86	-2	108
72	ei	Ei	2	110	2	110					2	144	2	142			-2	144	-2	140	-2	138																																																																																													-2	86	-2	102													-2	84	-2	100													-2	84	-2	106
74	oEa	oea			2	112					-2	142	-2	140			2	146	2	142	2	140																																													-2	60	-2	76													-2	60	-2	80																																									-2	90	-2	106	-2	82	-2	98									-2	92	-2	114	-2	82	-2	104
74	Apriori	Id(Bk)Syl1>>Id(Bk)	2	112																																																																																																																																																			
75	oia	Oia	2	114	2	114	-2	144	-2	142	-2	140	-2	138					2	144	2	142															-2	110															-2	88															-2	74																																																													2	84	2	100													2	84	2	106
77	uoe	yoe	2	116	2	116			-2	140	-2	138	-2	136							2	144																									-2	92	-2	106	-2	76	-2	86									-2	84	-2	98	-2	58	-2	72									-2	88	-2	104	-2	58	-2	78																																																											2	116			2	108
80	eye	eue			2	118			2	142	2	140	2	138							-2	142																																													-2	56	-2	70													-2	56	-2	76																																																									-2	90	-2	114	-2	82	-2	106
80	Apriori	Id(Bk)Syl1>>Id(Bk)	2	118																																																																																																																																																			
81	yiy	yiu			2	120			2	144	2	142	2	140							-2	140																															-2	84															-2	68													-2	54	-2	74																																																																
81	Apriori	Id(Bk)Syl1>>Id(Bk)	2	120																																																																																																																																																			
82	uui	yui	2	122	2	122			-2	142	-2	140	-2	138							2	142																													-2	74	-2	82													-2	54	-2	66													-2	52	-2	72																																																															2	108
83	OOy	Oou			2	124	2	146	2	144	2	142	2	140					-2	142	-2	140									-2	98	-2	116	-2	94	-2	108									-2	90	-2	104	-2	72	-2	80									-2	82	-2	96	-2	52	-2	64									-2	86	-2	102	-2	50	-2	70																																																																
83	Apriori	Id(Bk)Syl1>>Id(Bk)	2	124																																																																																																																																																			
84	aae	Aae	2	126	2	126			-2	142	-2	140	-2	138							2	142																													-2	70	-2	78													-2	50	-2	62													-2	48	-2	68																																																											2	116			2	110
86	eye	Eue	2	128	2	128			2	144	2	142	2	140			-2	144	-2	140	-2	140																																																																																											-2	102			-2	100											-2	104			-2	98									-2	88	-2	114	-2	80	-2	108
87	uia	yia	2	130	2	130			-2	142	-2	140	-2	138							2	142																															-2	76															-2	60																																																																													2	82	2	110
88	yAe	yae			2	132			2	144	2	142	2	140							-2	140																													-2	68	-2	74													-2	48	-2	58													-2	46	-2	66																																																									-2	86	-2	112	-2	80	-2	108
88	Apriori	Id(Bk)Syl1>>Id(Bk)	2	132																																																																																																																																																			
96	euu	Euu	2	134	2	134					2	144	2	142			-2	142	-2	138	-2	138																																													2	50	2	60													2	48	2	68																																																																
97	EEo	Eeo			2	136					-2	142	-2	140			2	144	2	140	2	140																																									-2	80	-2	94	-2	48	-2	58									-2	84	-2	100	-2	46	-2	66																									-2	86	-2	100	-2	84	-2	98									-2	88	-2	102	-2	82	-2	96									-2	84	-2	110	-2	78	-2	106
97	Apriori	Id(Bk)Syl1>>Id(Bk)	2	136																																																																																																																																																			
100	uoi	yoi	2	138	2	138			-2	142	-2	140	-2	138							2	142																									-2	88	-2	102	-2	66	-2	72									-2	78	-2	92	-2	46	-2	56									-2	82	-2	98	-2	44	-2	64																																																															2	108
101	yiA	yia			2	140			2	144	2	142	2	140							-2	140																															-2	70															-2	54													-2	42	-2	62																																																																
101	Apriori	Id(Bk)Syl1>>Id(Bk)	2	140																																																																																																																																																			
103	Eui	eui	2	142	2	142					-2	140	-2	138			2	146	2	142	2	142																																													-2	44	-2	52													-2	40	-2	60																															2	100															2	98															2	110
104	eia	Eia	2	144	2	144					2	142	2	140			-2	144	-2	140	-2	140																																															2	54																																													-2	82	-2	98													-2	80	-2	96													-2	76	-2	108
106	oEi	oei			2	146					-2	140	-2	138			2	146	2	142	2	142																																																																																													2	84	2	100									-2	86	-2	100			2	98									-2	82	-2	108			2	110
106	Apriori	Id(Bk)Syl1>>Id(Bk)	2	146																																																																																																																																																			
109	eoo	Eoo	2	148	2	148					2	142	2	140			-2	144	-2	140	-2	140																																									2	80	2	94	2	46	2	56									2	84	2	100	2	42	2	62																																																																
180	auo	Auo	2	150	2	150			-2	142	-2	140	-2	138							2	142																											-2	100	-2	64	-2	68											-2	92	-2	44	-2	54											-2	98	-2	40	-2	60																																																																
245	oi	Oi	2	152	2	152	-2	144	-2	140	-2	138	-2	136					2	142	2	144																																																																																																													2	82	2	100													2	78	2	112
1436	yAO	yao			2	154	2	146	2	142	2	140	2	138					-2	140	-2	142																											-2	98	-2	62	-2	66											-2	90	-2	42	-2	52											-2	96	-2	38	-2	58																																																																
1436	Apriori	Id(Bk)Syl1>>Id(Bk)	2	154																																																																																																																																																			
TOTAL				154		154		146		142		140		138		144		144		140		142		100		120		100		120		98		116		94		108		100		120		100		120		88		98		62		66		100		120		100		120		80		90		42		52		100		120		106		126		84		96		38		58		100		120		100		120		100		120		100		120		100		120		100		120		86		100		84		100		100		120		104		126		86		100		82		100		102		122		106		128		82		108		78		112
