trialnum	Generated	Heard	Id(Bk)Syl1	now	Id(Bk)	now	*F1	now	*F3	now	*F4	now	*F5	now	*B1	now	*B2	now	*B3	now	*B5	now	*F1_B1	now	*F1..._B1	now	*F1_B2	now	*F1..._B2	now	*F1_B3	now	*F1..._B3	now	*F1_B5	now	*F1..._B5	now	*F3_B1	now	*F3..._B1	now	*F3_B2	now	*F3..._B2	now	*F3_B3	now	*F3..._B3	now	*F3_B5	now	*F3..._B5	now	*F4_B1	now	*F4..._B1	now	*F4_B2	now	*F4..._B2	now	*F4_B3	now	*F4..._B3	now	*F4_B5	now	*F4..._B5	now	*F5_B1	now	*F5..._B1	now	*F5_B2	now	*F5..._B2	now	*F5_B3	now	*F5..._B3	now	*F5_B5	now	*F5..._B5	now	*_B1F1	now	*_B1...F1	now	*_B1F3	now	*_B1...F3	now	*_B1F4	now	*_B1...F4	now	*_B1F5	now	*_B1...F5	now	*_B2F1	now	*_B2...F1	now	*_B2F3	now	*_B2...F3	now	*_B2F4	now	*_B2...F4	now	*_B2F5	now	*_B2...F5	now	*_B3F1	now	*_B3...F1	now	*_B3F3	now	*_B3...F3	now	*_B3F4	now	*_B3...F4	now	*_B3F5	now	*_B3...F5	now	*_B5F1	now	*_B5...F1	now	*_B5F3	now	*_B5...F3	now	*_B5F4	now	*_B5...F4	now	*_B5F5	now	*_B5...F5	now
				0		0		100		100		100		100		100		100		100		100		100		100		100		100		100		100		100		100		100		100		100		100		100		100		100		100		100		100		100		100		100		100		100		100		100		100		100		100		100		100		100		100		100		100		100		100		100		100		100		100		100		100		100		100		100		100		100		100		100		100		100		100		100		100		100		100		100		100		100		100		100		100		100		100
0	Apriori	Id(Bk)Syl1>>Id(Bk)	30	30																																																																																																																																																		
2	uaa	yAA	2	32	2	2			-2	98	-2	98	-2	98							2	102																																																																																																																																
4	uuI	uui			2	4							-2	96	2	102	2	102	2	102	2	104																																																																																																																													-2	98	-2	98
4	Apriori	Id(Bk)Syl1>>Id(Bk)	2	34																																																																																																																																																			
5	AyA	aua	2	36	2	6			2	100	2	100	2	98							-2	102																																																																																																																																
7	aIo	AiO	2	38	2	8	-2	98	-2	98	-2	98	-2	96	2	104	2	104	2	104	2	104																																																																																																																																
9	yyA	uua	2	40	2	10			2	100	2	100	2	98							-2	102																																																																																																																																
10	OAy	oau	2	42	2	12	2	100	2	102	2	102	2	100					-2	102	-2	100																																																																																																																																
14	aue	Aye	2	44	2	14			-2	100	-2	100	-2	98							2	102																																																																																																																									2	102	2	102	2	100	2	100
15	Aey	aeu	2	46	2	16			2	102	2	102	2	100							-2	100																																													-2	98	-2	98													-2	98	-2	98																																																									-2	100	-2	100	-2	98	-2	98
16	oEi	Oei	2	48	2	18	-2	98	-2	100	-2	100	-2	98			2	106	2	104	2	102																																																																																													2	102	2	102													2	102	2	102													2	100	2	100
19	uao	yAO	2	50	2	20	-2	96	-2	98	-2	98	-2	96					2	106	2	104																																																																																																																																
20	aOu	aou			2	22	2	98	2	100	2	100	2	98					-2	104	-2	102													2	102	2	102													2	102	2	102													2	100	2	100													2	100	2	100																																																	2	102	2	102	2	102	2	102	2	102	2	102	2	102	2	102
20	Apriori	Id(Bk)Syl1>>Id(Bk)	2	52																																																																																																																																																			
23	Oei	oei	2	54	2	24	2	100	2	102	2	102	2	100					-2	102	-2	100																																																																																																									-2	98	-2	98	-2	100	-2	100									-2	100	-2	100	-2	100	-2	100
24	oie	Oie	2	56	2	26	-2	98	-2	100	-2	100	-2	98					2	104	2	102																																																																																																											2	100	2	102	2	102											2	102	2	102	2	102
26	yiO	uio	2	58	2	28	2	100	2	102	2	102	2	100					-2	102	-2	100																																																									-2	98	-2	98	-2	98	-2	98																																																													-2	100	-2	100
31	aio	AiO	2	60	2	30	-2	98	-2	100	-2	100	-2	98					2	104	2	102																																																									2	100	2	100	2	100	2	100																																																													2	102	2	102
33	OOe	ooe	2	62	2	32	2	100	2	102	2	102	2	100					-2	102	-2	100																																																																																																									-2	96	-2	98	-2	100	-2	100									-2	98	-2	100	-2	100	-2	100
37	aiu	Aiy	2	64	2	34			-2	100	-2	100	-2	98							2	102																																																													2	102	2	102																																																													2	102	2	102
38	AAy	aau	2	66	2	36			2	102	2	102	2	100							-2	100																																																																																																																																
41	OeA	oea	2	68	2	38	2	102	2	104	2	104	2	102					-2	100	-2	98																																													-2	98	-2	98													-2	100	-2	100																																									-2	94	-2	96	-2	98	-2	98									-2	96	-2	98	-2	100	-2	100
43	ouu	Oyy	2	70	2	40	-2	100	-2	102	-2	102	-2	100					2	102	2	100																																																																																																																																
44	uea	yeA	2	72	2	42			-2	100	-2	100	-2	98							2	102																																													2	100	2	100													2	102	2	102																																																									2	98	2	100	2	102	2	102
46	Aeu	aeu	2	74	2	44			2	102	2	102	2	100							-2	100																															2	104																																																																																									-2	96	-2	98	-2	100	-2	100
47	auO	AyO	2	76	2	46			-2	100	-2	100	-2	98							2	102																																																																																																																	2	104	2	104	2	104	2	104	2	98	2	100	2	102	2	102
49	aia	AiA	2	78	2	48			-2	98	-2	98	-2	96							2	104																																																													2	104	2	104																																																													2	104	2	104
52	yiO	uio	2	80	2	50	2	102	2	100	2	100	2	98					-2	100	-2	102																																																									-2	98	-2	98	-2	102	-2	102																																																													-2	102	-2	102
53	OiA	oia	2	82	2	52	2	104	2	102	2	102	2	100					-2	98	-2	100																																																													-2	100	-2	100																																													-2	96	-2	96													-2	100	-2	100
54	aoo	AOO	2	84	2	54	-2	102	-2	100	-2	100	-2	98					2	100	2	102																																																																																																																																
56	aui	Ayi	2	86	2	56			-2	98	-2	98	-2	96							2	104																																																																																																																													2	102	2	102
57	AeA	aea	2	88	2	58			2	100	2	100	2	98							-2	102																																													-2	98	-2	98													-2	98	-2	98																																																									-2	96	-2	98	-2	100	-2	100
58	OOA	ooa	2	90	2	60	2	104	2	102	2	102	2	100					-2	98	-2	100																																																																																																																																
59	oie	Oie	2	92	2	62	-2	102	-2	100	-2	100	-2	98					2	100	2	102																																																																																																											2	98	2	98	2	98											2	100	2	102	2	102
60	oaa	OAA	2	94	2	64	-2	100	-2	98	-2	98	-2	96					2	102	2	104																																																																																																																																
62	Oei	oei	2	96	2	66	2	102	2	100	2	100	2	98					-2	100	-2	102																																																																																																									-2	92	-2	96	-2	96	-2	96									-2	94	-2	98	-2	100	-2	100
63	AeA	aea	2	98	2	68			2	102	2	102	2	100							-2	100																																													-2	96	-2	96													-2	96	-2	96																																																									-2	92	-2	96	-2	98	-2	98
65	OeA	oea	2	100	2	70	2	104	2	104	2	104	2	102					-2	98	-2	98																																													-2	94	-2	94													-2	94	-2	94																																									-2	90	-2	94	-2	94	-2	94									-2	90	-2	94	-2	96	-2	96
66	uei	yei	2	102	2	72			-2	102	-2	102	-2	100							2	100																																																																																																																									2	92	2	96	2	98	2	98
72	ueu	yey	2	104	2	74			-2	100	-2	100	-2	98							2	102																																													2	96	2	96													2	96	2	96																																																									2	94	2	98	2	100	2	100
75	AAe	aae	2	106	2	76			2	102	2	102	2	100							-2	100																																																																																																																									-2	92	-2	96	-2	98	-2	98
93	Ao	AO			2	78	-2	102	-2	100	-2	100	-2	98					2	100	2	102																									2	102	2	102	2	104	2	106									2	102	2	102	2	98	2	98									2	100	2	100	2	98	2	98																																																																
93	Apriori	Id(Bk)Syl1>>Id(Bk)	2	108																																																																																																																																																			
94	yio	yiO			2	80	-2	100	-2	98	-2	98	-2	96					2	102	2	104																											2	104			2	108											2	104			2	100									2	102	2	102	2	100	2	100																																																																
94	Apriori	Id(Bk)Syl1>>Id(Bk)	2	110																																																																																																																																																			
100	oOi	ooi			2	82	2	102	2	100	2	100	2	98					-2	100	-2	102																																																																																																	2	102	2	102	2	102	2	102	2	92	2	96			-2	92	2	106	2	106	2	106	2	106	2	94	2	98			-2	96
100	Apriori	Id(Bk)Syl1>>Id(Bk)	2	112																																																																																																																																																			
223	Aa	AA			2	84			-2	98	-2	98	-2	96							2	104																													2	106	2	110													2	100	2	102													2	102	2	102																																																																
223	Apriori	Id(Bk)Syl1>>Id(Bk)	2	114																																																																																																																																																			
249	aiy	aiu			2	86			2	100	2	100	2	98							-2	102																																																													-2	100	-2	100																																																							2	108			2	100				
249	Apriori	Id(Bk)Syl1>>Id(Bk)	2	116																																																																																																																																																			
250	uuE	uue			2	88					-2	98	-2	96			2	108	2	102	2	104																																																																																																																									-2	92	-2	98	-2	96	-2	94
250	Apriori	Id(Bk)Syl1>>Id(Bk)	2	118																																																																																																																																																			
258	uoA	uoa			2	90			2	102	2	100	2	98							-2	102																																																																																																					2	104	2	104	2	94	2	98	2	96	2	94					2	108	2	110	2	94	2	100	2	98	2	96
258	Apriori	Id(Bk)Syl1>>Id(Bk)	2	120																																																																																																																																																			
377	aOe	aoe			2	92	2	104	2	104	2	102	2	100					-2	100	-2	100																																																																																																									-2	92	-2	96	-2	94	-2	92	2	108	2	108	2	110	2	112			-2	98			-2	94
377	Apriori	Id(Bk)Syl1>>Id(Bk)	2	122																																																																																																																																																			
391	Ooa	OOA			2	94	-2	102	-2	102	-2	100	-2	98					2	102	2	102									2	102	2	102	2	104	2	104									2	104	2	106	2	108	2	112									2	104	2	106	2	102	2	104									2	104	2	104	2	102	2	102																																																																
391	Apriori	Id(Bk)Syl1>>Id(Bk)	2	124																																																																																																																																																			
676	oEo	oeo			2	96					-2	98	-2	96			2	110	2	104	2	104																																									-2	102	-2	104	-2	100	-2	102									-2	102	-2	102	-2	100	-2	100																																									-2	90	-2	94	-2	92	-2	90									-2	92	-2	96	-2	96	-2	92
676	Apriori	Id(Bk)Syl1>>Id(Bk)	2	126																																																																																																																																																			
1426	uIo	uio			0.2	96.2							-0.2	95.8	0.2	104.2	0.2	110.2	0.2	104.2	0.2	104.2																																																									-0.2	101.8	-0.2	101.8	-0.2	99.8	-0.2	99.8																																																													-0.2	95.8	-0.2	91.8
1426	Apriori	Id(Bk)Syl1>>Id(Bk)	0.20000000000000284	126.2																																																																																																																																																			
2616	Oea	OeA			0.02	96.22			-0.02	101.98	-0.02	97.98	-0.02	95.78							0.02	104.22															0.02	104.02															0.02	112.02													0.02	100.02	0.02	102.02													0.02	99.82	0.02	99.82																																																																
2616	Apriori	Id(Bk)Syl1>>Id(Bk)	0.01999999999999602	126.22																																																																																																																																																			
2933	oiA	oia			0.02	96.24			0.02	102.0	0.02	98.0	0.02	95.8							-0.02	104.2																																																													-0.02	99.8	-0.02	99.8																																							0.02	104.02			0.02	94.02											0.02	112.02			0.02	96.02				
2933	Apriori	Id(Bk)Syl1>>Id(Bk)	0.01999999999999602	126.24																																																																																																																																																			
3072	uEo	ueo			0.002	96.24199999999999					-0.002	97.998	-0.002	95.798			0.002	110.202	0.002	104.202	0.002	104.202																																									-0.002	101.998	-0.002	103.998	-0.002	100.018	-0.002	102.018									-0.002	101.798	-0.002	101.798	-0.002	99.798	-0.002	99.798																																																									-0.002	91.998	-0.002	96.018	-0.002	95.798	-0.002	91.798
3072	Apriori	Id(Bk)Syl1>>Id(Bk)	0.001999999999995339	126.24199999999999																																																																																																																																																			
3770	ueO	ueo			0.002	96.24399999999999	0.002	102.002	0.002	102.002	0.002	98.0	0.002	95.8					-0.002	104.2	-0.002	104.2																																									-0.002	101.99600000000001	-0.002	103.99600000000001	-0.002	100.016	-0.002	102.016									-0.002	101.796	-0.002	101.796	-0.002	99.796	-0.002	99.796																																																			0.002	108.002			0.002	112.02199999999999								
3770	Apriori	Id(Bk)Syl1>>Id(Bk)	0.001999999999995339	126.24399999999999																																																																																																																																																			
TOTAL				126.24399999999999		96.24399999999999		102.002		102.002		98.0		95.8		104.2		110.202		104.2		104.2		100		100		100		100		102		102		104		104.02		100		100		100		100		104		106		108		112.02		100		100		100		100		101.99600000000001		103.99600000000001		100.016		102.016		100		100		100		100		101.796		101.796		99.796		99.796		100		100		100		100		100		100		100		100		100		100		100		100		100		100		102		102		102		102		104		104.02		90		94.02		92		90		108		108.002		110		112.02199999999999		91.998		96.018		95.798		91.798
