trialnum	Generated	Heard	Id(Bk)Syl1	now	Id(Bk)	now	*F1	now	*F3	now	*F4	now	*F5	now	*B1	now	*B2	now	*B3	now	*B5	now	*F1_B1	now	*F1..._B1	now	*F1_B2	now	*F1..._B2	now	*F1_B3	now	*F1..._B3	now	*F1_B5	now	*F1..._B5	now	*F3_B1	now	*F3..._B1	now	*F3_B2	now	*F3..._B2	now	*F3_B3	now	*F3..._B3	now	*F3_B5	now	*F3..._B5	now	*F4_B1	now	*F4..._B1	now	*F4_B2	now	*F4..._B2	now	*F4_B3	now	*F4..._B3	now	*F4_B5	now	*F4..._B5	now	*F5_B1	now	*F5..._B1	now	*F5_B2	now	*F5..._B2	now	*F5_B3	now	*F5..._B3	now	*F5_B5	now	*F5..._B5	now	*_B1F1	now	*_B1...F1	now	*_B1F3	now	*_B1...F3	now	*_B1F4	now	*_B1...F4	now	*_B1F5	now	*_B1...F5	now	*_B2F1	now	*_B2...F1	now	*_B2F3	now	*_B2...F3	now	*_B2F4	now	*_B2...F4	now	*_B2F5	now	*_B2...F5	now	*_B3F1	now	*_B3...F1	now	*_B3F3	now	*_B3...F3	now	*_B3F4	now	*_B3...F4	now	*_B3F5	now	*_B3...F5	now	*_B5F1	now	*_B5...F1	now	*_B5F3	now	*_B5...F3	now	*_B5F4	now	*_B5...F4	now	*_B5F5	now	*_B5...F5	now
				0		0		300		300		300		300		300		300		300		300		300		300		300		300		300		300		300		300		300		300		300		300		300		300		300		300		300		300		300		300		300		300		300		300		300		300		300		300		300		300		300		300		300		300		300		300		300		300		300		300		300		300		300		300		300		300		300		300		300		300		300		300		300		300		300		300		300		300		300		300		300		300		300		300
1	AiO	aio	2	2	2	2	2	302	2	302	2	302	2	302					-2	298	-2	298																																																									-2	298	-2	298	-2	298	-2	298																																																													-2	298	-2	298
3	aaI	AAi	2	4	2	4			-2	300	-2	300	-2	300	2	302	2	302	2	300	2	300																																																																																																																																
4	yio	yiO			2	6	-2	300	-2	298	-2	298	-2	298					2	302	2	302																											2	302			2	302											2	302			2	302									2	300	2	300	2	300	2	300																																																																
5	Oye	ouE	2	6	2	8	2	302	2	300	2	300	2	300			-2	300	-2	300	-2	300																																																																																																																																
9	eyi	Eui	2	8	2	10			2	302	2	302	2	302			-2	298	-2	298	-2	298																																																																																															-2	298															-2	298													-2	296	-2	296
11	uoa	yOA	2	10	2	12	-2	300	-2	300	-2	300	-2	300					2	300	2	300																																																																																																																																
12	iOO	Ioo	2	12	2	14	2	302	2	302	2	302	2	302	-2	300	-2	296	-2	298	-2	298																																																																																																																																
13	uiA	uia			2	16			2	304	2	304	2	304							-2	296																																																													-2	298	-2	298																																																							2	302			2	302				
14	Io	io	2	14	2	18							-2	302	2	302	2	298	2	300	2	298																																																									-2	298	-2	298	-2	296	-2	296																																																																
15	aao	AAO	2	16	2	20	-2	300	-2	302	-2	302	-2	300					2	302	2	300																																																																																																																																
16	OA	oa	2	18	2	22	2	302	2	304	2	304	2	302					-2	300	-2	298																																																																																																																																
17	IuI	Iui			2	24							-2	300	2	304	2	300	2	302	2	300																																																																															-2	298															-2	296															-2	296													-2	294	-2	294
18	uao	yAO	2	20	2	26	-2	300	-2	302	-2	302	-2	298					2	304	2	302																																																																																																																																
19	iia	Iia	2	22	2	28							2	300	-2	302	-2	298	-2	302	-2	300																																																																													-2	298	-2	296													-2	298	-2	294													-2	298	-2	294													-2	292	-2	292
20	ui	yi	2	24	2	30			-2	300	-2	300	-2	298							2	302																																																																																																																													2	294	2	294
22	uo	yO	2	26	2	32	-2	298	-2	298	-2	298	-2	296					2	304	2	304																																																																																																																																
23	iOy	Iou	2	28	2	34	2	300	2	300	2	300	2	298	-2	300	-2	296	-2	302	-2	302																																																																																																																																
24	oue	ouE			2	36					2	302	2	300			-2	294	-2	300	-2	300																																																																																																											2	302			2	296									2	302	2	304	2	296	2	296
25	OiO	oio	2	30	2	38	2	302	2	302	2	304	2	302					-2	298	-2	298																																																									-2	296	-2	296	-2	294	-2	294																																													-2	296	-2	294													-2	294	-2	294
26	iaa	iAA			2	40			-2	300	-2	302	-2	300							2	300																																																													2	296	2	296																																																																
28	oEa	OeA	2	32	2	42	-2	300	-2	298	-2	300	-2	298			2	296	2	300	2	302																																																																																																																																
29	ii	Ii	2	34	2	44							2	300	-2	298	-2	294	-2	298	-2	300																																																																													-2	296	-2	294													-2	296	-2	292													-2	294	-2	292													-2	292	-2	292
31	aIo	AiO	2	36	2	46	-2	298	-2	296	-2	298	-2	298	2	300	2	296	2	300	2	302																																																																																																																																
32	iAy	iau			2	48			2	298	2	300	2	300							-2	300																																																													-2	294	-2	294																																																																
36	AyO	auo	2	38	2	50	2	300	2	300	2	302	2	302					-2	298	-2	298																																																																																																																																
39	iai	iAi			2	52			-2	298	-2	300	-2	300							2	300																																																													2	296	2	296																																																													2	294	2	294
41	IuE	iuE	2	40	2	54							-2	298	2	302	2	298	2	300	2	302																																																							-2	298			-2	294	-2	294	-2	294																																																																
42	iAi	Iai	2	42	2	56			2	300	2	302	2	300	-2	300	-2	296	-2	298	-2	300																																																																															-2	292															-2	290															-2	290													-2	292	-2	292
44	aEI	aEi			2	58							-2	298	2	302	2	298	2	300	2	302																																																																																													-2	294	-2	288													-2	292	-2	288													-2	290	-2	290
47	yAO	uao	2	44	2	60	2	302	2	302	2	304	2	300					-2	298	-2	300																																																																																																																																
49	oI	Oi	2	46	2	62	-2	300	-2	300	-2	302	-2	298	2	304	2	300	2	300	2	302																																																																																																																																
50	iEa	ieA			2	64			-2	298	-2	300	-2	296			2	302	2	302	2	304																																																					2	302	2	300	2	298	2	296	2	296	2	296																																																																
52	eiO	Eio	2	48	2	66	2	302	2	300	2	302	2	298			-2	300	-2	300	-2	302																																																									-2	296	-2	294	-2	294	-2	294																													-2	292	-2	286													-2	290	-2	286													-2	288	-2	288
53	aoo	AOO	2	50	2	68	-2	300	-2	298	-2	300	-2	296					2	302	2	304																																																																																																																																
54	Oiy	oiu	2	52	2	70	2	302	2	300	2	302	2	298					-2	300	-2	302																																																													-2	292	-2	292																																													-2	288	-2	284													-2	286	-2	286
57	OOO	ooo	2	54	2	72	2	304	2	302	2	304	2	300					-2	298	-2	300																																																																																																																																
59	iE	ie			2	74					-2	302	-2	298			2	302	2	300	2	302																																																					2	304	2	302	2	298	2	296	2	294	2	294																																																																
61	Ae	aE	2	56	2	76			2	304	2	304	2	300			-2	300	-2	298	-2	300																																																																																																																																
63	ioi	iOi			2	78	-2	302	-2	302	-2	302	-2	298					2	300	2	302																																																									2	300	2	298	2	296	2	296																																													2	290	2	286													2	288	2	288
65	euu	Euu	2	58	2	80					2	304	2	300			-2	298	-2	298	-2	300																																													2	302	2	304													2	298	2	298																																																																
69	eiA	Eia	2	60	2	82			2	304	2	306	2	302			-2	296	-2	296	-2	298																																																													-2	296	-2	296																													-2	290	-2	284													-2	288	-2	284													-2	286	-2	286
70	uao	yAO	2	62	2	84	-2	300	-2	302	-2	304	-2	300					2	298	2	300																																																																																																																																
73	iau	Iau	2	64	2	86							2	302	-2	302	-2	294	-2	296	-2	298																																																													2	298	2	298																																																																
75	EEE	eee	2	66	2	88					-2	302	-2	300			2	296	2	298	2	300																																																																																																																																
76	IIE	IiE			2	90							-2	298	2	304	2	298	2	300	2	302																																																					-2	302	-2	300	-2	298	-2	296	-2	296	-2	296													-2	294	-2	290													-2	288	-2	282													-2	286	-2	282													-2	284	-2	284
77	uEE	yee	2	68	2	92			-2	300	-2	300	-2	296			2	300	2	302	2	304																																																																																																																																
78	eie	EiE	2	70	2	94					2	302	2	298			-2	298	-2	300	-2	302																																																					-2	300	-2	298	-2	296	-2	294	-2	294	-2	294																													-2	286	-2	280													-2	284	-2	280													-2	282	-2	282
79	aaa	AAA	2	72	2	96			-2	298	-2	300	-2	296							2	304																																																																																																																																
80	yey	uEu	2	74	2	98			2	300	2	302	2	298			-2	296	-2	298	-2	302																																																																																																																																
81	uu	yy	2	76	2	100			-2	298	-2	300	-2	296							2	304																																																																																																																																
82	iAy	Iau	2	78	2	102			2	300	2	302	2	298	-2	302	-2	294	-2	296	-2	302																																																																																																																																
85	EEa	eeA	2	80	2	104			-2	298	-2	300	-2	296			2	296	2	298	2	304																																																																																																																																
87	AAO	aao	2	82	2	106	2	302	2	300	2	302	2	298					-2	296	-2	302																																																																																																																																
88	AO	ao	2	84	2	108	2	304	2	302	2	304	2	300					-2	294	-2	300																																																																																																																																
89	ao	AO	2	86	2	110	-2	302	-2	300	-2	302	-2	298					2	296	2	302																																																																																																																																
90	aia	AiA	2	88	2	112			-2	298	-2	300	-2	296							2	304																																																													2	296	2	296																																																													2	284	2	284
91	Ae	aE	2	90	2	114			2	300	2	302	2	298			-2	294	-2	294	-2	302																																																																																																																																
94	aaa	AAA	2	92	2	116			-2	298	-2	300	-2	296							2	304																																																																																																																																
95	OOy	oou	2	94	2	118	2	304	2	300	2	302	2	298					-2	292	-2	302																																																																																																																																
97	uia	yiA	2	96	2	120			-2	298	-2	300	-2	296							2	304																																																													2	298	2	298																																																													2	286	2	286
99	OAy	oau	2	98	2	122	2	306	2	300	2	302	2	298					-2	290	-2	302																																																																																																																																
101	eeA	EEa	2	100	2	124			2	302	2	304	2	300			-2	292	-2	288	-2	300																																																																																																																																
102	Eoa	eOA	2	102	2	126	-2	304	-2	300	-2	302	-2	298			2	294	2	290	2	302																																																																																																																																
106	iAy	iau			2	128			2	302	2	304	2	300							-2	300																																																													-2	296	-2	296																																																																
107	uEu	yey	2	104	2	130			-2	300	-2	302	-2	298			2	296	2	292	2	302																																																																																																																																
110	uoo	yOO	2	106	2	132	-2	302	-2	298	-2	300	-2	296					2	294	2	304																																																																																																																																
112	iie	IiE	2	108	2	134					2	302	2	298	-2	300	-2	294	-2	292	-2	302																																																					-2	298	-2	296	-2	294	-2	292	-2	294	-2	294													-2	292	-2	288													-2	284	-2	278													-2	282	-2	278													-2	284	-2	284
116	iao	iAO			2	136	-2	300	-2	296	-2	300	-2	296					2	294	2	304																																																											2	294	2	296	2	296																																																																
120	eA	Ea	2	110	2	138			2	298	2	302	2	298			-2	292	-2	292	-2	302																																																																																																																																
123	iiy	iiu			2	140			2	300	2	304	2	300							-2	300																																																													-2	294	-2	294																																																																
124	ao	AO	2	112	2	142	-2	298	-2	298	-2	302	-2	298					2	294	2	302																																																																																																																																
126	aEo	AeO	2	114	2	144	-2	296	-2	296	-2	300	-2	296			2	294	2	296	2	304																																																																																																																																
128	Aie	aiE	2	116	2	146			2	298	2	302	2	298			-2	292	-2	294	-2	302																																																					-2	296	-2	294	-2	292	-2	292	-2	292	-2	292																																																													-2	282	-2	282
135	Eo	eO	2	118	2	148	-2	294	-2	296	-2	300	-2	296			2	294	2	296	2	304																																																																																																																																
138	yAA	uaa	2	120	2	150			2	298	2	302	2	298							-2	302																																																																																																																																
139	eei	EEi	2	122	2	152					2	304	2	300			-2	292	-2	294	-2	300																																																																																													-2	282	-2	276													-2	280	-2	276													-2	280	-2	280
140	oio	OiO	2	124	2	154	-2	292	-2	296	-2	302	-2	298					2	296	2	302																																																									2	294	2	294	2	294	2	294																																													2	282	2	278													2	282	2	282
141	ioE	IoE	2	126	2	156							2	300	-2	298	-2	290	-2	294	-2	300																																																							2	296	2	296	2	296	2	296	2	296																																																																
142	oIu	Oiy	2	128	2	158	-2	290	-2	294	-2	300	-2	298	2	300	2	292	2	296	2	302																																																																																																																																
143	iAe	IaE	2	130	2	160			2	296	2	302	2	300	-2	298	-2	290	-2	294	-2	300																																																																																																																																
144	aaa	AAA	2	132	2	162			-2	294	-2	300	-2	298							2	302																																																																																																																																
145	yO	uo	2	134	2	164	2	292	2	296	2	302	2	300					-2	292	-2	300																																																																																																																																
146	iyA	iua			2	166			2	298	2	304	2	302							-2	298																																																													-2	294	-2	294																																																																
147	Ei	ei	2	136	2	168					-2	302	-2	300			2	292	2	294	2	300																																																																																													2	284	2	278													2	284	2	280													2	284	2	284
148	oIa	oia			2	170							-2	298	2	300	2	294	2	296	2	302																																																													-2	292	-2	292																																													-2	282	-2	278													-2	282	-2	282
150	ioi	iOi			2	172	-2	290	-2	296	-2	300	-2	296					2	298	2	304																																																									2	298	2	298	2	294	2	294																																													2	284	2	280													2	284	2	284
152	yii	uii	2	138	2	174			2	298	2	302	2	298							-2	302																																																																																																																													-2	282	-2	282
153	yey	uEu	2	140	2	176			2	300	2	304	2	300			-2	292	-2	296	-2	300																																																																																																																																
155	uoi	yOi	2	142	2	178	-2	288	-2	298	-2	302	-2	298					2	298	2	302																																																																																																													2	286	2	282													2	284	2	284
157	iOi	Ioi	2	144	2	180	2	290	2	300	2	304	2	300	-2	298	-2	290	-2	296	-2	300																																																																															-2	286															-2	276													-2	284	-2	280													-2	282	-2	282
158	aiu	Aiy	2	146	2	182			-2	298	-2	302	-2	298							2	302																																																													2	296	2	296																																																													2	284	2	284
159	Eaa	eAA	2	148	2	184			-2	296	-2	300	-2	296			2	292	2	298	2	304																																																																																																																																
163	eei	EEi	2	150	2	186					2	302	2	298			-2	290	-2	296	-2	302																																																																																													-2	282	-2	274													-2	282	-2	278													-2	282	-2	282
164	iaE	iAe			2	188			-2	294	-2	300	-2	296			2	292	2	298	2	304																																																							2	298			2	300	2	298	2	298																																																																
167	OAA	oaa	2	152	2	190	2	292	2	296	2	302	2	298					-2	296	-2	302																																																																																																																																
173	uEE	yee	2	154	2	192			-2	294	-2	300	-2	296			2	294	2	298	2	304																																																																																																																																
174	Aiy	aiu	2	156	2	194			2	296	2	302	2	298							-2	302																																																													-2	296	-2	296																																																													-2	280	-2	280
175	OyO	ouo	2	158	2	196	2	294	2	298	2	304	2	300					-2	296	-2	300																																																																																																																																
176	Iaa	iaa	2	160	2	198							-2	298	2	300	2	296	2	298	2	302																																																													-2	294	-2	294																																																																
177	yOi	uoi	2	162	2	200	2	296	2	300	2	306	2	300					-2	296	-2	300																																																																																																													-2	280	-2	276													-2	278	-2	278
179	IE	iE	2	164	2	202							-2	298	2	302	2	298	2	298	2	302																																																					-2	294	-2	296	-2	296	-2	298	-2	292	-2	292																																																																
180	oua	OyA	2	166	2	204	-2	294	-2	298	-2	304	-2	296					2	300	2	304																																																																																																																																
182	eyi	Eui	2	168	2	206			2	300	2	306	2	298			-2	296	-2	298	-2	302																																																																																															-2	272															-2	274													-2	276	-2	276
183	ooa	OOA	2	170	2	208	-2	292	-2	298	-2	304	-2	296					2	300	2	304																																																																																																																																
185	oi	Oi	2	172	2	210	-2	290	-2	296	-2	302	-2	294					2	302	2	306																																																																																																													2	282	2	276													2	278	2	278
186	AOi	aoi	2	174	2	212	2	292	2	298	2	304	2	296					-2	300	-2	304																																																																																																													-2	280	-2	274													-2	276	-2	276
187	ui	yi	2	176	2	214			-2	296	-2	302	-2	294							2	306																																																																																																																													2	278	2	278
188	iOe	IoE	2	178	2	216	2	294	2	298	2	304	2	296	-2	300	-2	294	-2	298	-2	304																																																																																																																																
189	uuu	yyy	2	180	2	218			-2	296	-2	302	-2	294							2	306																																																																																																																																
190	eOO	Eoo	2	182	2	220	2	296	2	298	2	304	2	296			-2	292	-2	296	-2	304																																																																																																																																
191	OAA	oaa	2	184	2	222	2	298	2	300	2	306	2	298					-2	294	-2	302																																																																																																																																
192	Eoi	eOi	2	186	2	224	-2	296	-2	298	-2	304	-2	296			2	294	2	296	2	304																																																																																															2	274													2	282	2	276													2	280	2	280
193	AiA	aia	2	188	2	226			2	300	2	306	2	298							-2	302																																																													-2	290	-2	290																																																													-2	278	-2	278
194	IuI	Iui			2	228							-2	296	2	302	2	296	2	298	2	304																																																																															-2	284															-2	272															-2	274													-2	276	-2	276
195	yAA	uaa	2	190	2	230			2	302	2	308	2	298							-2	302																																																																																																																																
196	ia	Ia	2	192	2	232							2	300	-2	300	-2	294	-2	296	-2	300																																																													2	292	2	292																																																																
197	oEo	OeO	2	194	2	234	-2	294	-2	300	-2	306	-2	298			2	296	2	298	2	302																																																																																																																																
199	uou	yOy	2	196	2	236	-2	292	-2	298	-2	304	-2	296					2	300	2	304																																																																																																																																
200	oai	OAi	2	198	2	238	-2	290	-2	296	-2	302	-2	294					2	302	2	306																																																																																																															2	276													2	278	2	278
201	iOi	ioi			2	240	2	292	2	298	2	304	2	296					-2	300	-2	304																																																									-2	294	-2	296	-2	290	-2	290																																													-2	280	-2	274													-2	276	-2	276
203	iAe	iaE			2	242			2	300	2	306	2	298			-2	294	-2	298	-2	302																																																							-2	294			-2	294	-2	288	-2	288																																																																
208	oui	Oyi	2	200	2	244	-2	290	-2	298	-2	304	-2	296					2	300	2	304																																																																																																															2	276													2	278	2	278
210	iy	Iu	2	202	2	246			2	300	2	306	2	298	-2	298	-2	292	-2	298	-2	302																																																																																																																																
211	uaE	yAe	2	204	2	248			-2	298	-2	304	-2	296			2	294	2	300	2	304																																																																																																																																
216	AAA	aaa	2	206	2	250			2	300	2	306	2	298							-2	302																																																																																																																																
217	oia	OiA	2	208	2	252	-2	288	-2	298	-2	304	-2	296					2	302	2	304																																																													2	290	2	290																																													2	282	2	278													2	280	2	280
218	iEu	iey			2	254			-2	296	-2	302	-2	294			2	296	2	304	2	306																																																					2	296	2	296	2	296	2	296	2	292	2	292																																																																
219	eeA	EEa	2	210	2	256			2	298	2	304	2	296			-2	294	-2	302	-2	304																																																																																																																																
220	eA	Ea	2	212	2	258			2	300	2	306	2	298			-2	292	-2	300	-2	302																																																																																																																																
221	EEu	eey	2	214	2	260			-2	298	-2	304	-2	296			2	294	2	302	2	304																																																																																																																																
222	ieA	iEa			2	262			2	300	2	306	2	298			-2	292	-2	300	-2	302																																																					-2	294	-2	294	-2	294	-2	294	-2	290	-2	290																																																																
223	uua	yyA	2	216	2	264			-2	298	-2	304	-2	296							2	304																																																																																																																																
224	ee	EE	2	218	2	266					2	306	2	298			-2	290	-2	298	-2	302																																																																																																																																
225	oia	OiA	2	220	2	268	-2	286	-2	296	-2	304	-2	296					2	300	2	304																																																													2	292	2	292																																													2	284	2	280													2	282	2	282
227	Ay	au	2	222	2	270			2	298	2	306	2	298							-2	302																																																																																																																																
228	uEo	yeO	2	224	2	272	-2	284	-2	296	-2	304	-2	296			2	292	2	302	2	304																																																																																																																																
229	uEu	yey	2	226	2	274			-2	294	-2	302	-2	294			2	294	2	304	2	306																																																																																																																																
230	ooi	OOi	2	228	2	276	-2	282	-2	292	-2	300	-2	292					2	306	2	308																																																																																																													2	286	2	282													2	284	2	284
232	iAA	Iaa	2	230	2	278			2	294	2	302	2	294	-2	296	-2	292	-2	304	-2	306																																																																																																																																
234	OAA	oaa	2	232	2	280	2	284	2	296	2	304	2	296					-2	302	-2	304																																																																																																																																
235	ie	IE	2	234	2	282					2	306	2	298	-2	294	-2	290	-2	300	-2	302																																																																																																																																
236	aoa	AOA	2	236	2	284	-2	282	-2	294	-2	304	-2	296					2	302	2	304																																																																																																																																
238	uE	ye	2	238	2	286			-2	292	-2	302	-2	294			2	292	2	304	2	306																																																																																																																																
239	ie	IE	2	240	2	288					2	304	2	296	-2	292	-2	290	-2	302	-2	304																																																																																																																																
241	Aii	aii	2	242	2	290			2	294	2	306	2	298							-2	302																																																																																																																													-2	282	-2	282
242	iEa	IEa	2	244	2	292							2	300	-2	290	-2	288	-2	300	-2	300																																																					2	296	2	296	2	296	2	296	2	294	2	294																																																																
243	aEE	Aee	2	246	2	294			-2	292	-2	304	-2	298			2	290	2	302	2	302																																																																																																																																
244	eA	Ea	2	248	2	296			2	294	2	306	2	300			-2	288	-2	300	-2	300																																																																																																																																
245	ouo	OyO	2	250	2	298	-2	280	-2	292	-2	304	-2	298					2	302	2	302																																																																																																																																
246	iOA	ioa			2	300	2	282	2	294	2	306	2	300					-2	300	-2	300																																																									-2	294	-2	294	-2	292	-2	292																																																																
247	IIa	iia	2	252	2	302							-2	298	2	292	2	290	2	302	2	302																																																													-2	290	-2	290																																																																
249	aao	AAO	2	254	2	304	-2	280	-2	292	-2	304	-2	296					2	304	2	304																																																																																																																																
250	oEa	OeA	2	256	2	306	-2	278	-2	290	-2	302	-2	294			2	292	2	306	2	306																																																																																																																																
253	eOA	Eoa	2	258	2	308	2	280	2	292	2	304	2	296			-2	290	-2	304	-2	304																																																																																																																																
254	Eo	eO	2	260	2	310	-2	278	-2	290	-2	302	-2	294			2	292	2	306	2	306																																																																																																																																
269	eOe	EoE	2	262	2	312	2	280	2	292	2	304	2	296			-2	290	-2	304	-2	304																																																																																																																																
1451	iyA	Iua	2	264	2	314			2	294	2	306	2	298	-2	290	-2	288	-2	302	-2	302																																																																																																																																
1474	iEi	iei			2	316					-2	304	-2	296			2	290	2	304	2	304																																																					2	298	2	298	2	296	2	296	2	292	2	292																													2	284	2	274													2	288	2	284													2	284	2	284
TOTAL				264		316		280		294		304		296		290		290		304		304		300		300		300		300		300		300		300		300		300		300		300		300		300		302		300		302		300		300		300		300		300		302		302		304		300		300		298		298		296		296		292		292		300		300		300		300		300		300		292		284		300		300		300		300		300		300		284		274		300		300		300		300		300		302		288		284		300		300		300		302		302		304		284		284
