trialnum	Generated	Heard	Id(Bk)Syl1	now	Id(Bk)	now	*F1	now	*F3	now	*F4	now	*F5	now	*B1	now	*B2	now	*B3	now	*B5	now	*F1_B1	now	*F1..._B1	now	*F1_B2	now	*F1..._B2	now	*F1_B3	now	*F1..._B3	now	*F1_B5	now	*F1..._B5	now	*F3_B1	now	*F3..._B1	now	*F3_B2	now	*F3..._B2	now	*F3_B3	now	*F3..._B3	now	*F3_B5	now	*F3..._B5	now	*F4_B1	now	*F4..._B1	now	*F4_B2	now	*F4..._B2	now	*F4_B3	now	*F4..._B3	now	*F4_B5	now	*F4..._B5	now	*F5_B1	now	*F5..._B1	now	*F5_B2	now	*F5..._B2	now	*F5_B3	now	*F5..._B3	now	*F5_B5	now	*F5..._B5	now	*_B1F1	now	*_B1...F1	now	*_B1F3	now	*_B1...F3	now	*_B1F4	now	*_B1...F4	now	*_B1F5	now	*_B1...F5	now	*_B2F1	now	*_B2...F1	now	*_B2F3	now	*_B2...F3	now	*_B2F4	now	*_B2...F4	now	*_B2F5	now	*_B2...F5	now	*_B3F1	now	*_B3...F1	now	*_B3F3	now	*_B3...F3	now	*_B3F4	now	*_B3...F4	now	*_B3F5	now	*_B3...F5	now	*_B5F1	now	*_B5...F1	now	*_B5F3	now	*_B5...F3	now	*_B5F4	now	*_B5...F4	now	*_B5F5	now	*_B5...F5	now
				0		0		100		100		100		100		100		100		100		100		100		100		100		100		100		100		100		100		100		100		100		100		100		100		100		100		100		100		100		100		100		100		100		100		100		100		100		100		100		100		100		100		100		100		100		100		100		100		100		100		100		100		100		100		100		100		100		100		100		100		100		100		100		100		100		100		100		100		100		100		100		100		100		100
0	Apriori	Id(Bk)Syl1>>Id(Bk)	10	10																																																																																																																																																		
1	Oyi	oui	2	12	2	2	2	102	2	102	2	102	2	102					-2	98	-2	98																																																																																																															-2	98													-2	98	-2	98
2	EEI	eei	2	14	2	4					-2	100	-2	100	2	102	2	102	2	100	2	100																																																																																																																																
4	eAe	eae			2	6			2	104	2	102	2	102							-2	98																																													-2	98	-2	98													-2	98	-2	98																																																									-2	98	-2	98	-2	96	-2	96
4	Apriori	Id(Bk)Syl1>>Id(Bk)	2	16																																																																																																																																																			
6	aaa	Aaa	2	18	2	8			-2	102	-2	100	-2	100							2	100																													-2	98	-2	98													-2	96	-2	96													-2	96	-2	96																																																																
7	aaa	Aaa	2	20	2	10			-2	100	-2	98	-2	98							2	102																													-2	96	-2	96													-2	94	-2	94													-2	94	-2	94																																																																
8	oao	Oao	2	22	2	12	-2	100	-2	98	-2	96	-2	96					2	102	2	104											-2	98	-2	98	-2	98											-2	98	-2	94	-2	94											-2	98	-2	92	-2	92											-2	98	-2	92	-2	92																																																																
9	yyy	yuu			2	14			2	100	2	98	2	98							-2	102																													-2	92	-2	92													-2	90	-2	90													-2	90	-2	90																																																																
9	Apriori	Id(Bk)Syl1>>Id(Bk)	2	24																																																																																																																																																			
10	eei	Eei	2	26	2	16					2	100	2	100			-2	100	-2	100	-2	100																																																																																									-2	98	-2	98	-2	98	-2	98									-2	98	-2	98	-2	98	-2	96									-2	96	-2	96	-2	94	-2	94
11	Eoi	eoi	2	28	2	18					-2	98	-2	98			2	102	2	102	2	102																																									-2	98	-2	96	-2	88	-2	88									-2	98	-2	96	-2	88	-2	88																															2	100															2	98															2	96
12	AAe	Aae			2	20			2	102	2	100	2	100							-2	100																													-2	90	-2	90													-2	86	-2	86													-2	86	-2	86																																																									-2	94	-2	94	-2	92	-2	94
12	Apriori	Id(Bk)Syl1>>Id(Bk)	2	30																																																																																																																																																			
13	oou	Oou	2	32	2	22	-2	98	-2	100	-2	98	-2	98					2	104	2	102									-2	98	-2	96	-2	96	-2	96									-2	98	-2	96	-2	88	-2	88									-2	96	-2	94	-2	84	-2	84									-2	96	-2	94	-2	84	-2	84																																																																
14	eiy	eiu			2	24			2	102	2	100	2	100							-2	100																																															-2	82													-2	82	-2	82																																																																
14	Apriori	Id(Bk)Syl1>>Id(Bk)	2	34																																																																																																																																																			
15	eyO	euo			2	26	2	100	2	104	2	102	2	102					-2	102	-2	98																																											-2	92	-2	82	-2	80											-2	92	-2	80	-2	80																																																																
15	Apriori	Id(Bk)Syl1>>Id(Bk)	2	36																																																																																																																																																			
16	ai	Ai	2	38	2	28			-2	102	-2	100	-2	100							2	100																																																																																																																													2	94	2	96
21	eoa	Eoa	2	40	2	30					2	102	2	102			-2	100	-2	100	-2	98																																									2	98	2	94	2	84	2	82									2	98	2	94	2	82	2	82																																																																
22	aau	Aau	2	42	2	32			-2	100	-2	100	-2	100							2	100																													-2	86	-2	86													-2	82	-2	80													-2	80	-2	80																																																																
23	aao	Aao	2	44	2	34			-2	98	-2	98	-2	98							2	102																											-2	94	-2	84	-2	84											-2	92	-2	80	-2	78											-2	92	-2	78	-2	78																																																																
26	OOA	Ooa			2	36	2	102	2	100	2	100	2	100					-2	98	-2	100									-2	96	-2	94	-2	94	-2	94									-2	96	-2	92	-2	82	-2	82									-2	96	-2	90	-2	78	-2	76									-2	96	-2	90	-2	76	-2	76																																																																
26	Apriori	Id(Bk)Syl1>>Id(Bk)	2	46																																																																																																																																																			
27	eie	Eie	2	48	2	38					2	102	2	102			-2	98	-2	96	-2	98																																																																																											-2	96	-2	96	-2	98											-2	96	-2	96	-2	96											-2	92	-2	92	-2	94
29	auI	aui			2	40							-2	100	2	104	2	100	2	98	2	100																																																																																																																													-2	90	-2	92
29	Apriori	Id(Bk)Syl1>>Id(Bk)	2	50																																																																																																																																																			
30	ouE	Oue	2	52	2	42	-2	100	-2	98	-2	100	-2	98			2	102	2	100	2	102													-2	92	-2	92													-2	80	-2	80													-2	76	-2	74													-2	74	-2	74																																																									-2	92	-2	90	-2	88	-2	90
32	OAy	oau	2	54	2	44	2	102	2	100	2	102	2	100					-2	98	-2	100																																																																																																																																
33	IuI	iui	2	56	2	46							-2	98	2	106	2	104	2	100	2	102																																																													-2	72	-2	72																																																													-2	86	-2	88
34	uuu	yuu	2	58	2	48			-2	98	-2	100	-2	96							2	104																													-2	78	-2	78													-2	74	-2	72													-2	70	-2	70																																																																
35	ooA	ooa			2	50			2	100	2	102	2	98							-2	102																																																																																																					2	102	2	102	2	100	2	98	2	98	2	98					2	102	2	102	2	94	2	92	2	88	2	90
35	Apriori	Id(Bk)Syl1>>Id(Bk)	2	60																																																																																																																																																			
36	AAy	aau	2	62	2	52			2	102	2	104	2	100							-2	100																																																																																																																																
39	eeo	Eeo	2	64	2	54					2	106	2	102			-2	102	-2	98	-2	98																																																																																									-2	96	-2	94	-2	94	-2	96									-2	98	-2	96	-2	96	-2	96									-2	92	-2	90	-2	86	-2	88
40	auE	aue			2	56					-2	104	-2	100			2	104	2	100	2	100																																																																																																																									-2	90	-2	88	-2	84	-2	86
40	Apriori	Id(Bk)Syl1>>Id(Bk)	2	66																																																																																																																																																			
41	uoE	uoe			2	58					-2	102	-2	98			2	106	2	102	2	102																																																																																																									-2	96	-2	94	-2	94	-2	94									-2	88	-2	86	-2	82	-2	84
41	Apriori	Id(Bk)Syl1>>Id(Bk)	2	68																																																																																																																																																			
42	oEi	oei			2	60					-2	100	-2	96			2	108	2	104	2	104																																																																																													2	96	2	98									-2	94	-2	92			2	96									-2	86	-2	84			2	86
42	Apriori	Id(Bk)Syl1>>Id(Bk)	2	70																																																																																																																																																			
44	oAy	Oau	2	72	2	62	-2	100	2	104	2	102	2	98					2	106	-2	102													-2	90	-2	90													-2	76	-2	76													-2	72	-2	70													-2	68	-2	68																																					2	104	2	104	2	96	2	94	2	96	2	98					2	104	2	104	2	88	2	86	2	84	2	88
46	ou	Ou	2	74	2	64	-2	98	-2	102	-2	100	-2	96					2	108	2	104													-2	88	-2	88													-2	74	-2	74													-2	70	-2	68													-2	66	-2	66																																																																
47	iyi	iui			2	66			2	104	2	102	2	98							-2	102																																																													-2	64	-2	64																																																													-2	82	-2	86
47	Apriori	Id(Bk)Syl1>>Id(Bk)	2	76																																																																																																																																																			
48	AOy	aou	2	78	2	68	2	100	2	106	2	104	2	100					-2	106	-2	100																																																																																																																																
51	eaa	Eaa	2	80	2	70					2	106	2	102			-2	106	-2	104	-2	98																																													2	72	2	70													2	66	2	66																																																																
52	uui	yui	2	82	2	72			-2	104	-2	104	-2	100							2	100																													-2	72	-2	72													-2	70	-2	68													-2	64	-2	64																																																															2	88
54	aao	Aao	2	84	2	74			-2	102	-2	102	-2	98							2	102																											-2	90	-2	70	-2	70											-2	88	-2	68	-2	66											-2	88	-2	62	-2	62																																																																
58	OiO	Oio			2	76	2	102	2	104	2	104	2	100					-2	102	-2	100											-2	92			-2	86											-2	88			-2	68											-2	86			-2	64									-2	94	-2	86	-2	60	-2	60																																																																
58	Apriori	Id(Bk)Syl1>>Id(Bk)	2	86																																																																																																																																																			
60	Eoa	eoa	2	88	2	78					-2	102	-2	98			2	108	2	104	2	102																																									-2	94	-2	84	-2	66	-2	62									-2	92	-2	84	-2	58	-2	58																																																																
62	Aee	aee	2	90	2	80			2	106	2	104	2	100							-2	100																																																																																																																									-2	86	-2	84	-2	80	-2	86
63	aoa	Aoa	2	92	2	82			-2	104	-2	102	-2	98							2	102																									-2	94	-2	86	-2	68	-2	66									-2	92	-2	82	-2	64	-2	60									-2	90	-2	82	-2	56	-2	56																																																																
64	yOA	uoa	2	94	2	84	2	104	2	106	2	104	2	100					-2	102	-2	100																																																																																																																																
65	uua	yua	2	96	2	86			-2	104	-2	102	-2	98							2	102																													-2	66	-2	64													-2	62	-2	58													-2	54	-2	54																																																																
67	aia	Aia	2	98	2	88			-2	102	-2	100	-2	96							2	104																															-2	62															-2	56																																																																													2	82	2	88
68	OyO	Ouo			2	90	2	106	2	104	2	102	2	98					-2	100	-2	102											-2	90	-2	86	-2	84											-2	84	-2	64	-2	60											-2	80	-2	60	-2	54											-2	80	-2	52	-2	52																																																																
68	Apriori	Id(Bk)Syl1>>Id(Bk)	2	100																																																																																																																																																			
72	aEa	Aea	2	102	2	92			-2	102	-2	100	-2	96			2	110	2	102	2	104																															-2	58													-2	58	-2	52													-2	50	-2	50																																																																
73	yOO	yoo			2	94	2	108	2	104	2	102	2	98					-2	100	-2	102																									-2	92	-2	82	-2	62	-2	56									-2	90	-2	78	-2	56	-2	50									-2	88	-2	78	-2	48	-2	48																																																																
73	Apriori	Id(Bk)Syl1>>Id(Bk)	2	104																																																																																																																																																			
74	eui	Eui	2	106	2	96					2	104	2	100			-2	108	-2	98	-2	100																																													2	58	2	52													2	50	2	50																															-2	96															-2	96															-2	86
76	auu	Auu	2	108	2	98			-2	102	-2	102	-2	98							2	102																													-2	60	-2	54													-2	56	-2	50													-2	48	-2	48																																																																
81	eiy	eiu			2	100			2	104	2	104	2	100							-2	100																																															-2	48													-2	46	-2	46																																																																
81	Apriori	Id(Bk)Syl1>>Id(Bk)	2	110																																																																																																																																																			
92	iEu	ieu			2	102					-2	102	-2	98			2	110	2	100	2	102																																													-2	54	-2	46					2	102	2	102	2	90	2	80			2	48																																																																
92	Apriori	Id(Bk)Syl1>>Id(Bk)	2	112																																																																																																																																																			
94	OyO	Ouo			2	104	2	110	2	106	2	104	2	100					-2	98	-2	100											-2	88	-2	84	-2	82											-2	80	-2	58	-2	52											-2	76	-2	52	-2	44											-2	78	-2	44	-2	46																																																																
94	Apriori	Id(Bk)Syl1>>Id(Bk)	2	114																																																																																																																																																			
111	eie	Eie	2	116	2	106					2	106	2	102			-2	108	-2	96	-2	98																																																																																											-2	92	-2	94	-2	94											-2	92	-2	94	-2	94											-2	82	-2	80	-2	84
139	uEu	ueu			2	108					-2	104	-2	100			2	110	2	98	2	100																																													-2	50	-2	42													-2	42	-2	44																																																									-2	84	-2	80	-2	78	-2	82
139	Apriori	Id(Bk)Syl1>>Id(Bk)	2	118																																																																																																																																																			
329	uEu	ueu			2	110					-2	102	-2	98			2	112	2	100	2	102																																													-2	48	-2	40													-2	40	-2	42																																																									-2	82	-2	78	-2	76	-2	80
329	Apriori	Id(Bk)Syl1>>Id(Bk)	2	120																																																																																																																																																			
1251	ee	Ee	2	122	2	112					2	104	2	100			-2	110	-2	98	-2	100																																																																																									-2	94	-2	90	-2	92	-2	92									-2	94	-2	90	-2	92	-2	92									-2	80	-2	76	-2	74	-2	78
6472	iEo	ieo			0.2	112.2					-0.2	103.8	-0.2	99.8			0.2	110.2	0.2	98.2	0.2	100.2																																									-0.2	89.8	-0.2	75.8	-0.2	47.8	-0.2	39.8					0.2	102.2	0.2	102.2			0.2	78.2			0.2	42.2																																																																
6472	Apriori	Id(Bk)Syl1>>Id(Bk)	0.20000000000000284	122.2																																																																																																																																																			
13830	ioE	ioe			0.02	112.22					-0.02	103.78	-0.02	99.78			0.02	110.22	0.02	98.22	0.02	100.22																																																							0.02	102.22			0.02	78.22			0.02	42.220000000000006																																									-0.02	93.98	-0.02	89.98	-0.02	91.98	-0.02	91.98									-0.02	79.98	-0.02	75.98	-0.02	73.98	-0.02	77.98
13830	Apriori	Id(Bk)Syl1>>Id(Bk)	0.01999999999999602	122.22																																																																																																																																																			
TOTAL				122.22		112.22		110		106		103.78		99.78		106		110.22		98.22		100.22		100		100		100		100		96		88		84		82		100		100		100		100		92		80		58		52		100		100		100		100		89.8		75.8		47.8		39.8		100		100		102.2		102.22		90		78.22		40		42.220000000000006		100		100		100		100		100		100		100		100		100		100		100		100		94		90		92		92		100		100		104		104		93.98		89.98		91.98		91.98		100		100		104		104		79.98		75.98		73.98		77.98
