trialnum	Generated	Heard	Id(Bk)Syl1	now	Id(Bk)	now	*F1	now	*F3	now	*F4	now	*F5	now	*B1	now	*B2	now	*B3	now	*B5	now	*F1_B1	now	*F1..._B1	now	*F1_B2	now	*F1..._B2	now	*F1_B3	now	*F1..._B3	now	*F1_B5	now	*F1..._B5	now	*F3_B1	now	*F3..._B1	now	*F3_B2	now	*F3..._B2	now	*F3_B3	now	*F3..._B3	now	*F3_B5	now	*F3..._B5	now	*F4_B1	now	*F4..._B1	now	*F4_B2	now	*F4..._B2	now	*F4_B3	now	*F4..._B3	now	*F4_B5	now	*F4..._B5	now	*F5_B1	now	*F5..._B1	now	*F5_B2	now	*F5..._B2	now	*F5_B3	now	*F5..._B3	now	*F5_B5	now	*F5..._B5	now	*_B1F1	now	*_B1...F1	now	*_B1F3	now	*_B1...F3	now	*_B1F4	now	*_B1...F4	now	*_B1F5	now	*_B1...F5	now	*_B2F1	now	*_B2...F1	now	*_B2F3	now	*_B2...F3	now	*_B2F4	now	*_B2...F4	now	*_B2F5	now	*_B2...F5	now	*_B3F1	now	*_B3...F1	now	*_B3F3	now	*_B3...F3	now	*_B3F4	now	*_B3...F4	now	*_B3F5	now	*_B3...F5	now	*_B5F1	now	*_B5...F1	now	*_B5F3	now	*_B5...F3	now	*_B5F4	now	*_B5...F4	now	*_B5F5	now	*_B5...F5	now
				0		0		100		140		160		180		100		120		140		180		100		100		120		120		140		140		180		180		140		140		140		140		140		140		180		180		160		160		160		160		160		160		180		180		180		180		180		180		180		180		180		180		100		100		140		140		160		160		180		180		120		120		140		140		160		160		180		180		140		140		140		140		160		160		180		180		180		180		180		180		180		180		180		180
0	Apriori	Id(Bk)Syl1>>Id(Bk)	30	30																																																																																																																																																		
2	aIE	aie			2	2					-2	158	-2	178	2	102	2	122	2	142	2	182																																																																																																																											-2	178	-2	178	-2	178
2	Apriori	Id(Bk)Syl1>>Id(Bk)	2	32																																																																																																																																																			
4	eiA	eia			2	4			2	142	2	160	2	180							-2	180																																															-2	178													-2	178	-2	178																																																																
4	Apriori	Id(Bk)Syl1>>Id(Bk)	2	34																																																																																																																																																			
5	Iau	iAy	2	36	0	4			-2	140	-2	158	-2	178	2	104	2	124	2	144	2	182																																																																																																																																
10	OiA	oia	2	38	0	4	2	102	2	142	2	160	2	180					-2	142	-2	180																																																													-2	176	-2	176																																													-2	178	-2	178													-2	176	-2	176
12	OOO	ooo	2	40	0	4	2	104	2	144	2	162	2	182					-2	140	-2	178																																																																																																																																
14	auI	Ayi	2	42	0	4			-2	142	-2	160	-2	180	2	106	2	126	2	142	2	180																																																																																																																																
16	iAy	iau			2	6			2	144	2	162	2	182							-2	178																																																													-2	174	-2	174																																																																
17	uuE	yye	2	44	0	6			-2	142	-2	160	-2	180			2	128	2	144	2	180																																																																																																																																
18	Io	iO	2	46	0	6	-2	102	-2	140	-2	158	-2	178	2	108	2	130	2	146	2	182																																																																																																																																
19	OOA	ooa	2	48	0	6	2	104	2	142	2	160	2	180					-2	144	-2	180																																																																																																																																
20	oIE	Oie	2	50	0	6	-2	102	-2	140	-2	158	-2	178	2	110	2	132	2	146	2	182																																																																																																																																
21	eiy	eiu			2	8			2	142	2	160	2	180							-2	180																																															-2	176													-2	172	-2	172																																																																
22	oEI	oei			2	10					-2	158	-2	178	2	112	2	134	2	148	2	182																																																																																																									-2	158	-2	158	-2	176	-2	176									-2	178	-2	176	-2	174	-2	174
23	EuE	eue	2	52	0	10					-2	156	-2	176			2	136	2	150	2	184																																													-2	178	-2	174													-2	170	-2	170																																																									-2	176	-2	174	-2	172	-2	172
24	Ay	au	2	54	0	10			2	144	2	158	2	178							-2	182																																																																																																																																
26	yO	uo	2	56	0	10	2	104	2	146	2	160	2	180					-2	148	-2	180																																																																																																																																
27	aEo	AeO	2	58	0	10	-2	102	-2	144	-2	158	-2	178			2	138	2	150	2	182																																																																																																																																
28	OOy	oou	2	60	0	10	2	104	2	146	2	160	2	180					-2	148	-2	180																																																																																																																																
31	EoI	eOi	2	62	0	10	-2	102	-2	144	-2	158	-2	178	2	114	2	140	2	150	2	182																																																																																																																																
33	iye	iue			2	12			2	146	2	160	2	180							-2	180																																																													-2	168	-2	168																																																									-2	174	-2	172	-2	170	-2	170
34	uua	yyA	2	64	0	12			-2	144	-2	158	-2	178							2	182																																																																																																																																
36	OeA	oea	2	66	0	12	2	104	2	146	2	160	2	180					-2	148	-2	180																																													-2	176	-2	172													-2	166	-2	166																																									-2	156	-2	156	-2	174	-2	174									-2	172	-2	170	-2	168	-2	168
37	uEu	ueu			2	14					-2	158	-2	178			2	142	2	150	2	182																																													-2	174	-2	170													-2	164	-2	164																																																									-2	170	-2	168	-2	166	-2	166
38	eiy	eiu			2	16			2	148	2	160	2	180							-2	180																																															-2	168													-2	162	-2	162																																																																
41	aIE	Aie	2	68	0	16			-2	146	-2	158	-2	178	2	116	2	144	2	152	2	182																																																																																																																																
43	Oe	oe	2	70	0	16	2	106	2	148	2	160	2	180					-2	150	-2	180																																																																																																									-2	154	-2	154	-2	172	-2	172									-2	168	-2	166	-2	164	-2	164
47	yyA	uua	2	72	0	16			2	150	2	162	2	182							-2	178																																																																																																																																
48	uI	yi	2	74	0	16			-2	148	-2	160	-2	180	2	118	2	146	2	152	2	180																																																																																																																																
51	oaI	oai			2	18							-2	178	2	120	2	148	2	154	2	182																																																																																																															-2	170													-2	162	-2	162
52	OOi	ooi	2	76	0	18	2	108	2	150	2	162	2	180					-2	152	-2	180																																																																																																													-2	170	-2	168													-2	160	-2	160
54	IIu	iiu	2	78	0	18							-2	178	2	122	2	150	2	154	2	182																																																													-2	160	-2	160																																																																
57	iy	iu			2	20			2	152	2	164	2	180							-2	180																																																													-2	158	-2	158																																																																
58	Aei	aei	2	80	0	20			2	154	2	166	2	182							-2	178																																																																																																																									-2	166	-2	164	-2	158	-2	158
59	IEo	ieO	2	82	0	20	-2	106	-2	152	-2	164	-2	180	2	124	2	152	2	156	2	180																																																																																																																																
60	yeA	uea	2	84	0	20			2	154	2	166	2	182							-2	178																																													-2	172	-2	166													-2	156	-2	156																																																									-2	164	-2	162	-2	156	-2	156
61	IIo	iio	2	86	0	20							-2	180	2	126	2	154	2	158	2	180																																																									-2	178	-2	178	-2	154	-2	154																																																																
62	au	Ay	2	88	0	20			-2	152	-2	164	-2	178							2	182																																																																																																																																
64	yOi	uoi	2	90	0	20	2	108	2	154	2	166	2	180					-2	156	-2	180																																																																																																													-2	168	-2	166													-2	154	-2	154
66	iOe	ioe			2	22	2	110	2	156	2	168	2	182					-2	154	-2	178																																																									-2	176	-2	176	-2	152	-2	152																																									-2	152	-2	152	-2	166	-2	164									-2	162	-2	160	-2	152	-2	152
67	Io	iO	2	92	0	22	-2	108	-2	154	-2	166	-2	180	2	128	2	156	2	156	2	180																																																																																																																																
70	oEa	OeA	2	94	0	22	-2	106	-2	152	-2	164	-2	178			2	158	2	158	2	182																																																																																																																																
74	yiy	uiu	2	96	0	22			2	154	2	166	2	180							-2	180																																																													-2	150	-2	150																																																													-2	150	-2	150
75	oEo	oeo			2	24					-2	164	-2	178			2	160	2	160	2	182																																									-2	158	-2	158	-2	170	-2	164									-2	174	-2	174	-2	148	-2	148																																									-2	150	-2	150	-2	164	-2	162									-2	160	-2	158	-2	148	-2	148
76	iAi	iai			2	26			2	156	2	166	2	180							-2	180																																																													-2	146	-2	146																																																													-2	146	-2	146
77	IaI	iai	2	98	0	26							-2	178	2	130	2	162	2	162	2	182																																																													-2	144	-2	144																																																													-2	144	-2	144
81	yyO	uuo	2	100	0	26	2	108	2	158	2	168	2	180					-2	160	-2	180																																																																																																																																
82	uu	yy	2	102	0	26			-2	156	-2	166	-2	178							2	182																																																																																																																																
83	yAO	uao	2	104	0	26	2	110	2	158	2	168	2	180					-2	158	-2	180																																																																																																																																
85	Aii	aii	2	106	0	26			2	160	2	170	2	182							-2	178																																																																																																																													-2	142	-2	142
86	uIo	uio			2	28							-2	180	2	132	2	164	2	160	2	180																																																									-2	172	-2	172	-2	142	-2	142																																																													-2	140	-2	140
87	EoE	eoe	2	108	0	28					-2	168	-2	178			2	166	2	162	2	182																																									-2	156	-2	156	-2	168	-2	162									-2	170	-2	170	-2	140	-2	140																																									-2	148	-2	148	-2	162	-2	160									-2	158	-2	156	-2	138	-2	138
88	eOO	eoo			2	30	2	112	2	162	2	170	2	180					-2	160	-2	180																																									-2	154	-2	154	-2	166	-2	160									-2	168	-2	168	-2	138	-2	138																																																																
90	oEa	OeA	2	110	0	30	-2	110	-2	160	-2	168	-2	178			2	168	2	162	2	182																																																																																																																																
91	OA	oa	2	112	0	30	2	112	2	162	2	170	2	180					-2	160	-2	180																																																																																																																																
93	Oie	oie	2	114	0	30	2	114	2	164	2	172	2	182					-2	158	-2	178																																																																																																											-2	146	-2	160	-2	158											-2	154	-2	136	-2	136
94	uau	yAy	2	116	0	30			-2	162	-2	170	-2	180							2	180																																																																																																																																
95	EEu	eeu	2	118	0	30					-2	168	-2	178			2	170	2	160	2	182																																													-2	164	-2	158													-2	136	-2	136																																																																
96	OeO	oeo	2	120	0	30	2	116	2	164	2	170	2	180					-2	158	-2	180																																									-2	152	-2	152	-2	162	-2	156									-2	166	-2	166	-2	134	-2	134																																									-2	146	-2	144	-2	158	-2	156									-2	156	-2	152	-2	134	-2	134
97	AOy	aou	2	122	0	30	2	118	2	166	2	172	2	182					-2	156	-2	178																																																																																																																																
99	uoI	uoi			2	32							-2	180	2	134	2	172	2	158	2	180																																																																																																													-2	156	-2	154													-2	132	-2	132
100	oE	Oe	2	124	0	32	-2	116	-2	164	-2	170	-2	178			2	174	2	160	2	182																																																																																																																																
102	eye	eue			2	34			2	166	2	172	2	180							-2	180																																													-2	160	-2	154													-2	132	-2	132																																																									-2	154	-2	150	-2	130	-2	130
103	eiO	eio			2	36	2	118	2	168	2	174	2	182					-2	158	-2	178																																											-2	150			-2	152									-2	164	-2	164	-2	130	-2	130																																																																
104	aou	AOy	2	126	0	36	-2	116	-2	166	-2	172	-2	180					2	160	2	180																																																																																																																																
105	aEE	aee			2	38					-2	170	-2	178			2	176	2	162	2	182																																																																																																																									-2	152	-2	148	-2	128	-2	128
109	OAO	oao	2	128	0	38	2	118	2	168	2	172	2	180					-2	160	-2	180																																																																																																																																
110	II	ii	2	130	0	38							-2	178	2	136	2	178	2	162	2	182																																																																																																																																
112	Aiy	aiu	2	132	0	38			2	170	2	174	2	180							-2	180																																																													-2	128	-2	128																																																													-2	126	-2	126
113	EE	ee	2	134	0	38					-2	172	-2	178			2	180	2	164	2	182																																																																																																																																
115	OOy	oou	2	136	0	38	2	120	2	172	2	174	2	180					-2	162	-2	180																																																																																																																																
116	OAi	oai	2	138	0	38	2	122	2	174	2	176	2	182					-2	160	-2	178																																																																																																															-2	152													-2	124	-2	124
119	uao	yAO	2	140	0	38	-2	120	-2	172	-2	174	-2	180					2	162	2	180																																																																																																																																
120	EEo	eeo	2	142	0	38					-2	172	-2	178			2	182	2	164	2	182																																									-2	150	-2	148	-2	158	-2	150									-2	162	-2	162	-2	126	-2	126																																																																
121	AyO	auo	2	144	0	38	2	122	2	174	2	174	2	180					-2	162	-2	180																																																																																																																																
122	yOi	uoi	2	146	0	38	2	124	2	176	2	176	2	182					-2	160	-2	178																																																																																																													-2	154	-2	150													-2	122	-2	122
125	aaI	AAi	2	148	0	38			-2	174	-2	174	-2	180	2	138	2	184	2	162	2	180																																																																																																																																
126	OeA	oea	2	150	0	38	2	126	2	176	2	176	2	182					-2	160	-2	178																																													-2	156	-2	148													-2	124	-2	124																																									-2	144	-2	142	-2	152	-2	148									-2	150	-2	146	-2	120	-2	120
129	aae	AAe	2	152	0	38			-2	174	-2	174	-2	180							2	180																																																																																																																									2	152	2	148	2	122	2	122
131	IaI	iai	2	154	0	38							-2	178	2	140	2	186	2	162	2	182																																																													-2	122	-2	122																																																													-2	120	-2	120
133	Oey	oeu	2	156	0	38	2	128	2	176	2	176	2	180					-2	160	-2	180																																													-2	154	-2	146													-2	120	-2	120																																									-2	142	-2	140	-2	150	-2	146									-2	150	-2	146	-2	118	-2	118
135	iaa	iAA			2	40			-2	174	-2	174	-2	178							2	182																																																													2	122	2	122																																																																
137	OOA	ooa	2	158	0	40	2	130	2	176	2	176	2	180					-2	158	-2	180																																																																																																																																
138	aii	Aii	2	160	0	40			-2	174	-2	174	-2	178							2	182																																																																																																																													2	120	2	120
139	AyO	auo	2	162	0	40	2	132	2	176	2	176	2	180					-2	156	-2	180																																																																																																																																
140	oa	OA	2	164	0	40	-2	130	-2	174	-2	174	-2	178					2	158	2	182																																																																																																																																
141	eAy	eau			2	42			2	176	2	176	2	180							-2	180																																													-2	152	-2	144													-2	120	-2	120																																																																
142	AOO	aoo	2	166	0	42	2	132	2	178	2	178	2	182					-2	156	-2	178																																																																																																																																
145	uoi	yOi	2	168	0	42	-2	130	-2	176	-2	176	-2	180					2	158	2	180																																																																																																													2	152	2	148													2	122	2	122
146	aaE	aae			2	44					-2	174	-2	178			2	188	2	160	2	182																																																																																																																									-2	148	-2	144	-2	120	-2	120
147	AyO	auo	2	170	0	44	2	132	2	178	2	176	2	180					-2	158	-2	180																																																																																																																																
151	yii	uii	2	172	0	44			2	180	2	178	2	182							-2	178																																																																																																																													-2	118	-2	118
152	Ayi	aui	2	174	0	44			2	182	2	180	2	184							-2	176																																																																																																																													-2	116	-2	116
155	ouu	Oyy	2	176	0	44	-2	130	-2	180	-2	178	-2	182					2	160	2	178																																																																																																																																
158	ua	yA	2	178	0	44			-2	178	-2	176	-2	180							2	180																																																																																																																																
160	yAA	uaa	2	180	0	44			2	180	2	178	2	182							-2	178																																																																																																																																
163	ia	iA			2	46			-2	178	-2	176	-2	180							2	180																																																													2	122	2	122																																																																
168	eAA	eaa			2	48			2	180	2	178	2	182							-2	178																																													-2	150	-2	142													-2	120	-2	120																																																																
169	oai	OAi	2	182	0	48	-2	128	-2	178	-2	176	-2	180					2	162	2	180																																																																																																															2	150													2	118	2	118
173	ea	eA			2	50			-2	176	-2	174	-2	178							2	182																																													2	152	2	144													2	122	2	122																																																																
176	Aey	aeu	2	184	0	50			2	178	2	176	2	180							-2	180																																													-2	150	-2	142													-2	120	-2	120																																																									-2	146	-2	142	-2	116	-2	116
179	eoi	eOi			2	52	-2	126	-2	176	-2	174	-2	178					2	164	2	182																																									2	152	2	150	2	152	2	144									2	164	2	164	2	122	2	122																																													2	154	2	152													2	118	2	118
180	oeA	oea			2	54			2	178	2	176	2	180							-2	180																																													-2	150	-2	142													-2	120	-2	120																																							2	142															2	182								
183	yui	yyi			2	56			-2	176	-2	174	-2	178							2	182																													2	182	2	182													2	152	2	144													2	122	2	122																																																													2	120	2	120
184	aOO	aoo			2	58	2	128	2	178	2	176	2	180					-2	162	-2	180																																																																																																																	2	182	2	182	2	182	2	184	2	148	2	144	2	122	2	122
186	AAO	aao	2	186	0	58	2	130	2	180	2	178	2	182					-2	160	-2	178																																																																																																																																
187	yia	yiA			2	60			-2	178	-2	176	-2	180							2	180																															2	184															2	146													2	124	2	124																																																																
192	iuu	iyy			2	62			-2	176	-2	174	-2	178							2	182																																																													2	126	2	126																																																																
195	eOy	eou			2	64	2	132	2	178	2	176	2	180					-2	158	-2	180																																									-2	150	-2	148	-2	150	-2	144									-2	162	-2	162	-2	124	-2	124																																																																
196	iaa	iAA			2	66			-2	176	-2	174	-2	178							2	182																																																													2	126	2	126																																																																
203	eeO	eeo			2	68	2	134	2	178	2	176	2	180					-2	156	-2	180																																									-2	148	-2	146	-2	148	-2	142									-2	160	-2	160	-2	124	-2	124																																																																
209	iOO	ioo			2	70	2	136	2	180	2	178	2	182					-2	154	-2	178																																																									-2	158	-2	158	-2	122	-2	122																																																																
212	iae	iAe			2	72			-2	178	-2	176	-2	180							2	180																																																													2	124	2	124																																																									2	150	2	146	2	124	2	124
214	ea	eA			2	74			-2	176	-2	174	-2	178							2	182																																													2	150	2	144													2	126	2	126																																																																
222	eOO	eoo			2	76	2	138	2	178	2	176	2	180					-2	152	-2	180																																									-2	146	-2	144	-2	148	-2	142									-2	156	-2	156	-2	124	-2	124																																																																
225	iiO	iio			2	78	2	140	2	180	2	178	2	182					-2	150	-2	178																																																									-2	154	-2	154	-2	122	-2	122																																																																
231	ioi	iOi			2	80	-2	138	-2	178	-2	176	-2	180					2	152	2	180																																																									2	156	2	156	2	124	2	124																																													2	156	2	154													2	126	2	126
232	ueO	ueo			2	82	2	140	2	180	2	178	2	182					-2	150	-2	178																																									-2	144	-2	142	-2	146	-2	140									-2	154	-2	154	-2	122	-2	122																																																			2	184			2	186								
235	io	iO			2	84	-2	138	-2	178	-2	176	-2	180					2	152	2	180																																																									2	156	2	156	2	124	2	124																																																																
236	iyA	iua			2	86			2	180	2	178	2	182							-2	178																																																													-2	122	-2	122																																																																
242	eeo	eeO			2	88	-2	136	-2	178	-2	176	-2	180					2	154	2	180																																									2	146	2	144	2	148	2	142									2	158	2	158	2	124	2	124																																																																
243	auo	AyO	2	188	0	88	-2	134	-2	176	-2	174	-2	178					2	156	2	182																																																																																																																																
246	eAy	eau			2	90			2	178	2	176	2	180							-2	180																																													-2	146	-2	140													-2	122	-2	122																																																																
250	eo	eO			2	92	-2	132	-2	176	-2	174	-2	178					2	158	2	182																																									2	148	2	146	2	148	2	142									2	160	2	160	2	124	2	124																																																																
251	eOy	eou			2	94	2	134	2	178	2	176	2	180					-2	156	-2	180																																									-2	146	-2	144	-2	146	-2	140									-2	158	-2	158	-2	122	-2	122																																																																
260	iou	iOy			2	96	-2	132	-2	176	-2	174	-2	178					2	158	2	182																																																									2	160	2	160	2	124	2	124																																																																
261	eOe	eoe			2	98	2	134	2	178	2	176	2	180					-2	156	-2	180																																									-2	144	-2	142	-2	144	-2	138									-2	158	-2	158	-2	122	-2	122																																									-2	140	-2	138	-2	154	-2	152									-2	148	-2	144	-2	124	-2	124
266	eaa	eAA			2	100			-2	176	-2	174	-2	178							2	182																																													2	146	2	140													2	124	2	124																																																																
268	iia	iiA			2	102			-2	174	-2	172	-2	176							2	184																																																													2	126	2	126																																																																
269	eOi	eoi			2	104	2	136	2	176	2	174	2	178					-2	154	-2	182																																									-2	142	-2	140	-2	144	-2	138									-2	156	-2	156	-2	124	-2	124																																													-2	152	-2	150													-2	122	-2	122
270	iO	io			2	106	2	138	2	178	2	176	2	180					-2	152	-2	180																																																									-2	154	-2	154	-2	122	-2	122																																																																
271	eae	eAe			2	108			-2	176	-2	174	-2	178							2	182																																													2	146	2	140													2	124	2	124																																																									2	150	2	146	2	124	2	124
273	iOA	ioa			2	110	2	140	2	178	2	176	2	180					-2	150	-2	180																																																									-2	152	-2	152	-2	122	-2	122																																																																
279	eOe	eoe			2	112	2	142	2	180	2	178	2	182					-2	148	-2	178																																									-2	140	-2	138	-2	144	-2	138									-2	150	-2	150	-2	120	-2	120																																									-2	138	-2	136	-2	150	-2	148									-2	148	-2	144	-2	122	-2	122
293	iaa	iAA			2	114			-2	178	-2	176	-2	180							2	180																																																													2	122	2	122																																																																
297	Oua	OyA			2	116			-2	176	-2	174	-2	178							2	182													2	182	2	182													2	184	2	186													2	146	2	140													2	124	2	124																																																																
310	eOO	eoo			2	118	2	144	2	178	2	176	2	180					-2	146	-2	180																																									-2	138	-2	136	-2	144	-2	138									-2	148	-2	148	-2	122	-2	122																																																																
319	iA	ia			2	120			2	180	2	178	2	182							-2	178																																																													-2	120	-2	120																																																																
320	iai	iAi			2	122			-2	178	-2	176	-2	180							2	180																																																													2	122	2	122																																																													2	124	2	124
324	iao	iAO			2	124	-2	142	-2	176	-2	174	-2	178					2	148	2	182																																																											2	150	2	124	2	124																																																																
331	iOi	ioi			2	126	2	144	2	178	2	176	2	180					-2	146	-2	180																																																									-2	146	-2	148	-2	122	-2	122																																													-2	148	-2	146													-2	122	-2	122
338	iuo	iyO			2	128	-2	142	-2	176	-2	174	-2	178					2	148	2	182																																																											2	150	2	124	2	124																																																																
339	iAi	iai			2	130			2	178	2	176	2	180							-2	180																																																													-2	122	-2	122																																																													-2	120	-2	120
340	eAe	eae			2	132			2	180	2	178	2	182							-2	178																																													-2	142	-2	136													-2	120	-2	120																																																									-2	146	-2	142	-2	118	-2	118
343	eio	eiO			2	134	-2	140	-2	178	-2	176	-2	180					2	150	2	180																																											2	138			2	138									2	148	2	152	2	122	2	122																																																																
347	eOe	eoe			2	136	2	142	2	180	2	178	2	182					-2	148	-2	178																																									-2	136	-2	136	-2	140	-2	136									-2	146	-2	150	-2	120	-2	120																																									-2	136	-2	134	-2	146	-2	144									-2	144	-2	140	-2	116	-2	116
366	iai	iAi			2	138			-2	178	-2	176	-2	180							2	180																																																													2	122	2	122																																																													2	118	2	118
375	iyO	iuo			2	140	2	144	2	180	2	178	2	182					-2	146	-2	178																																																											-2	148	-2	120	-2	120																																																																
381	iuu	iyy			2	142			-2	178	-2	176	-2	180							2	180																																																													2	122	2	122																																																																
397	iyA	iua			2	144			2	180	2	178	2	182							-2	178																																																													-2	120	-2	120																																																																
398	iua	iyA			2	146			-2	178	-2	176	-2	180							2	180																																																													2	122	2	122																																																																
401	eiA	eia			2	148			2	180	2	178	2	182							-2	178																																															-2	134													-2	120	-2	120																																																																
420	eou	eOy			2	150	-2	142	-2	178	-2	176	-2	180					2	148	2	180																																									2	138	2	138	2	142	2	136									2	148	2	150	2	122	2	122																																																																
427	eae	eAe			2	152			-2	176	-2	174	-2	178							2	182																																													2	144	2	138													2	124	2	124																																																									2	146	2	142	2	120	2	120
431	iyy	iuu			2	154			2	178	2	176	2	180							-2	180																																																													-2	122	-2	122																																																																
441	iou	iOy			2	156	-2	140	-2	176	-2	174	-2	178					2	150	2	182																																																									2	150	2	152	2	124	2	124																																																																
457	iOi	ioi			2	158	2	142	2	178	2	176	2	180					-2	148	-2	180																																																									-2	148	-2	150	-2	122	-2	122																																													-2	144	-2	142													-2	118	-2	118
468	eoa	eOA			2	160	-2	140	-2	176	-2	174	-2	178					2	150	2	182																																									2	140	2	140	2	146	2	140									2	150	2	152	2	124	2	124																																																																
468	Apriori	Id(Bk)Syl1>>Id(Bk)	2	190																																																																																																																																																			
474	eiy	eiu			2	162			2	178	2	176	2	180							-2	180																																															-2	138													-2	122	-2	122																																																																
474	Apriori	Id(Bk)Syl1>>Id(Bk)	2	192																																																																																																																																																			
475	eea	eeA			2	164			-2	176	-2	174	-2	178							2	182																																													2	148	2	140													2	124	2	124																																																																
475	Apriori	Id(Bk)Syl1>>Id(Bk)	2	194																																																																																																																																																			
484	iOi	ioi			2	166	2	142	2	178	2	176	2	180					-2	148	-2	180																																																									-2	148	-2	150	-2	122	-2	122																																													-2	142	-2	140													-2	116	-2	116
484	Apriori	Id(Bk)Syl1>>Id(Bk)	2	196																																																																																																																																																			
485	ia	iA			2	168			-2	176	-2	174	-2	178							2	182																																																													2	124	2	124																																																																
485	Apriori	Id(Bk)Syl1>>Id(Bk)	2	198																																																																																																																																																			
502	eAe	eae			2	170			2	178	2	176	2	180							-2	180																																													-2	146	-2	138													-2	122	-2	122																																																									-2	144	-2	140	-2	114	-2	114
502	Apriori	Id(Bk)Syl1>>Id(Bk)	2	200																																																																																																																																																			
511	iOi	ioi			2	172	2	144	2	180	2	178	2	182					-2	146	-2	178																																																									-2	146	-2	148	-2	120	-2	120																																													-2	140	-2	138													-2	112	-2	112
511	Apriori	Id(Bk)Syl1>>Id(Bk)	2	202																																																																																																																																																			
519	iOy	iou			2	174	2	146	2	182	2	180	2	184					-2	144	-2	176																																																									-2	144	-2	146	-2	118	-2	118																																																																
519	Apriori	Id(Bk)Syl1>>Id(Bk)	2	204																																																																																																																																																			
526	Oia	OiA			2	176			-2	180	-2	178	-2	182							2	178															2	184															2	188															2	140													2	120	2	120																																																																
526	Apriori	Id(Bk)Syl1>>Id(Bk)	2	206																																																																																																																																																			
530	eou	eOy			2	178	-2	144	-2	178	-2	176	-2	180					2	146	2	180																																									2	142	2	142	2	148	2	142									2	146	2	148	2	122	2	122																																																																
530	Apriori	Id(Bk)Syl1>>Id(Bk)	2	208																																																																																																																																																			
533	eA	ea			2	180			2	180	2	178	2	182							-2	178																																													-2	146	-2	140													-2	120	-2	120																																																																
533	Apriori	Id(Bk)Syl1>>Id(Bk)	2	210																																																																																																																																																			
549	eio	eiO			2	182	-2	142	-2	178	-2	176	-2	180					2	148	2	180																																											2	144			2	142									2	148	2	150	2	122	2	122																																																																
549	Apriori	Id(Bk)Syl1>>Id(Bk)	2	212																																																																																																																																																			
554	iy	iu			2	184			2	180	2	178	2	182							-2	178																																																													-2	120	-2	120																																																																
554	Apriori	Id(Bk)Syl1>>Id(Bk)	2	214																																																																																																																																																			
586	iia	iiA			2	186			-2	178	-2	176	-2	180							2	180																																																													2	122	2	122																																																																
586	Apriori	Id(Bk)Syl1>>Id(Bk)	2	216																																																																																																																																																			
755	ieO	ieo			2	188	2	144	2	180	2	178	2	182					-2	146	-2	178																																									-2	140	-2	142	-2	144	-2	140									-2	146	-2	148	-2	120	-2	120																																																																
755	Apriori	Id(Bk)Syl1>>Id(Bk)	2	218																																																																																																																																																			
908	euo	eyO			2	190	-2	142	-2	178	-2	176	-2	180					2	148	2	180																																											2	144	2	146	2	142											2	150	2	122	2	122																																																																
908	Apriori	Id(Bk)Syl1>>Id(Bk)	2	220																																																																																																																																																			
3455	iai	iAi			2	192			-2	176	-2	174	-2	178							2	182																																																													2	124	2	124																																																													2	114	2	114
3455	Apriori	Id(Bk)Syl1>>Id(Bk)	2	222																																																																																																																																																			
15254	eAe	eae			0.002	192.002			0.002	176.002	0.002	174.002	0.002	178.002							-0.002	181.998																																													-0.002	145.998	-0.002	141.998													-0.002	123.998	-0.002	123.998																																																									-0.002	143.998	-0.002	139.998	-0.002	113.998	-0.002	113.998
15254	Apriori	Id(Bk)Syl1>>Id(Bk)	0.0020000000000095497	222.002																																																																																																																																																			
TOTAL				222.002		192.002		142		176.002		174.002		178.002		140		188		148		181.998		100		100		120		120		140		140		182		184		140		140		140		140		140		140		184		188		160		160		160		160		140		144		145.998		141.998		180		180		180		180		146		150		123.998		123.998		100		100		140		140		160		160		180		180		120		120		140		140		160		160		180		180		140		140		140		142		136		134		140		138		182		184		182		186		143.998		139.998		113.998		113.998
