trialnum	Generated	Heard	Id(Bk)Syl1	now	Id(Bk)	now	*F1	now	*F3	now	*F4	now	*F5	now	*B1	now	*B2	now	*B3	now	*B5	now	*F1_B1	now	*F1..._B1	now	*F1_B2	now	*F1..._B2	now	*F1_B3	now	*F1..._B3	now	*F1_B5	now	*F1..._B5	now	*F3_B1	now	*F3..._B1	now	*F3_B2	now	*F3..._B2	now	*F3_B3	now	*F3..._B3	now	*F3_B5	now	*F3..._B5	now	*F4_B1	now	*F4..._B1	now	*F4_B2	now	*F4..._B2	now	*F4_B3	now	*F4..._B3	now	*F4_B5	now	*F4..._B5	now	*F5_B1	now	*F5..._B1	now	*F5_B2	now	*F5..._B2	now	*F5_B3	now	*F5..._B3	now	*F5_B5	now	*F5..._B5	now	*_B1F1	now	*_B1...F1	now	*_B1F3	now	*_B1...F3	now	*_B1F4	now	*_B1...F4	now	*_B1F5	now	*_B1...F5	now	*_B2F1	now	*_B2...F1	now	*_B2F3	now	*_B2...F3	now	*_B2F4	now	*_B2...F4	now	*_B2F5	now	*_B2...F5	now	*_B3F1	now	*_B3...F1	now	*_B3F3	now	*_B3...F3	now	*_B3F4	now	*_B3...F4	now	*_B3F5	now	*_B3...F5	now	*_B5F1	now	*_B5...F1	now	*_B5F3	now	*_B5...F3	now	*_B5F4	now	*_B5...F4	now	*_B5F5	now	*_B5...F5	now
				0		0		100		140		160		180		100		120		140		180		100		100		100		100		100		100		100		100		100		100		120		120		140		140		140		140		100		100		120		120		140		140		160		160		100		100		120		120		140		140		180		180		100		100		100		100		100		100		100		100		100		100		120		120		120		120		120		120		100		100		140		140		140		140		140		140		100		100		140		140		160		160		180		180
0	Apriori	Id(Bk)Syl1>>Id(Bk)	30	30																																																																																																																																																		
1	yOe	uoe	2	32	2	2	2	102	2	142	2	162	2	182					-2	138	-2	178																																																																																																									-2	138	-2	138	-2	138	-2	138									-2	158	-2	158	-2	178	-2	178
2	aa	AA	2	34	2	4			-2	140	-2	160	-2	180							2	180																																																																																																																																
3	AAO	aao	2	36	2	6	2	104	2	142	2	162	2	182					-2	136	-2	178																																																																																																																																
5	EoE	eOe	2	38	2	8	-2	102	-2	140	-2	160	-2	180			2	122	2	138	2	180																																																																																																																																
7	Iaa	iAA	2	40	2	10			-2	138	-2	158	-2	178	2	102	2	124	2	140	2	182																																																																																																																																
8	Oie	oie	2	42	2	12	2	104	2	140	2	160	2	180					-2	138	-2	180																																																																																																											-2	136	-2	136	-2	136											-2	156	-2	176	-2	176
10	yAi	uai	2	44	2	14			2	142	2	162	2	182							-2	178																																																																																																																													-2	174	-2	174
11	aII	Aii	2	46	2	16			-2	140	-2	160	-2	180	2	104	2	126	2	140	2	180																																																																																																																																
13	aEo	aeo			2	18					-2	158	-2	178			2	128	2	142	2	182																																									-2	138	-2	138	-2	158	-2	158									-2	138	-2	138	-2	178	-2	178																																																									-2	156	-2	154	-2	172	-2	172
13	Apriori	Id(Bk)Syl1>>Id(Bk)	2	48																																																																																																																																																			
15	Aee	aee	2	50	2	20			2	142	2	160	2	180							-2	180																																																																																																																									-2	154	-2	152	-2	170	-2	170
17	EaE	eae	2	52	2	22					-2	158	-2	178			2	130	2	144	2	182																																													-2	156	-2	156													-2	176	-2	176																																																									-2	152	-2	150	-2	168	-2	168
19	AOO	aoo	2	54	2	24	2	106	2	144	2	160	2	180					-2	142	-2	180																																																																																																																																
20	ouE	Oye	2	56	2	26	-2	104	-2	142	-2	158	-2	178			2	132	2	144	2	182																																																																																																																																
25	yei	uei	2	58	2	28			2	144	2	160	2	180							-2	180																																																																																																																									-2	150	-2	148	-2	166	-2	166
26	yAA	uaa	2	60	2	30			2	146	2	162	2	182							-2	178																																																																																																																																
27	IIu	iiy	2	62	2	32			-2	144	-2	160	-2	180	2	106	2	134	2	146	2	180																																																																																																																																
31	eAA	eaa			2	34			2	146	2	162	2	182							-2	178																																													-2	154	-2	154													-2	174	-2	174																																																																
31	Apriori	Id(Bk)Syl1>>Id(Bk)	2	64																																																																																																																																																			
32	uoI	yOi	2	66	2	36	-2	102	-2	144	-2	160	-2	180	2	108	2	136	2	148	2	180																																																																																																																																
34	Ioo	iOO	2	68	2	38	-2	100	-2	142	-2	158	-2	178	2	110	2	138	2	150	2	182																																																																																																																																
37	Oey	oeu	2	70	2	40	2	102	2	144	2	160	2	180					-2	148	-2	180																																													-2	152	-2	152													-2	172	-2	172																																									-2	136	-2	134	-2	134	-2	134									-2	148	-2	146	-2	164	-2	164
38	eOy	eou			2	42	2	104	2	146	2	162	2	182					-2	146	-2	178																																									-2	136	-2	136	-2	150	-2	150									-2	136	-2	136	-2	170	-2	170																																																																
38	Apriori	Id(Bk)Syl1>>Id(Bk)	2	72																																																																																																																																																			
39	oIu	Oiy	2	74	2	44	-2	102	-2	144	-2	160	-2	180	2	112	2	140	2	148	2	180																																																																																																																																
40	EaE	eAe	2	76	2	46			-2	142	-2	158	-2	178			2	142	2	150	2	182																																																																																																																																
44	AA	aa	2	78	2	48			2	144	2	160	2	180							-2	180																																																																																																																																
45	eAA	eaa			2	50			2	146	2	162	2	182							-2	178																																													-2	148	-2	148													-2	168	-2	168																																																																
45	Apriori	Id(Bk)Syl1>>Id(Bk)	2	80																																																																																																																																																			
46	EEE	eee	2	82	2	52					-2	160	-2	180			2	144	2	152	2	180																																																																																																																																
47	yie	uie	2	84	2	54			2	148	2	162	2	182							-2	178																																																																																																																											-2	144	-2	162	-2	162
48	oua	OyA	2	86	2	56	-2	100	-2	146	-2	160	-2	180					2	154	2	180																																																																																																																																
50	ouI	Oyi	2	88	2	58	-2	98	-2	144	-2	158	-2	178	2	114	2	146	2	156	2	182																																																																																																																																
53	OOA	ooa	2	90	2	60	2	100	2	146	2	160	2	180					-2	154	-2	180																																																																																																																																
54	uIo	uio			2	62							-2	178	2	116	2	148	2	156	2	182																																																									-2	134	-2	134	-2	166	-2	166																																																													-2	160	-2	160
54	Apriori	Id(Bk)Syl1>>Id(Bk)	2	92																																																																																																																																																			
56	OAe	oae	2	94	2	64	2	102	2	148	2	162	2	180					-2	154	-2	180																																																																																																											-2	132			-2	132									-2	146	-2	142	-2	158	-2	158
58	aEI	Aei	2	96	2	66			-2	146	-2	160	-2	178	2	118	2	150	2	156	2	182																																																																																																																																
59	eOO	eoo			2	68	2	104	2	148	2	162	2	180					-2	154	-2	180																																									-2	134	-2	134	-2	146	-2	146									-2	132	-2	132	-2	164	-2	164																																																																
59	Apriori	Id(Bk)Syl1>>Id(Bk)	2	98																																																																																																																																																			
60	OiA	oia	2	100	2	70	2	106	2	150	2	164	2	182					-2	152	-2	178																																																													-2	162	-2	162																																													-2	132	-2	130													-2	156	-2	156
61	uE	ue			2	72					-2	162	-2	180			2	152	2	154	2	180																																																																																																																									-2	144	-2	140	-2	154	-2	154
61	Apriori	Id(Bk)Syl1>>Id(Bk)	2	102																																																																																																																																																			
62	AAy	aau	2	104	2	74			2	152	2	164	2	182							-2	178																																																																																																																																
64	Ioa	ioa	2	106	2	76							-2	180	2	120	2	154	2	156	2	180																																																									-2	130	-2	130	-2	160	-2	160																																																																
67	IaI	iAi	2	108	2	78			-2	150	-2	162	-2	178	2	122	2	156	2	158	2	182																																																																																																																																
69	iyy	iuu			2	80			2	152	2	164	2	180							-2	180																																																													-2	158	-2	158																																																																
69	Apriori	Id(Bk)Syl1>>Id(Bk)	2	110																																																																																																																																																			
70	oIo	oio			2	82							-2	178	2	124	2	158	2	160	2	182																																																									-2	128	-2	128	-2	156	-2	156																																													-2	130	-2	128													-2	152	-2	152
70	Apriori	Id(Bk)Syl1>>Id(Bk)	2	112																																																																																																																																																			
71	ieO	ieo			2	84	2	108	2	154	2	166	2	180					-2	158	-2	180																																									-2	132	-2	132	-2	144	-2	144									-2	126	-2	126	-2	154	-2	154																																																																
71	Apriori	Id(Bk)Syl1>>Id(Bk)	2	114																																																																																																																																																			
72	AAO	aao	2	116	2	86	2	110	2	156	2	168	2	182					-2	156	-2	178																																																																																																																																
73	Ioa	ioa	2	118	2	88							-2	180	2	126	2	160	2	158	2	180																																																									-2	124	-2	124	-2	152	-2	152																																																																
75	ouI	oui			2	90							-2	178	2	128	2	162	2	160	2	182																																																																																																															-2	126													-2	150	-2	150
75	Apriori	Id(Bk)Syl1>>Id(Bk)	2	120																																																																																																																																																			
77	aa	AA	2	122	2	92			-2	154	-2	166	-2	176							2	184																																																																																																																																
79	yey	ueu	2	124	2	94			2	156	2	168	2	178							-2	182																																													-2	142	-2	142													-2	150	-2	150																																																									-2	142	-2	138	-2	148	-2	148
83	EEE	eee	2	126	2	96					-2	166	-2	176			2	164	2	162	2	184																																																																																																																																
84	Aiy	aiu	2	128	2	98			2	158	2	168	2	178							-2	182																																																													-2	148	-2	148																																																													-2	146	-2	146
86	aIo	aio			2	100							-2	176	2	130	2	166	2	164	2	184																																																									-2	122	-2	122	-2	146	-2	146																																																													-2	144	-2	144
86	Apriori	Id(Bk)Syl1>>Id(Bk)	2	130																																																																																																																																																			
87	AiA	aia	2	132	2	102			2	160	2	170	2	178							-2	182																																																													-2	144	-2	144																																																													-2	142	-2	142
88	eOA	eoa			2	104	2	112	2	162	2	172	2	180					-2	162	-2	180																																									-2	130	-2	130	-2	140	-2	140									-2	120	-2	120	-2	142	-2	142																																																																
88	Apriori	Id(Bk)Syl1>>Id(Bk)	2	134																																																																																																																																																			
91	oaE	oae			2	106					-2	170	-2	178			2	168	2	164	2	182																																																																																																											-2	130			-2	124									-2	140	-2	136	-2	140	-2	140
91	Apriori	Id(Bk)Syl1>>Id(Bk)	2	136																																																																																																																																																			
93	Oyi	oui	2	138	2	108	2	114	2	164	2	172	2	180					-2	162	-2	180																																																																																																															-2	122													-2	138	-2	138
94	yy	uu	2	140	2	110			2	166	2	174	2	182							-2	178																																																																																																																																
95	IIE	iie	2	142	2	112					-2	172	-2	180	2	132	2	170	2	164	2	180																																																																																																																																
98	aoo	AOO	2	144	2	114	-2	112	-2	164	-2	170	-2	178					2	166	2	182																																																																																																																																
100	yOy	uou	2	146	2	116	2	114	2	166	2	172	2	180					-2	164	-2	180																																																																																																																																
101	Euu	euu	2	148	2	118					-2	170	-2	178			2	172	2	166	2	182																																													-2	138	-2	138													-2	140	-2	140																																																																
102	yO	uo	2	150	2	120	2	116	2	168	2	172	2	180					-2	164	-2	180																																																																																																																																
103	oIE	oie			2	122					-2	170	-2	178	2	134	2	174	2	166	2	182																																																																																																											-2	128	-2	128	-2	120											-2	134	-2	136	-2	136
103	Apriori	Id(Bk)Syl1>>Id(Bk)	2	152																																																																																																																																																			
104	yeA	uea	2	154	2	124			2	170	2	172	2	180							-2	180																																													-2	136	-2	136													-2	138	-2	138																																																									-2	138	-2	132	-2	134	-2	134
105	aou	AOy	2	156	2	126	-2	114	-2	168	-2	170	-2	178					2	168	2	182																																																																																																																																
108	AyO	auo	2	158	2	128	2	116	2	170	2	172	2	180					-2	166	-2	180																																																																																																																																
110	iiO	iio			2	130	2	118	2	172	2	174	2	182					-2	164	-2	178																																																									-2	118	-2	118	-2	136	-2	136																																																																
110	Apriori	Id(Bk)Syl1>>Id(Bk)	2	160																																																																																																																																																			
111	Iu	iu	2	162	2	132							-2	180	2	136	2	176	2	166	2	180																																																													-2	134	-2	134																																																																
112	Eaa	eaa	2	164	2	134					-2	172	-2	178			2	178	2	168	2	182																																													-2	134	-2	134													-2	132	-2	132																																																																
113	oIE	Oie	2	166	2	136	-2	116	-2	170	-2	170	-2	176	2	138	2	180	2	170	2	184																																																																																																																																
114	yiy	uiu	2	168	2	138			2	172	2	172	2	178							-2	182																																																													-2	130	-2	130																																																													-2	132	-2	132
117	OOO	ooo	2	170	2	140	2	118	2	174	2	174	2	180					-2	168	-2	180																																																																																																																																
118	ieA	iea			2	142			2	176	2	176	2	182							-2	178																																													-2	132	-2	132													-2	128	-2	128																																																																
118	Apriori	Id(Bk)Syl1>>Id(Bk)	2	172																																																																																																																																																			
121	aEa	AeA	2	174	2	144			-2	174	-2	174	-2	180			2	182	2	170	2	180																																																																																																																																
122	Eaa	eAA	2	176	2	146			-2	172	-2	172	-2	178			2	184	2	172	2	182																																																																																																																																
124	eyi	eui			2	148			2	174	2	174	2	180							-2	180																																													-2	130	-2	130													-2	126	-2	126																																																													-2	130	-2	130
124	Apriori	Id(Bk)Syl1>>Id(Bk)	2	178																																																																																																																																																			
126	Ae	ae	2	180	2	150			2	176	2	176	2	182							-2	178																																																																																																																									-2	136	-2	130	-2	128	-2	128
128	ou	Oy	2	182	2	152	-2	116	-2	174	-2	174	-2	180					2	174	2	180																																																																																																																																
132	aie	Aie	2	184	2	154			-2	172	-2	172	-2	178							2	182																																																																																																																											2	132	2	130	2	130
134	Ay	au	2	186	2	156			2	174	2	174	2	180							-2	180																																																																																																																																
135	iiu	iiy			2	158			-2	172	-2	172	-2	178							2	182																																																													2	128	2	128																																																																
135	Apriori	Id(Bk)Syl1>>Id(Bk)	2	188																																																																																																																																																			
143	eOO	eoo			2	160	2	118	2	174	2	174	2	180					-2	172	-2	180																																									-2	128	-2	128	-2	128	-2	128									-2	116	-2	116	-2	126	-2	126																																																																
143	Apriori	Id(Bk)Syl1>>Id(Bk)	2	190																																																																																																																																																			
144	aye	aue			2	162			2	176	2	176	2	182							-2	178																																																																																																																					2	142	2	142			-2	130			-2	128
144	Apriori	Id(Bk)Syl1>>Id(Bk)	2	192																																																																																																																																																			
147	eaI	eAi			2	164			-2	174	-2	174	-2	180	2	140	2	186	2	174	2	180																																			2	102			2	122			2	130	2	130	2	130			2	102			2	122			2	118	2	128	2	128																																																																
147	Apriori	Id(Bk)Syl1>>Id(Bk)	2	194																																																																																																																																																			
148	iOy	iou			2	166	2	120	2	176	2	176	2	182					-2	172	-2	178																																																									-2	114	-2	116	-2	126	-2	126																																																																
148	Apriori	Id(Bk)Syl1>>Id(Bk)	2	196																																																																																																																																																			
150	Ao	AO			2	168	-2	118	-2	174	-2	174	-2	180					2	174	2	180																									2	142	2	142	2	142	2	142									2	130	2	132	2	132	2	132									2	116	2	118	2	128	2	128																																																																
150	Apriori	Id(Bk)Syl1>>Id(Bk)	2	198																																																																																																																																																			
151	yoa	yOA			2	170	-2	116	-2	172	-2	172	-2	178					2	176	2	182																									2	144	2	144	2	144	2	144									2	132	2	134	2	134	2	134									2	118	2	120	2	130	2	130																																																																
151	Apriori	Id(Bk)Syl1>>Id(Bk)	2	200																																																																																																																																																			
153	eOA	eoa			2	172	2	118	2	174	2	174	2	180					-2	174	-2	180																																									-2	130	-2	132	-2	132	-2	132									-2	116	-2	118	-2	128	-2	128																																																																
153	Apriori	Id(Bk)Syl1>>Id(Bk)	2	202																																																																																																																																																			
154	uAi	uai			2	174			2	176	2	176	2	182							-2	178																																																																																																																					2	144	2	144	2	138	2	132			-2	126
154	Apriori	Id(Bk)Syl1>>Id(Bk)	2	204																																																																																																																																																			
155	yiu	yiy			2	176			-2	174	-2	174	-2	180							2	180																															2	146															2	134													2	130	2	130																																																																
155	Apriori	Id(Bk)Syl1>>Id(Bk)	2	206																																																																																																																																																			
158	yia	yiA			2	178			-2	172	-2	172	-2	178							2	182																															2	148															2	136													2	132	2	132																																																																
158	Apriori	Id(Bk)Syl1>>Id(Bk)	2	208																																																																																																																																																			
159	eOy	eou			2	180	2	120	2	174	2	174	2	180					-2	172	-2	180																																									-2	128	-2	130	-2	130	-2	134									-2	114	-2	116	-2	130	-2	130																																																																
159	Apriori	Id(Bk)Syl1>>Id(Bk)	2	210																																																																																																																																																			
162	aAi	aai			2	182			2	176	2	176	2	182							-2	178																																																																																																																					2	146	2	146	2	140	2	134			-2	124
162	Apriori	Id(Bk)Syl1>>Id(Bk)	2	212																																																																																																																																																			
181	Aa	AA			2	184			-2	174	-2	174	-2	180							2	180																													2	146	2	150													2	132	2	136													2	132	2	132																																																																
181	Apriori	Id(Bk)Syl1>>Id(Bk)	2	214																																																																																																																																																			
183	ayy	auu			2	186			2	176	2	176	2	182							-2	178																																																																																																																					2	148	2	148	2	142	2	136	2	132	2	126
183	Apriori	Id(Bk)Syl1>>Id(Bk)	2	216																																																																																																																																																			
194	iui	iyi			2	188			-2	174	-2	174	-2	180							2	180																																																													2	134	2	134																																																													2	134	2	128
194	Apriori	Id(Bk)Syl1>>Id(Bk)	2	218																																																																																																																																																			
418	iiy	iiu			2	190			2	176	2	176	2	182							-2	178																																																													-2	132	-2	132																																																																
418	Apriori	Id(Bk)Syl1>>Id(Bk)	2	220																																																																																																																																																			
761	Auo	AyO			2	192	-2	118	-2	174	-2	174	-2	180					2	174	2	180																											2	146	2	148	2	152											2	132	2	134	2	138											2	118	2	134	2	134																																																																
761	Apriori	Id(Bk)Syl1>>Id(Bk)	2	222																																																																																																																																																			
TOTAL				222		192		118		174		174		180		140		186		174		180		100		100		100		100		100		100		100		100		100		100		120		120		144		146		148		152		100		102		120		122		128		132		134		138		100		102		120		122		114		118		134		134		100		100		100		100		100		100		100		100		100		100		120		120		120		120		120		120		100		100		140		140		136		128		128		120		100		100		148		148		142		136		134		128
