trialnum	Generated	Heard	Id(Bk)Syl1	now	Id(Bk)	now	*F1	now	*F3	now	*F4	now	*F5	now	*B1	now	*B2	now	*B3	now	*B5	now	*F1_B1	now	*F1..._B1	now	*F1_B2	now	*F1..._B2	now	*F1_B3	now	*F1..._B3	now	*F1_B5	now	*F1..._B5	now	*F3_B1	now	*F3..._B1	now	*F3_B2	now	*F3..._B2	now	*F3_B3	now	*F3..._B3	now	*F3_B5	now	*F3..._B5	now	*F4_B1	now	*F4..._B1	now	*F4_B2	now	*F4..._B2	now	*F4_B3	now	*F4..._B3	now	*F4_B5	now	*F4..._B5	now	*F5_B1	now	*F5..._B1	now	*F5_B2	now	*F5..._B2	now	*F5_B3	now	*F5..._B3	now	*F5_B5	now	*F5..._B5	now	*_B1F1	now	*_B1...F1	now	*_B1F3	now	*_B1...F3	now	*_B1F4	now	*_B1...F4	now	*_B1F5	now	*_B1...F5	now	*_B2F1	now	*_B2...F1	now	*_B2F3	now	*_B2...F3	now	*_B2F4	now	*_B2...F4	now	*_B2F5	now	*_B2...F5	now	*_B3F1	now	*_B3...F1	now	*_B3F3	now	*_B3...F3	now	*_B3F4	now	*_B3...F4	now	*_B3F5	now	*_B3...F5	now	*_B5F1	now	*_B5...F1	now	*_B5F3	now	*_B5...F3	now	*_B5F4	now	*_B5...F4	now	*_B5F5	now	*_B5...F5	now
				0		0		100		140		160		180		100		120		140		180		100		100		120		120		140		140		180		180		140		140		140		140		140		140		180		180		160		160		160		160		160		160		180		180		180		180		180		180		180		180		180		180		100		100		140		140		160		160		180		180		120		120		140		140		160		160		180		180		140		140		140		140		160		160		180		180		180		180		180		180		180		180		180		180
0	Apriori	Id(Bk)Syl1>>Id(Bk)	10	10																																																																																																																																																		
2	EIu	Eiu			2	2							-2	178	2	102	2	122	2	142	2	182																																																													-2	178	-2	178																													-2	178	-2	178													-2	178	-2	178													-2	178	-2	178
2	Apriori	Id(Bk)Syl1>>Id(Bk)	2	12																																																																																																																																																			
3	Aey	Aeu			2	4			2	142	2	162	2	180							-2	180																															-2	178													-2	178	-2	178													-2	176	-2	176																																																																
3	Apriori	Id(Bk)Syl1>>Id(Bk)	2	14																																																																																																																																																			
4	yAA	yaa			2	6			2	144	2	164	2	182							-2	178																													-2	178	-2	176													-2	176	-2	176													-2	174	-2	174																																																																
4	Apriori	Id(Bk)Syl1>>Id(Bk)	2	16																																																																																																																																																			
6	Aiy	Aiu			2	8			2	146	2	166	2	184							-2	176																															-2	174															-2	174													-2	172	-2	172																																																																
6	Apriori	Id(Bk)Syl1>>Id(Bk)	2	18																																																																																																																																																			
7	Iu	iu	2	20	0	8							-2	182	2	104	2	124	2	144	2	178																																																													-2	170	-2	170																																																																
8	uaE	yae	2	22	0	8			-2	144	-2	164	-2	180			2	126	2	146	2	180																													-2	176	-2	172													-2	174	-2	172													-2	168	-2	168																																																									-2	178	-2	178	-2	176	-2	176
9	aoo	Aoo	2	24	0	8			-2	142	-2	162	-2	178							2	182																									-2	138	-2	138	-2	174	-2	170									-2	158	-2	158	-2	172	-2	170									-2	178	-2	178	-2	166	-2	166																																																																
10	eAy	eau			2	10			2	144	2	164	2	180							-2	180																																													-2	170	-2	168													-2	164	-2	164																																																																
11	OO	Oo			2	12	2	102	2	146	2	166	2	182					-2	144	-2	178									-2	138	-2	138	-2	178	-2	178									-2	136	-2	136	-2	172	-2	168									-2	156	-2	156	-2	168	-2	166									-2	176	-2	176	-2	162	-2	162																																																																
12	Iau	iau	2	26	0	12							-2	180	2	106	2	128	2	146	2	180																																																													-2	160	-2	160																																																																
13	iiO	iio			2	14	2	104	2	148	2	168	2	182					-2	144	-2	178																																																									-2	174	-2	174	-2	158	-2	158																																																																
14	aIE	Aie	2	28	0	14			-2	146	-2	166	-2	180	2	108	2	130	2	146	2	180																																																																																																																																
16	eAe	Eae	2	30	0	14			2	148	2	168	2	182			-2	128	-2	144	-2	178																																																																																											-2	158			-2	176											-2	158			-2	176									-2	176	-2	176	-2	174	-2	174
17	IoE	ioe	2	32	0	14					-2	166	-2	180	2	110	2	130	2	146	2	180																																																									-2	172	-2	172	-2	156	-2	156																																									-2	158	-2	156	-2	176	-2	174									-2	174	-2	174	-2	172	-2	172
18	AyA	aua	2	34	0	14			2	150	2	168	2	182							-2	178																																																																																																																																
19	uIo	yio	2	36	0	14			-2	148	-2	166	-2	180	2	112	2	132	2	148	2	180																											-2	134			-2	166											-2	154			-2	164									-2	170	-2	170	-2	154	-2	154																																																																
20	ouo	Ouo	2	38	0	14	-2	102	-2	146	-2	164	-2	178					2	150	2	182											-2	136	-2	176	-2	176											-2	132	-2	170	-2	164											-2	152	-2	166	-2	162											-2	168	-2	152	-2	152																																																																
21	iOO	ioo			2	16	2	104	2	148	2	166	2	180					-2	148	-2	180																																																									-2	168	-2	166	-2	150	-2	150																																																																
22	AO	Ao			2	18	2	106	2	150	2	168	2	182					-2	146	-2	178																									-2	134	-2	130	-2	168	-2	162									-2	154	-2	150	-2	164	-2	160									-2	166	-2	164	-2	148	-2	148																																																																
23	IIo	iio	2	40	0	18							-2	180	2	114	2	134	2	148	2	180																																																									-2	164	-2	162	-2	146	-2	146																																																																
24	Aiy	aiu	2	42	0	18			2	152	2	170	2	182							-2	178																																																													-2	144	-2	144																																																													-2	170	-2	170
25	uoo	yoo	2	44	0	18			-2	150	-2	168	-2	180							2	180																									-2	132	-2	128	-2	166	-2	160									-2	152	-2	148	-2	162	-2	158									-2	162	-2	160	-2	142	-2	142																																																																
26	eOi	eoi			2	20	2	108	2	152	2	170	2	182					-2	146	-2	178																																									-2	150	-2	146	-2	160	-2	156									-2	160	-2	158	-2	140	-2	140																																													-2	174	-2	172													-2	168	-2	168
27	AAO	aao	2	46	0	20	2	110	2	154	2	172	2	184					-2	144	-2	176																																																																																																																																
28	IIE	iie	2	48	0	20					-2	170	-2	182	2	116	2	136	2	146	2	178																																																																																																																																
29	oE	Oe	2	50	0	20	-2	108	-2	152	-2	168	-2	180			2	138	2	148	2	180																																																																																																																																
30	aEE	aee			2	22					-2	166	-2	178			2	140	2	150	2	182																																																																																																																									-2	172	-2	172	-2	166	-2	166
31	eOO	eoo			2	24	2	110	2	154	2	168	2	180					-2	148	-2	180																																									-2	148	-2	144	-2	158	-2	154									-2	158	-2	156	-2	138	-2	138																																																																
32	eeA	eea			2	26			2	156	2	170	2	182							-2	178																																													-2	156	-2	152													-2	136	-2	136																																																																
33	IoI	ioi	2	52	0	26							-2	180	2	118	2	142	2	150	2	180																																																									-2	156	-2	154	-2	134	-2	134																																													-2	172	-2	170													-2	164	-2	164
34	IEI	iei	2	54	0	26					-2	168	-2	178	2	120	2	144	2	152	2	182																																																																																																																																
35	iAA	iaa			2	28			2	158	2	170	2	180							-2	180																																																													-2	132	-2	132																																																																
36	Iao	iao	2	56	0	28							-2	178	2	122	2	146	2	154	2	182																																																											-2	152	-2	130	-2	130																																																																
37	eAy	eau			2	30			2	160	2	172	2	180							-2	180																																													-2	154	-2	150													-2	128	-2	128																																																																
38	eeA	Eea	2	58	0	30			2	162	2	174	2	182			-2	144	-2	152	-2	178																																													-2	152	-2	148													-2	126	-2	126																									-2	158	-2	156	-2	176	-2	174									-2	156	-2	154	-2	170	-2	168									-2	170	-2	170	-2	162	-2	162
39	Eua	eua	2	60	0	30					-2	172	-2	180			2	146	2	154	2	180																																													-2	150	-2	146													-2	124	-2	124																																																																
40	Oie	oie	2	62	0	30	2	112	2	164	2	174	2	182					-2	152	-2	178																																																																																																											-2	152	-2	168	-2	166											-2	168	-2	160	-2	160
41	uaE	uae			2	32					-2	172	-2	180			2	148	2	154	2	180																																																																																																																									-2	168	-2	166	-2	158	-2	158
42	yA	ya			2	34			2	166	2	174	2	182							-2	178																													-2	164	-2	158													-2	148	-2	144													-2	122	-2	122																																																																
43	oaI	oai			2	36							-2	180	2	124	2	150	2	156	2	180																																																																																																															-2	164													-2	156	-2	156
44	eyA	Eua	2	64	0	36			2	168	2	176	2	182			-2	148	-2	154	-2	178																																																																																																																																
45	EEE	Eee			2	38					-2	174	-2	180			2	150	2	156	2	180																																																																																									-2	156	-2	154	-2	174	-2	172									-2	154	-2	150	-2	166	-2	162									-2	166	-2	164	-2	154	-2	154
46	EIu	eiu	2	66	0	38					-2	172	-2	178	2	126	2	152	2	158	2	182																																															-2	142													-2	120	-2	120																																																																
47	Oe	oe	2	68	0	38	2	114	2	170	2	174	2	180					-2	156	-2	180																																																																																																									-2	152	-2	148	-2	164	-2	160									-2	164	-2	162	-2	152	-2	152
48	III	iii	2	70	0	38							-2	178	2	128	2	154	2	158	2	182																																																																																																																																
49	Ayi	Aui			2	40			2	172	2	176	2	180							-2	180																													-2	162	-2	156													-2	146	-2	140													-2	118	-2	118																																																													-2	150	-2	150
50	ei	Ei	2	72	0	40					2	178	2	182			-2	152	-2	156	-2	178																																																																																													-2	172	-2	170													-2	162	-2	158													-2	148	-2	148
51	uE	ue			2	42					-2	176	-2	180			2	154	2	158	2	180																																																																																																																									-2	162	-2	160	-2	146	-2	146
52	ooE	ooe			2	44					-2	174	-2	178			2	156	2	160	2	182																																																																																																									-2	150	-2	146	-2	160	-2	156									-2	160	-2	158	-2	144	-2	144
53	OOe	Ooe			2	46	2	116	2	174	2	176	2	180					-2	158	-2	180									-2	136	-2	134	-2	174	-2	174									-2	130	-2	126	-2	160	-2	154									-2	146	-2	142	-2	144	-2	138									-2	154	-2	150	-2	116	-2	116																																									-2	148	-2	144	-2	158	-2	154									-2	158	-2	156	-2	142	-2	142
54	eey	eeu			2	48			2	176	2	178	2	182							-2	178																																													-2	142	-2	136													-2	114	-2	114																																																																
55	oII	oii			2	50							-2	180	2	130	2	158	2	160	2	180																																																																																																													-2	156	-2	152													-2	140	-2	140
56	oEo	Oeo	2	74	0	50	-2	114	-2	174	-2	176	-2	178			2	160	2	162	2	182											-2	132			-2	172											-2	124			-2	152									-2	144	-2	140	-2	140	-2	134									-2	152	-2	148	-2	112	-2	112																																																																
57	yOA	yoa			2	52	2	116	2	176	2	178	2	180					-2	160	-2	180																									-2	128	-2	122	-2	158	-2	150									-2	142	-2	138	-2	138	-2	132									-2	150	-2	146	-2	110	-2	110																																																																
58	aEE	aee			2	54					-2	176	-2	178			2	162	2	162	2	182																																																																																																																									-2	156	-2	154	-2	138	-2	138
59	yii	uii	2	76	0	54			2	178	2	178	2	180							-2	180																																																																																																																													-2	136	-2	136
60	IaE	iae	2	78	0	54					-2	176	-2	178	2	132	2	164	2	164	2	182																																																													-2	108	-2	108																																																									-2	154	-2	152	-2	134	-2	134
61	AiA	Aia			2	56			2	180	2	178	2	180							-2	180																															-2	148															-2	130													-2	106	-2	106																																																																
62	aIo	aio			2	58							-2	178	2	134	2	166	2	166	2	182																																																									-2	148	-2	144	-2	104	-2	104																																																													-2	132	-2	132
63	AiO	Aio			2	60	2	118	2	182	2	180	2	180					-2	164	-2	180																											-2	120			-2	146											-2	136			-2	128									-2	146	-2	142	-2	102	-2	102																																																																
64	ou	Ou	2	80	0	60	-2	116	-2	180	-2	178	-2	178					2	166	2	182													-2	172	-2	170													-2	156	-2	144													-2	136	-2	126													-2	100	-2	100																																																																
68	Oiy	Oiu			2	62			2	182	2	180	2	180							-2	180															-2	168															-2	142															-2	124													-2	98	-2	98																																																																
69	uo	yo	2	82	0	62			-2	180	-2	178	-2	178							2	182																									-2	126	-2	118	-2	154	-2	140									-2	140	-2	134	-2	134	-2	122									-2	144	-2	140	-2	96	-2	96																																																																
70	iO	io			2	64	2	118	2	182	2	180	2	180					-2	164	-2	180																																																									-2	142	-2	138	-2	94	-2	94																																																																
71	oo	Oo	2	84	0	64	-2	116	-2	180	-2	178	-2	178					2	166	2	182									-2	134	-2	130	-2	170	-2	166									-2	124	-2	116	-2	152	-2	138									-2	138	-2	132	-2	132	-2	120									-2	140	-2	136	-2	92	-2	92																																																																
74	yOe	yoe			2	66	2	118	2	182	2	180	2	180					-2	164	-2	180																									-2	122	-2	114	-2	150	-2	136									-2	136	-2	130	-2	130	-2	118									-2	138	-2	134	-2	90	-2	90																																									-2	146	-2	142	-2	154	-2	150									-2	152	-2	150	-2	130	-2	130
75	yeA	uea	2	86	0	66			2	184	2	182	2	182							-2	178																																													-2	128	-2	116													-2	88	-2	88																																																									-2	150	-2	148	-2	128	-2	128
76	aaE	aae			2	68					-2	180	-2	180			2	168	2	166	2	180																																																																																																																									-2	148	-2	146	-2	126	-2	126
79	eu	Eu	2	88	0	68					2	182	2	182			-2	166	-2	164	-2	178																																													2	130	2	118													2	90	2	90																																																																
80	yAy	yau			2	70			2	186	2	184	2	184							-2	176																													-2	148	-2	134													-2	128	-2	116													-2	88	-2	88																																																																
81	aoI	aoi			2	72							-2	182	2	136	2	168	2	166	2	178																																																																																																													-2	152	-2	148													-2	124	-2	124
82	IEI	iei	2	90	0	72					-2	182	-2	180	2	138	2	170	2	168	2	180																																																																																																																																
83	uoa	yoa	2	92	0	72			-2	184	-2	180	-2	178							2	182																									-2	120	-2	112	-2	146	-2	132									-2	134	-2	128	-2	126	-2	114									-2	136	-2	132	-2	86	-2	86																																																																
84	oie	Oie	2	94	0	72	-2	116	-2	182	-2	178	-2	176					2	170	2	184																																																																																																											2	144	2	154	2	150											2	148	2	126	2	126
85	yOy	uou	2	96	0	72	2	118	2	184	2	180	2	178					-2	168	-2	182																																																																																																																																
86	EuE	eue	2	98	0	72					-2	178	-2	176			2	172	2	170	2	184																																													-2	124	-2	112													-2	84	-2	84																																																									-2	146	-2	146	-2	124	-2	124
87	eei	Eei	2	100	0	72					2	180	2	178			-2	170	-2	168	-2	182																																																																																									-2	154	-2	152	-2	170	-2	168									-2	144	-2	142	-2	152	-2	148									-2	144	-2	144	-2	122	-2	122
89	eOy	eou			2	74	2	120	2	186	2	182	2	180					-2	166	-2	180																																									-2	132	-2	126	-2	122	-2	110									-2	134	-2	130	-2	82	-2	82																																																																
90	IE	ie	2	102	0	74					-2	180	-2	178	2	140	2	172	2	168	2	182																																																																																																																																
91	oi	Oi	2	104	0	74	-2	118	-2	184	-2	178	-2	176					2	170	2	184																																																																																																													2	154	2	150													2	124	2	124
92	eii	Eii	2	106	0	74					2	180	2	178			-2	170	-2	168	-2	182																																																																																													-2	168	-2	166													-2	152	-2	148													-2	122	-2	122
96	eie	Eie	2	108	0	74					2	182	2	180			-2	168	-2	166	-2	180																																																																																											-2	150	-2	166	-2	164											-2	140	-2	150	-2	146											-2	142	-2	120	-2	120
97	uE	ue			2	76					-2	180	-2	178			2	170	2	168	2	182																																																																																																																									-2	142	-2	140	-2	118	-2	118
98	oeu	Oeu	2	110	0	76	-2	116	-2	182	-2	178	-2	176					2	170	2	184															-2	164															-2	130																																																																									2	146	2	142	2	152	2	148									2	144	2	142	2	120	2	120
99	yOe	yoe			2	78	2	118	2	184	2	180	2	178					-2	168	-2	182																									-2	118	-2	110	-2	144	-2	128									-2	130	-2	124	-2	120	-2	108									-2	132	-2	128	-2	80	-2	80																																									-2	144	-2	140	-2	150	-2	146									-2	142	-2	140	-2	118	-2	118
101	eae	Eae	2	112	0	78					2	182	2	180			-2	168	-2	166	-2	180																																													2	122	2	110													2	82	2	82																											-2	148			-2	162											-2	138			-2	144											-2	138			-2	116
105	uoo	yoo	2	114	0	78			-2	182	-2	180	-2	178							2	182																									-2	116	-2	108	-2	142	-2	126									-2	128	-2	122	-2	120	-2	108									-2	130	-2	126	-2	80	-2	80																																																																
106	ooo	Ooo	2	116	0	78	-2	116	-2	180	-2	178	-2	176					2	168	2	184									-2	132	-2	128	-2	168	-2	162									-2	114	-2	106	-2	140	-2	124									-2	126	-2	120	-2	118	-2	106									-2	128	-2	124	-2	78	-2	78																																																																
107	AOi	Aoi			2	80	2	118	2	182	2	180	2	178					-2	166	-2	182																									-2	112	-2	104	-2	138	-2	122									-2	124	-2	118	-2	116	-2	104									-2	126	-2	122	-2	76	-2	76																																													-2	148	-2	142													-2	116	-2	114
109	aei	Aei	2	118	0	80			-2	180	-2	178	-2	176							2	184																																																																																																																									2	144	2	140	2	118	2	116
111	eye	eue			2	82			2	182	2	180	2	178							-2	182																																													-2	114	-2	102													-2	74	-2	74																																																									-2	142	-2	138	-2	116	-2	114
112	oii	Oii	2	120	0	82	-2	116	-2	180	-2	178	-2	176					2	168	2	184																																																																																																													2	150	2	144													2	118	2	116
115	OAy	oau	2	122	0	82	2	118	2	182	2	180	2	178					-2	166	-2	182																																																																																																																																
117	aua	Aua	2	124	0	82			-2	180	-2	178	-2	176							2	184																													-2	136	-2	120													-2	112	-2	100													-2	72	-2	72																																																																
120	ye	ue	2	126	0	82			2	182	2	180	2	178							-2	182																																																																																																																									-2	140	-2	136	-2	116	-2	114
121	Eiu	eiu	2	128	0	82					-2	178	-2	176			2	170	2	168	2	184																																															-2	98																																													2	168	2	164													2	152	2	146													2	118	2	116
124	yOy	uou	2	130	0	82	2	120	2	184	2	180	2	178					-2	166	-2	182																																																																																																																																
125	Ay	Au			2	84			2	186	2	182	2	180							-2	180																													-2	134	-2	118													-2	110	-2	96													-2	70	-2	70																																																																
127	EE	Ee			2	86					-2	180	-2	178			2	172	2	168	2	182																																																																																									-2	152	-2	146	-2	166	-2	162									-2	142	-2	136	-2	150	-2	144									-2	138	-2	134	-2	116	-2	114
128	aia	Aia	2	132	0	86			-2	184	-2	178	-2	176							2	184																															-2	116															-2	94																																																																													2	118	2	116
132	AO	Ao			2	88	2	122	2	186	2	180	2	178					-2	166	-2	182																									-2	110	-2	102	-2	132	-2	114									-2	122	-2	116	-2	108	-2	92									-2	124	-2	120	-2	68	-2	68																																																																
133	yie	uie	2	134	0	88			2	188	2	182	2	180							-2	180																																																																																																																											-2	132	-2	116	-2	114
134	aaE	aae			2	90					-2	180	-2	178			2	174	2	168	2	182																																																																																																																									-2	136	-2	130	-2	114	-2	112
135	IoE	ioe	2	136	0	90					-2	178	-2	176	2	142	2	176	2	170	2	184																																																									-2	122	-2	118	-2	66	-2	66																																									-2	140	-2	134	-2	148	-2	142									-2	134	-2	128	-2	112	-2	110
136	uai	yai	2	138	0	90			-2	186	-2	176	-2	174							2	186																													-2	130	-2	112													-2	106	-2	90													-2	64	-2	64																																																															2	112
137	eie	Eie	2	140	0	90					2	178	2	176			-2	174	-2	168	-2	184																																																																																											-2	144	-2	164	-2	160											-2	132	-2	146	-2	140											-2	126	-2	110	-2	110
138	uui	yui	2	142	0	90			-2	184	-2	176	-2	174							2	186																													-2	128	-2	110													-2	104	-2	88													-2	62	-2	62																																																															2	112
139	AAe	aae	2	144	0	90			2	186	2	178	2	176							-2	184																																																																																																																									-2	132	-2	124	-2	108	-2	110
140	oea	Oea	2	146	0	90	-2	120	-2	184	-2	176	-2	174					2	170	2	186															-2	160															-2	108																																																																									2	142	2	134	2	148	2	142									2	134	2	126	2	110	2	112
141	aoi	Aoi	2	148	0	90			-2	182	-2	174	-2	172							2	188																									-2	108	-2	100	-2	126	-2	106									-2	120	-2	114	-2	102	-2	86									-2	120	-2	116	-2	60	-2	60																																																															2	114
142	eyO	Euo	2	150	0	90	2	122	2	184	2	176	2	174			-2	172	-2	168	-2	186																																																																																																																																
143	eOy	Eou	2	152	0	90	2	124	2	186	2	178	2	176			-2	170	-2	166	-2	184																																																																																																																																
144	Aey	Aeu			2	92			2	188	2	180	2	178							-2	182																															-2	104													-2	100	-2	84													-2	58	-2	58																																																																
145	uea	yea	2	154	0	92			-2	186	-2	178	-2	176							2	184																															-2	102																																																																																									2	136	2	128	2	112	2	116
149	aau	Aau	2	156	0	92			-2	184	-2	176	-2	174							2	186																													-2	124	-2	100													-2	98	-2	82													-2	56	-2	56																																																																
151	eO	eo			2	94	2	126	2	186	2	178	2	176					-2	164	-2	184																																									-2	118	-2	112	-2	96	-2	80									-2	118	-2	114	-2	54	-2	54																																																																
152	aaa	Aaa	2	158	0	94			-2	184	-2	176	-2	174							2	186																													-2	122	-2	98													-2	94	-2	78													-2	52	-2	52																																																																
156	oea	Oea	2	160	0	94	-2	124	-2	182	-2	174	-2	172					2	166	2	188															-2	158															-2	96																																																																									2	144	2	136	2	150	2	144									2	138	2	130	2	114	2	118
157	eye	eue			2	96			2	184	2	176	2	174							-2	186																																													-2	92	-2	76													-2	50	-2	50																																																									-2	136	-2	128	-2	112	-2	116
158	yOe	yoe			2	98	2	126	2	186	2	178	2	176					-2	164	-2	184																									-2	106	-2	98	-2	120	-2	94									-2	116	-2	110	-2	90	-2	74									-2	116	-2	112	-2	48	-2	48																																									-2	142	-2	134	-2	148	-2	142									-2	134	-2	126	-2	110	-2	114
159	Ayi	aui	2	162	0	98			2	188	2	180	2	178							-2	182																																																																																																																													-2	108	-2	112
160	oia	Oia	2	164	0	98	-2	124	-2	186	-2	178	-2	176					2	166	2	184															-2	156															-2	92															-2	72																																																													2	150	2	144													2	110	2	114
161	eOi	Eoi	2	166	0	98	2	126	2	188	2	180	2	178			-2	168	-2	164	-2	182																																																																																															-2	158													-2	148	-2	142													-2	108	-2	112
163	oi	Oi	2	168	0	98	-2	124	-2	186	-2	178	-2	176					2	166	2	184																																																																																																													2	150	2	144													2	110	2	114
165	yyi	yui			2	100			2	188	2	180	2	178							-2	182																													-2	118	-2	90													-2	88	-2	70													-2	46	-2	46																																																													-2	108	-2	112
166	uu	yu	2	170	0	100			-2	186	-2	178	-2	176							2	184																													-2	116	-2	88													-2	86	-2	68													-2	44	-2	44																																																																
167	ouu	Ouu	2	172	0	100	-2	122	-2	184	-2	176	-2	174					2	168	2	186													-2	166	-2	154													-2	114	-2	86													-2	84	-2	66													-2	42	-2	42																																																																
168	iOe	ioe			2	102	2	124	2	186	2	178	2	176					-2	166	-2	184																																																									-2	114	-2	110	-2	40	-2	40																																									-2	140	-2	132	-2	148	-2	142									-2	132	-2	124	-2	106	-2	110
169	Oei	oei	2	174	0	102	2	126	2	188	2	180	2	178					-2	164	-2	182																																																																																																									-2	138	-2	130	-2	146	-2	140									-2	130	-2	122	-2	104	-2	108
170	oo	Oo	2	176	0	102	-2	124	-2	186	-2	178	-2	176					2	166	2	184									-2	130	-2	126	-2	164	-2	152									-2	104	-2	96	-2	112	-2	84									-2	114	-2	108	-2	82	-2	64									-2	112	-2	108	-2	38	-2	38																																																																
171	eaa	Eaa	2	178	0	102					2	180	2	178			-2	166	-2	164	-2	182																																													2	84	2	66													2	40	2	40																																																																
172	eui	Eui	2	180	0	102					2	182	2	180			-2	164	-2	162	-2	180																																													2	86	2	68													2	42	2	42																															-2	156															-2	138															-2	106
173	oIa	oia			2	104							-2	178	2	144	2	166	2	164	2	182																																																													-2	40	-2	40																																													-2	144	-2	136													-2	102	-2	104
174	EEa	eea	2	182	0	104					-2	180	-2	176			2	168	2	166	2	184																																													-2	84	-2	66													-2	38	-2	38																																																																
175	ae	Ae	2	184	0	104			-2	184	-2	178	-2	174							2	186																																																																																																																									2	132	2	124	2	104	2	106
178	iey	ieu			2	106			2	186	2	180	2	176							-2	184																																													-2	82	-2	64													-2	36	-2	36																																																																
183	eio	Eio	2	186	0	106					2	182	2	178			-2	166	-2	164	-2	182																																											2	110			2	66																																													-2	162	-2	154													-2	142	-2	134													-2	102	-2	104
184	oaE	oae			2	108					-2	180	-2	176			2	168	2	166	2	184																																																																																																											-2	128			-2	132									-2	130	-2	122	-2	100	-2	102
185	Oyi	Oui			2	110			2	188	2	182	2	178							-2	182													-2	162	-2	150													-2	110	-2	82													-2	80	-2	64													-2	34	-2	34																																																													-2	98	-2	100
186	aEa	Aea	2	188	0	110			-2	186	-2	180	-2	176			2	170	2	168	2	184																															-2	80													-2	78	-2	62													-2	32	-2	32																																																																
187	Oey	oeu	2	190	0	110	2	126	2	188	2	182	2	178					-2	166	-2	182																																													-2	76	-2	60													-2	30	-2	30																																									-2	136	-2	126	-2	140	-2	130									-2	128	-2	120	-2	96	-2	98
191	oIu	oiu			2	112							-2	176	2	146	2	172	2	168	2	184																																																													-2	28	-2	28																																													-2	138	-2	128													-2	94	-2	96
196	aaE	aae			2	114					-2	180	-2	174			2	174	2	170	2	186																																																																																																																									-2	126	-2	118	-2	92	-2	94
197	uo	yo	2	192	0	114			-2	186	-2	178	-2	172							2	188																									-2	102	-2	94	-2	108	-2	78									-2	112	-2	108	-2	74	-2	58									-2	110	-2	106	-2	26	-2	26																																																																
198	ieA	iea			2	116			2	188	2	180	2	174							-2	186																																													-2	72	-2	56													-2	24	-2	24																																																																
208	oia	Oia	2	194	0	116	-2	124	-2	186	-2	178	-2	172					2	172	2	188															-2	148															-2	76															-2	54																																																													2	140	2	130													2	94	2	96
209	Oye	Oue			2	118			2	188	2	180	2	174							-2	186													-2	160	-2	146													-2	106	-2	74													-2	70	-2	52													-2	22	-2	22																																																									-2	124	-2	116	-2	92	-2	94
211	iAO	iao			2	120	2	126	2	190	2	182	2	176					-2	170	-2	184																																																											-2	104	-2	20	-2	20																																																																
215	oua	Oua	2	196	0	120	-2	124	-2	188	-2	180	-2	174					2	172	2	186													-2	158	-2	144													-2	104	-2	72													-2	68	-2	50													-2	18	-2	18																																																																
216	eiy	eiu			2	122			2	190	2	182	2	176							-2	184																																															-2	48													-2	16	-2	16																																																																
223	EEi	Eei			2	124					-2	180	-2	174			2	176	2	174	2	186																																																																																									-2	150	-2	142			2	156									-2	134	-2	124			2	132									-2	122	-2	114			2	96
232	AOA	Aoa			2	126	2	126	2	192	2	182	2	176					-2	172	-2	184																									-2	100	-2	92	-2	102	-2	70									-2	110	-2	106	-2	66	-2	46									-2	108	-2	102	-2	14	-2	14																																																																
238	aa	Aa	2	198	0	126			-2	190	-2	180	-2	174							2	186																													-2	100	-2	68													-2	64	-2	44													-2	12	-2	12																																																																
249	yAA	yaa			2	128			2	192	2	182	2	176							-2	184																													-2	98	-2	66													-2	62	-2	42													-2	10	-2	10																																																																
251	eEu	eeu			2	130					-2	180	-2	174			2	178	2	174	2	186																																					2	162	2	162	2	112	2	108			2	44					2	182	2	182	2	110	2	104			2	12																																																																
265	aey	aeu			2	132			2	194	2	182	2	176							-2	184																																													-2	60	-2	42													-2	8	-2	10																																																							2	182								
280	aEi	aei			2	134					-2	180	-2	174			2	180	2	176	2	186																																																																																													2	164	2	158													2	142	2	134									-2	120	-2	112			2	98
299	iye	iue			2	136			2	196	2	182	2	176							-2	184																																																													-2	6	-2	8																																																									-2	118	-2	110	-2	90	-2	96
302	uoa	yoa	2	200	0	136			-2	194	-2	180	-2	174							2	186																									-2	98	-2	90	-2	96	-2	64									-2	110	-2	106	-2	58	-2	40									-2	108	-2	102	-2	4	-2	6																																																																
327	AOO	Aoo			2	138	2	128	2	196	2	182	2	176					-2	174	-2	184																									-2	96	-2	88	-2	94	-2	62									-2	108	-2	104	-2	56	-2	38									-2	106	-2	100	-2	2	-2	4																																																																
354	uaa	yaa	2	202	0	138			-2	194	-2	180	-2	174							2	186																													-2	92	-2	60													-2	54	-2	36													-2	0	-2	2																																																																
550	EAA	Eaa			2	140			2	196	2	182	2	176							-2	184																																																																																					2	142	2	142	2	152	2	144	2	166	2	160					2	142	2	142	2	136	2	126	2	144	2	136					2	182	2	184	2	120	2	112	2	92	2	98
577	EiE	Eie			2	142					-2	180	-2	174			2	182	2	176	2	186																																																					2	184	2	184	2	108	2	102	2	2	2	4																											-2	142															-2	124															-2	110				
616	uiu	yiu	2	204	0	142			-2	194	-2	178	-2	172							2	188																															-2	58															-2	34																																																																													2	94	2	100
640	eiO	eio			2	144	2	130	2	196	2	180	2	174					-2	174	-2	186																																											-2	102			-2	32									-2	106	-2	100	-2	0	-2	2																																																																
699	EEi	Eei			2	146					-2	178	-2	172			2	184	2	176	2	188																																																																																									-2	150	-2	140			2	162									-2	134	-2	122			2	138									-2	118	-2	108			2	102
827	EOy	Eou			2	148	2	132	2	198	2	180	2	174					-2	174	-2	186																																																																																	2	122	2	122	2	144	2	144	2	152	2	142	2	168	2	164	2	142	2	142	2	144	2	144	2	136	2	124	2	146	2	140	2	182	2	182	2	184	2	186	2	120	2	110	2	96	2	104
971	oou	Oou	2	206	0	148	-2	130	-2	196	-2	178	-2	172					2	176	2	188									-2	128	-2	124	-2	156	-2	142									-2	94	-2	86	-2	90	-2	56									-2	106	-2	100	-2	52	-2	30									-2	104	-2	98	-2	-2	-2	0																																																																
1430	Oyi	Oui			2	150			2	198	2	180	2	174							-2	186													-2	154	-2	140													-2	88	-2	54													-2	50	-2	28													-2	-4	-2	-2																																																													-2	94	-2	102
2143	EEE	Eee			2	152					-2	178	-2	172			2	186	2	178	2	188																																																																																									-2	150	-2	140	-2	166	-2	162									-2	134	-2	122	-2	144	-2	138									-2	118	-2	108	-2	92	-2	100
2255	aue	Aue	2	208	0	152			-2	196	-2	176	-2	170							2	190																													-2	86	-2	52													-2	48	-2	26													-2	-6	-2	-4																																																											2	110			2	102
2263	EO	Eo			2	154	2	132	2	198	2	178	2	172					-2	176	-2	188																																																																																	2	124	2	124	2	146	2	146	2	152	2	142	2	168	2	164	2	144	2	144	2	146	2	146	2	136	2	124	2	146	2	140	2	184	2	184	2	186	2	188	2	120	2	112	2	94	2	104
3896	yAe	yae			2	156			2	200	2	180	2	174							-2	186																													-2	84	-2	50													-2	46	-2	24													-2	-8	-2	-6																																																									-2	118	-2	110	-2	92	-2	102
5414	oEa	oea			0.2	156.2					-0.2	179.8	-0.2	173.8			0.2	186.2	0.2	176.2	0.2	186.2																																													-0.2	45.8	-0.2	23.8													-0.2	-8.2	-0.2	-6.2																																									-0.2	135.8	-0.2	123.8	-0.2	145.8	-0.2	139.8									-0.2	117.8	-0.2	109.8	-0.2	91.8	-0.2	101.8
5540	uoe	yoe	0.2	208.2	0	156.2			-0.2	199.8	-0.2	179.60000000000002	-0.2	173.60000000000002							0.2	186.39999999999998																									-0.2	93.8	-0.2	85.8	-0.2	83.8	-0.2	49.8									-0.2	105.8	-0.2	99.8	-0.2	45.599999999999994	-0.2	23.6									-0.2	103.8	-0.2	97.8	-0.2	-8.399999999999999	-0.2	-6.4																																																											0.2	110.0			0.2	102.0
5671	aea	Aea	0.2	208.39999999999998	0	156.2			-0.2	199.60000000000002	-0.2	179.40000000000003	-0.2	173.40000000000003							0.2	186.59999999999997																															-0.2	49.599999999999994																																																																																									0.2	118.0	0.2	110.2	0.2	92.0	0.2	102.2
12795	uEu	ueu			0.02	156.22					-0.02	179.38000000000002	-0.02	173.38000000000002			0.02	186.22	0.02	176.22	0.02	186.61999999999998																																													-0.02	45.57999999999999	-0.02	23.580000000000002													-0.02	-8.419999999999998	-0.02	-6.42																																																									-0.02	117.98	-0.02	110.18	-0.02	91.98	-0.02	102.18
15205	yEu	yeu			0.002	156.222					-0.002	179.37800000000001	-0.002	173.37800000000001			0.002	186.222	0.002	176.222	0.002	186.62199999999999																					0.002	140.002	0.002	140.002	0.002	93.80199999999999	0.002	85.80199999999999	0.002	83.80199999999999	0.002	49.602					0.002	162.002	0.002	162.002	0.002	105.80199999999999	0.002	99.80199999999999			0.002	23.582					0.002	184.002	0.002	184.002	0.002	103.80199999999999	0.002	97.80199999999999			0.002	-6.418																																																																
17238	EEE	Eee			0.002	156.22400000000002					-0.002	179.376	-0.002	173.376			0.002	186.22400000000002	0.002	176.22400000000002	0.002	186.624																																																																																									-0.002	151.998	-0.002	141.998	-0.002	167.998	-0.002	163.998									-0.002	135.798	-0.002	123.798	-0.002	145.798	-0.002	139.798									-0.002	117.97800000000001	-0.002	110.17800000000001	-0.002	91.97800000000001	-0.002	102.17800000000001
TOTAL				208.39999999999998		156.22400000000002		132		199.60000000000002		179.376		173.376		146		186.22400000000002		176.22400000000002		186.624		100		100		120		120		128		124		154		140		140		140		140.002		140.002		93.80199999999999		85.80199999999999		83.80199999999999		49.602		160		160		162.002		162.002		105.80199999999999		99.80199999999999		45.57999999999999		23.582		180		180		184.002		184.002		103.80199999999999		97.80199999999999		-8.419999999999998		-6.418		100		100		140		140		160		160		180		180		124		124		146		146		151.998		141.998		167.998		163.998		144		144		146		146		135.798		123.798		145.798		139.798		184		184		186		188		117.97800000000001		110.17800000000001		91.97800000000001		102.17800000000001
