trialnum	Generated	Heard	Id(Bk)Syl1	now	Id(Bk)	now	*F1	now	*F3	now	*F4	now	*F5	now	*B1	now	*B2	now	*B3	now	*B5	now	*F1_B1	now	*F1..._B1	now	*F1_B2	now	*F1..._B2	now	*F1_B3	now	*F1..._B3	now	*F1_B5	now	*F1..._B5	now	*F3_B1	now	*F3..._B1	now	*F3_B2	now	*F3..._B2	now	*F3_B3	now	*F3..._B3	now	*F3_B5	now	*F3..._B5	now	*F4_B1	now	*F4..._B1	now	*F4_B2	now	*F4..._B2	now	*F4_B3	now	*F4..._B3	now	*F4_B5	now	*F4..._B5	now	*F5_B1	now	*F5..._B1	now	*F5_B2	now	*F5..._B2	now	*F5_B3	now	*F5..._B3	now	*F5_B5	now	*F5..._B5	now	*_B1F1	now	*_B1...F1	now	*_B1F3	now	*_B1...F3	now	*_B1F4	now	*_B1...F4	now	*_B1F5	now	*_B1...F5	now	*_B2F1	now	*_B2...F1	now	*_B2F3	now	*_B2...F3	now	*_B2F4	now	*_B2...F4	now	*_B2F5	now	*_B2...F5	now	*_B3F1	now	*_B3...F1	now	*_B3F3	now	*_B3...F3	now	*_B3F4	now	*_B3...F4	now	*_B3F5	now	*_B3...F5	now	*_B5F1	now	*_B5...F1	now	*_B5F3	now	*_B5...F3	now	*_B5F4	now	*_B5...F4	now	*_B5F5	now	*_B5...F5	now
				0		0		111.3		133.86		180.78		228.64		100.0		111.24		157.88		254.58		100.0		100.0		100.0		100.0		102.3		103.8		107.16		112.6		100.0		100.0		100.0		100.0		107.53999999999999		112.6		121.22		137.94		100.0		100.0		100.0		100.0		112.44		117.9		137.36		155.28		100.0		100.0		100.0		100.0		117.82		122.9		153.64		170.7		100.0		100.0		100.0		100.0		100.0		100.0		100.0		100.0		100.0		100.0		100.0		100.0		102.32		103.9		104.82		106.8		100.0		100.0		100.0		100.0		107.68		110.62		116.08		120.2		100.0		100.0		100.0		100.0		118.74000000000001		124.66		138.32		147.28
1	eOe	Eoe	2	2	0	0	2	113.3	2	135.86	2	182.78	2	230.64			-2	109.24	-2	155.88	-2	252.58																																																																																											-2	101.9			-2	104.8									-2	105.68	-2	108.62	-2	114.08	-2	118.2									-2	116.74000000000001	-2	122.66	-2	136.32	-2	145.28
2	yye	yue			2	2			2	137.86	2	184.78	2	232.64							-2	250.58																													-2	119.22	-2	135.94													-2	135.36	-2	153.28													-2	151.64	-2	168.7																																																									-2	114.74000000000001	-2	120.66	-2	134.32	-2	143.28
3	OOy	Oou			2	4	2	115.3	2	139.86	2	186.78	2	234.64					-2	153.88	-2	248.58									-2	100.3	-2	101.8	-2	105.16	-2	110.6									-2	105.53999999999999	-2	110.6	-2	117.22	-2	133.94									-2	110.44	-2	115.9	-2	133.36	-2	151.28									-2	115.82	-2	120.9	-2	149.64	-2	166.7																																																																
5	Oye	Oue			2	6			2	141.86	2	188.78	2	236.64							-2	246.58													-2	103.16	-2	108.6													-2	115.22	-2	131.94													-2	131.36	-2	149.28													-2	147.64	-2	164.7																																																									-2	112.74000000000001	-2	118.66	-2	132.32	-2	141.28
6	yAi	uai	2	4	0	6			2	143.86	2	190.78	2	238.64							-2	244.58																																																																																																																													-2	130.32	-2	139.28
7	Oei	oei	2	6	0	6	2	117.3	2	145.86	2	192.78	2	240.64					-2	151.88	-2	242.58																																																																																																									-2	103.68	-2	106.62	-2	112.08	-2	116.2									-2	110.74000000000001	-2	116.66	-2	128.32	-2	137.28
8	eyA	eua			2	8			2	147.86	2	194.78	2	242.64							-2	240.58																																													-2	129.36	-2	147.28													-2	145.64	-2	162.7																																																																
9	iOA	ioa			2	10	2	119.3	2	149.86	2	196.78	2	244.64					-2	149.88	-2	238.58																																																									-2	113.82	-2	118.9	-2	143.64	-2	160.7																																																																
10	uIE	yie	2	8	0	10			-2	147.86	-2	194.78	-2	242.64	2	102.0	2	111.24	2	151.88	2	240.58																																																																																																																																
11	oEI	oei			2	12					-2	192.78	-2	240.64	2	104.0	2	113.24	2	153.88	2	242.58																																																																																																									-2	101.68	-2	104.62	-2	110.08	-2	114.2									-2	108.74000000000001	-2	114.66	-2	126.32	-2	135.28
13	eiO	Eio	2	10	0	12	2	121.3	2	149.86	2	194.78	2	242.64			-2	111.24	-2	151.88	-2	240.58																																																									-2	111.82	-2	116.9	-2	141.64	-2	158.7																													-2	102.82	-2	102.8													-2	108.08	-2	112.2													-2	124.32	-2	133.28
14	yAi	yai			2	14			2	151.86	2	196.78	2	244.64							-2	238.58																													-2	113.22	-2	129.94													-2	127.36000000000001	-2	145.28													-2	139.64	-2	156.7																																																													-2	122.32	-2	131.28
16	Iua	iua	2	12	0	14							-2	242.64	2	106.0	2	113.24	2	153.88	2	240.58																																																													-2	137.64	-2	154.7																																																																
17	oEu	Oeu	2	14	0	14	-2	119.3	-2	149.86	-2	194.78	-2	240.64			2	115.24	2	155.88	2	242.58															-2	106.6															-2	127.94													-2	125.36000000000001	-2	143.28													-2	135.64	-2	152.7																																																																
19	eOe	Eoe	2	16	0	14	2	121.3	2	151.86	2	196.78	2	242.64			-2	113.24	-2	153.88	-2	240.58																																																																																											-2	99.9			-2	100.8									-2	99.68	-2	102.62	-2	106.08	-2	110.2									-2	106.74000000000001	-2	112.66	-2	120.32	-2	129.28
20	aII	aii			2	16							-2	240.64	2	108.0	2	115.24	2	155.88	2	242.58																																																																																																																													-2	118.32	-2	127.28
21	OeA	oea	2	18	0	16	2	123.3	2	153.86	2	198.78	2	242.64					-2	153.88	-2	240.58																																													-2	123.36000000000001	-2	141.28													-2	133.64	-2	150.7																																									-2	97.68	-2	100.62	-2	104.08	-2	108.2									-2	104.74000000000001	-2	110.66	-2	116.32	-2	125.28
22	EEI	eei	2	20	0	16					-2	196.78	-2	240.64	2	110.0	2	117.24	2	155.88	2	242.58																																																																																																																																
23	yie	uie	2	22	0	16			2	155.86	2	198.78	2	242.64							-2	240.58																																																																																																																											-2	108.66	-2	114.32	-2	123.28
24	uEa	uea			2	18					-2	196.78	-2	240.64			2	119.24	2	157.88	2	242.58																																													-2	121.36000000000001	-2	139.28													-2	131.64	-2	148.7																																																									-2	102.74000000000001	-2	106.66	-2	112.32	-2	121.28
25	AAe	aae	2	24	0	18			2	157.86	2	198.78	2	242.64							-2	240.58																																																																																																																									-2	100.74000000000001	-2	104.66	-2	110.32	-2	119.28
27	AyO	Auo			2	20	2	125.3	2	159.86	2	200.78	2	244.64					-2	155.88	-2	238.58																											-2	108.6	-2	111.22	-2	125.94											-2	113.9	-2	119.36000000000001	-2	137.28											-2	114.9	-2	129.64	-2	146.7																																																																
28	IEI	iei	2	26	0	20					-2	198.78	-2	242.64	2	112.0	2	121.24	2	157.88	2	240.58																																																																																																																																
29	oEE	oee			2	22					-2	196.78	-2	240.64			2	123.24	2	159.88	2	242.58																																																																																																									-2	95.68	-2	98.62	-2	102.08	-2	106.2									-2	98.74000000000001	-2	102.66	-2	108.32	-2	117.28
30	EEo	Eeo			2	24					-2	194.78	-2	238.64			2	125.24	2	161.88	2	244.58																																									-2	108.44	-2	111.9	-2	117.36000000000001	-2	135.28									-2	109.82	-2	112.9	-2	127.63999999999999	-2	144.7																									-2	100.32	-2	97.9	-2	100.82	-2	98.8									-2	93.68	-2	96.62	-2	100.08	-2	104.2									-2	96.74000000000001	-2	100.66	-2	106.32	-2	115.28
31	AeA	Aea			2	26			2	161.86	2	196.78	2	240.64							-2	242.58																															-2	123.94													-2	115.36000000000001	-2	133.28													-2	125.63999999999999	-2	142.7																																																																
32	yOO	uoo	2	28	0	26	2	127.3	2	163.86	2	198.78	2	242.64					-2	159.88	-2	240.58																																																																																																																																
33	oua	Oua	2	30	0	26	-2	125.3	-2	161.86	-2	196.78	-2	240.64					2	161.88	2	242.58													-2	101.16	-2	104.6													-2	109.22	-2	121.94													-2	113.36000000000001	-2	131.28													-2	123.63999999999999	-2	140.7																																																																
34	iOe	ioe			2	28	2	127.3	2	163.86	2	198.78	2	242.64					-2	159.88	-2	240.58																																																									-2	107.82	-2	110.9	-2	121.63999999999999	-2	138.7																																									-2	91.68	-2	94.62	-2	98.08	-2	102.2									-2	94.74000000000001	-2	98.66	-2	104.32	-2	113.28
35	EII	Eii			2	30							-2	240.64	2	114.0	2	127.24	2	161.88	2	242.58																																																																																													-2	98.82	-2	96.8													-2	96.08	-2	100.2													-2	102.32	-2	111.28
36	OyA	Oua			2	32			2	165.86	2	200.78	2	242.64							-2	240.58													-2	99.16	-2	102.6													-2	107.22	-2	119.94													-2	111.36000000000001	-2	129.28													-2	119.63999999999999	-2	136.7																																																																
37	ouE	Oue	2	32	0	32	-2	125.3	-2	163.86	-2	198.78	-2	240.64			2	129.24	2	163.88	2	242.58													-2	97.16	-2	100.6													-2	105.22	-2	117.94													-2	109.36000000000001	-2	127.28													-2	117.63999999999999	-2	134.7																																																									-2	92.74000000000001	-2	96.66	-2	100.32	-2	109.28
38	oII	oii			2	34							-2	238.64	2	116.0	2	131.24	2	165.88	2	244.58																																																																																																													-2	94.08	-2	98.2													-2	98.32	-2	107.28
39	Oey	Oeu			2	36			2	165.86	2	200.78	2	240.64							-2	242.58															-2	98.6															-2	115.94													-2	107.36000000000001	-2	125.28													-2	115.63999999999999	-2	132.7																																																																
40	eyA	Eua	2	34	0	36			2	167.86	2	202.78	2	242.64			-2	129.24	-2	163.88	-2	240.58																																																																																																																																
41	Ia	ia	2	36	0	36							-2	240.64	2	118.0	2	131.24	2	165.88	2	242.58																																																													-2	113.63999999999999	-2	130.7																																																																
42	eOA	Eoa	2	38	0	36	2	127.3	2	169.86	2	204.78	2	242.64			-2	129.24	-2	163.88	-2	240.58																																																																																																																																
43	EE	Ee			2	38					-2	202.78	-2	240.64			2	131.24	2	165.88	2	242.58																																																																																									-2	98.32	-2	95.9	-2	96.82	-2	94.8									-2	89.68	-2	92.62	-2	92.08	-2	96.2									-2	90.74000000000001	-2	94.66	-2	96.32	-2	105.28
44	aI	Ai	2	40	0	38			-2	167.86	-2	200.78	-2	238.64	2	120.0	2	133.24	2	167.88	2	244.58																																																																																																																																
45	yyA	yua			2	40			2	169.86	2	202.78	2	240.64							-2	242.58																													-2	103.22	-2	113.94													-2	105.36000000000001	-2	123.28													-2	111.63999999999999	-2	128.7																																																																
46	yyi	yui			2	42			2	171.86	2	204.78	2	242.64							-2	240.58																													-2	101.22	-2	111.94													-2	103.36000000000001	-2	121.28													-2	109.63999999999999	-2	126.69999999999999																																																													-2	94.32	-2	103.28
47	oIa	Oia	2	42	0	42	-2	125.3	-2	169.86	-2	202.78	-2	240.64	2	122.0	2	135.24	2	169.88	2	242.58															-2	96.6															-2	109.94															-2	119.28													-2	107.63999999999999	-2	124.69999999999999																																																																
48	yee	uee	2	44	0	42			2	171.86	2	204.78	2	242.64							-2	240.58																																																																																																																									-2	88.74000000000001	-2	92.66	-2	92.32	-2	101.28
49	oaE	Oae	2	46	0	42	-2	123.3	-2	169.86	-2	202.78	-2	240.64			2	137.24	2	171.88	2	242.58													-2	95.16	-2	94.6													-2	99.22	-2	107.94													-2	101.36000000000001	-2	117.28													-2	105.63999999999999	-2	122.69999999999999																																																									-2	86.74000000000001	-2	90.66	-2	90.32	-2	99.28
51	Eu	eu	2	48	0	42					-2	200.78	-2	238.64			2	139.24	2	173.88	2	244.58																																													-2	99.36000000000001	-2	115.28													-2	103.63999999999999	-2	120.69999999999999																																																																
52	uuu	yuu	2	50	0	42			-2	167.86	-2	198.78	-2	236.64							2	246.58																													-2	97.22	-2	105.94													-2	97.36000000000001	-2	113.28													-2	101.63999999999999	-2	118.69999999999999																																																																
53	yeA	uea	2	52	0	42			2	169.86	2	200.78	2	238.64							-2	244.58																																													-2	95.36000000000001	-2	111.28													-2	99.63999999999999	-2	116.69999999999999																																																									-2	84.74000000000001	-2	88.66	-2	88.32	-2	97.28
54	iy	iu			2	44			2	171.86	2	202.78	2	240.64							-2	242.58																																																													-2	97.63999999999999	-2	114.69999999999999																																																																
56	eOy	eou			2	46	2	125.3	2	173.86	2	204.78	2	242.64					-2	171.88	-2	240.58																																									-2	106.44	-2	109.9	-2	93.36000000000001	-2	109.28									-2	105.82	-2	108.9	-2	95.63999999999999	-2	112.69999999999999																																																																
57	iyO	iuo			2	48	2	127.3	2	175.86	2	206.78	2	244.64					-2	169.88	-2	238.58																																																											-2	106.9	-2	93.63999999999999	-2	110.69999999999999																																																																
59	aEE	aee			2	50					-2	204.78	-2	242.64			2	141.24	2	171.88	2	240.58																																																																																																																									-2	82.74000000000001	-2	86.66	-2	86.32	-2	95.28
60	Eaa	eaa	2	54	0	50					-2	202.78	-2	240.64			2	143.24	2	173.88	2	242.58																																													-2	91.36000000000001	-2	107.28													-2	91.63999999999999	-2	108.69999999999999																																																																
61	eiy	Eiu	2	56	0	50			2	177.86	2	204.78	2	242.64			-2	141.24	-2	171.88	-2	240.58																																																													-2	89.63999999999999	-2	106.69999999999999																													-2	94.82	-2	92.8													-2	90.08	-2	94.2													-2	84.32	-2	93.28
62	ooa	Ooa	2	58	0	50	-2	125.3	-2	175.86	-2	202.78	-2	240.64					2	173.88	2	242.58									-2	98.3	-2	99.8	-2	93.16	-2	92.6									-2	103.53999999999999	-2	106.6	-2	95.22	-2	103.94									-2	104.44	-2	107.9	-2	89.36000000000001	-2	105.28									-2	103.82	-2	104.9	-2	87.63999999999999	-2	104.69999999999999																																																																
63	ouI	Oui	2	60	0	50	-2	123.3	-2	173.86	-2	200.78	-2	238.64	2	124.0	2	143.24	2	175.88	2	244.58													-2	91.16	-2	90.6													-2	93.22	-2	101.94													-2	87.36000000000001	-2	103.28													-2	85.63999999999999	-2	102.69999999999999																																																													-2	82.32	-2	91.28
64	yiy	uiu	2	62	0	50			2	175.86	2	202.78	2	240.64							-2	242.58																																																													-2	83.63999999999999	-2	100.69999999999999																																																													-2	80.32	-2	89.28
65	Aey	aeu	2	64	0	50			2	177.86	2	204.78	2	242.64							-2	240.58																																													-2	85.36000000000001	-2	101.28													-2	81.63999999999999	-2	98.69999999999999																																																									-2	80.74000000000001	-2	84.66	-2	78.32	-2	87.28
66	EEo	Eeo			2	52					-2	202.78	-2	240.64			2	145.24	2	177.88	2	242.58																																									-2	102.44	-2	105.9	-2	83.36000000000001	-2	99.28									-2	101.82	-2	102.9	-2	79.63999999999999	-2	96.69999999999999																									-2	96.32	-2	93.9	-2	92.82	-2	90.8									-2	87.68	-2	90.62	-2	88.08	-2	92.2									-2	78.74000000000001	-2	82.66	-2	76.32	-2	85.28
68	uEE	yee	2	66	0	52			-2	175.86	-2	200.78	-2	238.64			2	147.24	2	179.88	2	244.58																																																																																																																																
70	AAy	Aau			2	54			2	177.86	2	202.78	2	240.64							-2	242.58																													-2	91.22	-2	99.94													-2	81.36000000000001	-2	97.28													-2	77.63999999999999	-2	94.69999999999999																																																																
72	iOO	ioo			2	56	2	125.3	2	179.86	2	204.78	2	242.64					-2	177.88	-2	240.58																																																									-2	99.82	-2	100.9	-2	75.63999999999999	-2	92.69999999999999																																																																
73	aoI	Aoi	2	68	0	56			-2	177.86	-2	202.78	-2	240.64	2	126.0	2	149.24	2	179.88	2	242.58																									-2	101.53999999999999	-2	104.6	-2	89.22	-2	97.94									-2	100.44	-2	103.9	-2	79.36000000000001	-2	95.28									-2	97.82	-2	98.9	-2	73.63999999999999	-2	90.69999999999999																																													-2	86.08	-2	90.2													-2	74.32	-2	83.28
74	eyi	Eui	2	70	0	56			2	179.86	2	204.78	2	242.64			-2	147.24	-2	177.88	-2	240.58																																																																																															-2	88.8															-2	88.2													-2	72.32	-2	81.28
75	uE	ue			2	58					-2	202.78	-2	240.64			2	149.24	2	179.88	2	242.58																																																																																																																									-2	76.74000000000001	-2	80.66	-2	70.32	-2	79.28
77	iAe	iae			2	60			2	181.86	2	204.78	2	242.64							-2	240.58																																																													-2	71.63999999999999	-2	88.69999999999999																																																									-2	74.74000000000001	-2	78.66	-2	68.32	-2	77.28
78	EaI	Eai			2	62							-2	240.64	2	128.0	2	151.24	2	181.88	2	242.58																																																																																															-2	86.8															-2	86.2													-2	66.32	-2	75.28
79	Ai	ai	2	72	0	62			2	183.86	2	206.78	2	242.64							-2	240.58																																																																																																																													-2	64.32	-2	73.28
81	Eao	eao	2	74	0	62					-2	204.78	-2	240.64			2	153.24	2	183.88	2	242.58																																											-2	101.9	-2	77.36000000000001	-2	93.28											-2	96.9	-2	69.63999999999999	-2	86.69999999999999																																																																
82	Oiy	Oiu			2	64			2	185.86	2	206.78	2	242.64							-2	240.58															-2	88.6															-2	95.94															-2	91.28													-2	67.63999999999999	-2	84.69999999999999																																																																
83	AAA	aaa	2	76	0	64			2	187.86	2	208.78	2	244.64							-2	238.58																																																																																																																																
85	uE	ye	2	78	0	64			-2	185.86	-2	206.78	-2	242.64			2	155.24	2	185.88	2	240.58																																																																																																																																
87	Ia	ia	2	80	0	64							-2	240.64	2	130.0	2	157.24	2	187.88	2	242.58																																																													-2	65.63999999999999	-2	82.69999999999999																																																																
88	Iuu	iuu	2	82	0	64							-2	238.64	2	132.0	2	159.24	2	189.88	2	244.58																																																													-2	63.639999999999986	-2	80.69999999999999																																																																
89	Oyi	Oui			2	66			2	187.86	2	208.78	2	240.64							-2	242.58													-2	89.16	-2	86.6													-2	87.22	-2	93.94													-2	75.36000000000001	-2	89.28													-2	61.639999999999986	-2	78.69999999999999																																																													-2	62.31999999999999	-2	71.28
90	AAA	aaa	2	84	0	66			2	189.86	2	210.78	2	242.64							-2	240.58																																																																																																																																
91	Iau	iau	2	86	0	66							-2	240.64	2	134.0	2	161.24	2	191.88	2	242.58																																																													-2	59.639999999999986	-2	76.69999999999999																																																																
93	Aie	aie	2	88	0	66			2	191.86	2	212.78	2	242.64							-2	240.58																																																																																																																											-2	76.66	-2	60.31999999999999	-2	69.28
94	IIa	iia	2	90	0	66							-2	240.64	2	136.0	2	163.24	2	193.88	2	242.58																																																													-2	57.639999999999986	-2	74.69999999999999																																																																
95	eOi	eoi			2	68	2	127.3	2	193.86	2	214.78	2	242.64					-2	191.88	-2	240.58																																									-2	98.44	-2	99.9	-2	73.36000000000001	-2	87.28									-2	95.82	-2	94.9	-2	55.639999999999986	-2	72.69999999999999																																													-2	84.08	-2	84.2													-2	58.31999999999999	-2	67.28
96	yyA	yua			2	70			2	195.86	2	216.78	2	244.64							-2	238.58																													-2	85.22	-2	91.94													-2	71.36000000000001	-2	85.28													-2	53.639999999999986	-2	70.69999999999999																																																																
97	aEI	aei			2	72					-2	214.78	-2	242.64	2	138.0	2	165.24	2	193.88	2	240.58																																																																																																																									-2	72.74000000000001	-2	74.66	-2	56.31999999999999	-2	65.28
99	eAi	Eai	2	92	0	72			2	197.86	2	216.78	2	244.64			-2	163.24	-2	191.88	-2	238.58																																																																																															-2	84.8															-2	82.2													-2	54.31999999999999	-2	63.28
100	uoo	yoo	2	94	0	72			-2	195.86	-2	214.78	-2	242.64							2	240.58																									-2	99.53999999999999	-2	102.6	-2	83.22	-2	89.94									-2	96.44	-2	97.9	-2	69.36000000000001	-2	83.28									-2	93.82	-2	92.9	-2	51.639999999999986	-2	68.69999999999999																																																																
101	oIE	Oie	2	96	0	72	-2	125.3	-2	193.86	-2	212.78	-2	240.64	2	140.0	2	165.24	2	193.88	2	242.58																																																																																																																																
104	eiO	eio			2	74	2	127.3	2	195.86	2	214.78	2	242.64					-2	191.88	-2	240.58																																											-2	95.9			-2	81.28									-2	91.82	-2	90.9	-2	49.639999999999986	-2	66.69999999999999																																																																
105	oou	Oou	2	98	0	74	-2	125.3	-2	193.86	-2	212.78	-2	240.64					2	193.88	2	242.58									-2	96.3	-2	97.8	-2	87.16	-2	84.6									-2	97.53999999999999	-2	100.6	-2	81.22	-2	87.94									-2	94.44	-2	93.9	-2	67.36000000000001	-2	79.28									-2	89.82	-2	88.9	-2	47.639999999999986	-2	64.69999999999999																																																																
107	aEI	aei			2	76					-2	210.78	-2	238.64	2	142.0	2	167.24	2	195.88	2	244.58																																																																																																																									-2	70.74000000000001	-2	72.66	-2	52.31999999999999	-2	61.28
108	OyA	Oua			2	78			2	195.86	2	212.78	2	240.64							-2	242.58													-2	85.16	-2	82.6													-2	79.22	-2	85.94													-2	65.36000000000001	-2	77.28													-2	45.639999999999986	-2	62.69999999999999																																																																
109	yyO	yuo			2	80	2	127.3	2	197.86	2	214.78	2	242.64					-2	193.88	-2	240.58																											-2	98.6	-2	77.22	-2	83.94											-2	91.9	-2	63.360000000000014	-2	75.28											-2	86.9	-2	43.639999999999986	-2	60.69999999999999																																																																
110	aEa	Aea	2	100	0	80			-2	195.86	-2	212.78	-2	240.64			2	169.24	2	195.88	2	242.58																															-2	81.94													-2	61.360000000000014	-2	73.28													-2	41.639999999999986	-2	58.69999999999999																																																																
111	Ayy	Auu			2	82			2	197.86	2	214.78	2	242.64							-2	240.58																													-2	75.22	-2	79.94													-2	59.360000000000014	-2	71.28													-2	39.639999999999986	-2	56.69999999999999																																																																
112	uII	yii	2	102	0	82			-2	195.86	-2	212.78	-2	240.64	2	144.0	2	171.24	2	197.88	2	242.58																																																																																																																																
113	OOy	Oou			2	84	2	129.3	2	197.86	2	214.78	2	242.64					-2	195.88	-2	240.58									-2	94.3	-2	95.8	-2	83.16	-2	80.6									-2	95.53999999999999	-2	96.6	-2	73.22	-2	77.94									-2	92.44	-2	89.9	-2	57.360000000000014	-2	69.28									-2	87.82	-2	84.9	-2	37.639999999999986	-2	54.69999999999999																																																																
115	OyO	ouo	2	104	0	84	2	131.3	2	199.86	2	216.78	2	244.64					-2	193.88	-2	238.58																																																																																																																																
118	IEI	iei	2	106	0	84					-2	214.78	-2	242.64	2	146.0	2	173.24	2	195.88	2	240.58																																																																																																																																
119	EEE	Eee			2	86					-2	212.78	-2	240.64			2	175.24	2	197.88	2	242.58																																																																																									-2	94.32	-2	91.9	-2	90.82	-2	82.8									-2	85.68	-2	88.62	-2	82.08	-2	80.2									-2	68.74000000000001	-2	70.66	-2	50.31999999999999	-2	59.28
120	yei	uei	2	108	0	86			2	201.86	2	214.78	2	242.64							-2	240.58																																																																																																																									-2	66.74000000000001	-2	68.66	-2	48.31999999999999	-2	57.28
121	EIu	eiu	2	110	0	86					-2	212.78	-2	240.64	2	148.0	2	177.24	2	199.88	2	242.58																																															-2	67.28													-2	35.639999999999986	-2	52.69999999999999																																																																
122	OO	Oo			2	88	2	133.3	2	203.86	2	214.78	2	242.64					-2	197.88	-2	240.58									-2	92.3	-2	93.8	-2	81.16	-2	78.6									-2	93.53999999999999	-2	94.6	-2	71.22	-2	75.94									-2	90.44	-2	87.9	-2	55.360000000000014	-2	65.28									-2	85.82	-2	82.9	-2	33.639999999999986	-2	50.69999999999999																																																																
124	ouu	Ouu	2	112	0	88	-2	131.3	-2	201.86	-2	212.78	-2	240.64					2	199.88	2	242.58													-2	79.16	-2	76.6													-2	69.22	-2	73.94													-2	53.360000000000014	-2	63.28													-2	31.639999999999986	-2	48.69999999999999																																																																
126	AA	Aa			2	90			2	203.86	2	214.78	2	242.64							-2	240.58																													-2	67.22	-2	71.94													-2	51.360000000000014	-2	61.28													-2	29.639999999999986	-2	46.69999999999999																																																																
127	eOO	Eoo	2	114	0	90	2	133.3	2	205.86	2	216.78	2	244.64			-2	175.24	-2	197.88	-2	238.58																																																																																																																																
128	IoE	ioe	2	116	0	90					-2	214.78	-2	242.64	2	150.0	2	177.24	2	199.88	2	240.58																																																									-2	83.82	-2	80.9	-2	27.639999999999986	-2	44.69999999999999																																									-2	83.68	-2	86.62	-2	80.08	-2	78.2									-2	64.74000000000001	-2	66.66	-2	46.31999999999999	-2	55.28
129	eOO	Eoo	2	118	0	90	2	135.3	2	207.86	2	216.78	2	244.64			-2	175.24	-2	197.88	-2	238.58																																																																																																																																
130	auI	Aui	2	120	0	90			-2	205.86	-2	214.78	-2	242.64	2	152.0	2	177.24	2	199.88	2	240.58																													-2	65.22	-2	69.94													-2	49.360000000000014	-2	59.28													-2	25.639999999999986	-2	42.69999999999999																																																													-2	44.31999999999999	-2	53.28
131	oIa	Oia	2	122	0	90	-2	133.3	-2	203.86	-2	212.78	-2	240.64	2	154.0	2	179.24	2	201.88	2	242.58															-2	74.6															-2	67.94															-2	57.28													-2	23.639999999999986	-2	40.69999999999999																																																																
132	OOO	Ooo			2	92	2	135.3	2	205.86	2	214.78	2	242.64					-2	199.88	-2	240.58									-2	90.3	-2	91.8	-2	77.16	-2	72.6									-2	91.53999999999999	-2	92.6	-2	63.22	-2	65.94									-2	88.44	-2	85.9	-2	47.360000000000014	-2	55.28									-2	81.82	-2	78.9	-2	21.639999999999986	-2	38.69999999999999																																																																
133	eO	Eo	2	124	0	92	2	137.3	2	207.86	2	216.78	2	244.64			-2	177.24	-2	197.88	-2	238.58																																																																																																																																
134	EEu	eeu	2	126	0	92					-2	214.78	-2	242.64			2	179.24	2	199.88	2	240.58																																													-2	45.360000000000014	-2	53.28													-2	19.639999999999986	-2	36.69999999999999																																																																
135	uoI	yoi	2	128	0	92			-2	205.86	-2	212.78	-2	240.64	2	156.0	2	181.24	2	201.88	2	242.58																									-2	89.53999999999999	-2	90.6	-2	61.22	-2	63.94									-2	86.44	-2	83.9	-2	43.360000000000014	-2	51.28									-2	79.82	-2	76.9	-2	17.639999999999986	-2	34.69999999999999																																													-2	78.08	-2	76.2													-2	42.31999999999999	-2	51.28
136	Oy	Ou			2	94			2	207.86	2	214.78	2	242.64							-2	240.58													-2	75.16	-2	70.6													-2	59.22	-2	61.94													-2	41.360000000000014	-2	49.28													-2	15.639999999999986	-2	32.69999999999999																																																																
137	uaE	uae			2	96					-2	212.78	-2	240.64			2	183.24	2	203.88	2	242.58																																																																																																																									-2	62.74000000000001	-2	64.66	-2	40.31999999999999	-2	49.28
138	eee	Eee	2	130	0	96					2	214.78	2	242.64			-2	181.24	-2	201.88	-2	240.58																																																																																									-2	92.32	-2	89.9	-2	88.82	-2	80.8									-2	81.68	-2	84.62	-2	76.08	-2	74.2									-2	60.74000000000001	-2	62.66	-2	38.31999999999999	-2	47.28
139	oE	oe			2	98					-2	212.78	-2	240.64			2	183.24	2	203.88	2	242.58																																																																																																									-2	79.68	-2	82.62	-2	74.08	-2	72.2									-2	58.74000000000001	-2	60.66	-2	36.31999999999999	-2	45.28
140	EEa	eea	2	132	0	98					-2	210.78	-2	238.64			2	185.24	2	205.88	2	244.58																																													-2	39.360000000000014	-2	47.28													-2	13.639999999999986	-2	30.69999999999999																																																																
141	yAe	yae			2	100			2	209.86	2	212.78	2	240.64							-2	242.58																													-2	57.22	-2	59.94													-2	37.360000000000014	-2	45.28													-2	11.639999999999986	-2	28.69999999999999																																																									-2	56.74000000000001	-2	58.66	-2	34.31999999999999	-2	43.28
142	Iuu	iuu	2	134	0	100							-2	238.64	2	158.0	2	187.24	2	207.88	2	244.58																																																													-2	9.639999999999986	-2	26.69999999999999																																																																
143	AyA	Aua			2	102			2	211.86	2	214.78	2	240.64							-2	242.58																													-2	55.22	-2	57.94													-2	35.360000000000014	-2	43.28													-2	7.639999999999986	-2	24.69999999999999																																																																
146	AiA	aia	2	136	0	102			2	213.86	2	216.78	2	242.64							-2	240.58																																																													-2	5.639999999999986	-2	22.69999999999999																																																													-2	32.31999999999999	-2	41.28
147	uII	yii	2	138	0	102			-2	211.86	-2	214.78	-2	240.64	2	160.0	2	189.24	2	209.88	2	242.58																																																																																																																																
148	yey	ueu	2	140	0	102			2	213.86	2	216.78	2	242.64							-2	240.58																																													-2	33.360000000000014	-2	41.28													-2	3.6399999999999864	-2	20.69999999999999																																																									-2	54.74000000000001	-2	56.66	-2	30.319999999999993	-2	39.28
149	Eo	eo	2	142	0	102					-2	214.78	-2	240.64			2	191.24	2	211.88	2	242.58																																									-2	84.44	-2	81.9	-2	31.360000000000014	-2	39.28									-2	77.82	-2	74.9	-2	1.6399999999999864	-2	18.69999999999999																																																																
150	eOy	eou			2	104	2	139.3	2	215.86	2	216.78	2	242.64					-2	209.88	-2	240.58																																									-2	82.44	-2	79.9	-2	29.360000000000014	-2	37.28									-2	75.82	-2	72.9	-2	-0.36000000000001364	-2	16.69999999999999																																																																
151	IEI	iei	2	144	0	104					-2	214.78	-2	240.64	2	162.0	2	193.24	2	211.88	2	242.58																																																																																																																																
152	eOi	Eoi	2	146	0	104	2	141.3	2	217.86	2	216.78	2	242.64			-2	191.24	-2	209.88	-2	240.58																																																																																															-2	78.8													-2	72.08	-2	70.2													-2	28.319999999999993	-2	37.28
153	yAO	yao			2	106	2	143.3	2	219.86	2	218.78	2	244.64					-2	207.88	-2	238.58																											-2	88.6	-2	53.22	-2	55.94											-2	77.9	-2	27.360000000000014	-2	35.28											-2	70.9	-2	-2.3600000000000136	-2	14.699999999999989																																																																
154	IIE	iie	2	148	0	106					-2	216.78	-2	242.64	2	164.0	2	193.24	2	209.88	2	240.58																																																																																																																																
155	aEI	aei			2	108					-2	214.78	-2	240.64	2	166.0	2	195.24	2	211.88	2	242.58																																																																																																																									-2	52.74000000000001	-2	54.66	-2	26.319999999999993	-2	35.28
156	yiA	yia			2	110			2	221.86	2	216.78	2	242.64							-2	240.58																															-2	53.94															-2	33.28													-2	-4.360000000000014	-2	12.699999999999989																																																																
157	EE	Ee			2	112					-2	214.78	-2	240.64			2	197.24	2	213.88	2	242.58																																																																																									-2	90.32	-2	87.9	-2	86.82	-2	76.8									-2	77.68	-2	80.62	-2	70.08	-2	68.2									-2	50.74000000000001	-2	52.66	-2	24.319999999999993	-2	33.28
158	OA	oa	2	150	0	112	2	145.3	2	223.86	2	216.78	2	242.64					-2	211.88	-2	240.58																																																																																																																																
159	Iao	iao	2	152	0	112							-2	240.64	2	168.0	2	199.24	2	213.88	2	242.58																																																											-2	68.9	-2	-6.360000000000014	-2	10.699999999999989																																																																
160	aEu	aeu			2	114					-2	214.78	-2	238.64			2	201.24	2	215.88	2	244.58																																													-2	25.360000000000014	-2	31.28													-2	-8.360000000000014	-2	8.699999999999989																																																									-2	48.74000000000001	-2	50.66	-2	22.319999999999993	-2	31.28
161	yee	uee	2	154	0	114			2	225.86	2	216.78	2	240.64							-2	242.58																																																																																																																									-2	46.74000000000001	-2	48.66	-2	20.319999999999993	-2	29.28
162	oII	oii			2	116							-2	238.64	2	170.0	2	203.24	2	217.88	2	244.58																																																																																																													-2	68.08	-2	66.2													-2	18.319999999999993	-2	27.28
163	eOA	eoa			2	118	2	147.3	2	227.86	2	218.78	2	240.64					-2	215.88	-2	242.58																																									-2	80.44	-2	75.9	-2	23.360000000000014	-2	29.28									-2	73.82	-2	66.9	-2	-10.360000000000014	-2	6.699999999999989																																																																
164	AeO	aeo	2	156	0	118	2	149.3	2	229.86	2	220.78	2	242.64					-2	213.88	-2	240.58																																									-2	78.44	-2	73.9	-2	21.360000000000014	-2	27.28									-2	71.82	-2	64.9	-2	-12.360000000000014	-2	4.699999999999989																																																									-2	44.74000000000001	-2	46.66	-2	16.319999999999993	-2	25.28
166	aou	Aou	2	158	0	118			-2	227.86	-2	218.78	-2	240.64							2	242.58																									-2	87.53999999999999	-2	86.6	-2	51.22	-2	51.94									-2	76.44	-2	71.9	-2	19.360000000000014	-2	25.28									-2	69.82	-2	62.900000000000006	-2	-14.360000000000014	-2	2.6999999999999886																																																																
167	AOe	aoe	2	160	0	118	2	151.3	2	229.86	2	220.78	2	242.64					-2	211.88	-2	240.58																																																																																																									-2	75.68	-2	78.62	-2	66.08	-2	64.2									-2	42.74000000000001	-2	44.66	-2	14.319999999999993	-2	23.28
168	OyO	Ouo			2	120	2	153.3	2	231.86	2	222.78	2	244.64					-2	209.88	-2	238.58											-2	89.8	-2	73.16	-2	68.6											-2	84.6	-2	49.22	-2	49.94											-2	69.9	-2	17.360000000000014	-2	23.28											-2	60.900000000000006	-2	-16.360000000000014	-2	0.6999999999999886																																																																
169	aIa	Aia	2	162	0	120			-2	229.86	-2	220.78	-2	242.64	2	172.0	2	205.24	2	211.88	2	240.58																															-2	47.94															-2	21.28													-2	-18.360000000000014	-2	-1.3000000000000114																																																																
170	Oy	ou	2	164	0	120	2	155.3	2	231.86	2	222.78	2	244.64					-2	209.88	-2	238.58																																																																																																																																
172	uEa	yea	2	166	0	120			-2	229.86	-2	220.78	-2	242.64			2	207.24	2	211.88	2	240.58																															-2	45.94													-2	15.360000000000014	-2	19.28													-2	-20.360000000000014	-2	-3.3000000000000114																																																																
173	uao	yao	2	168	0	120			-2	227.86	-2	218.78	-2	240.64							2	242.58																											-2	82.6	-2	47.22	-2	43.94											-2	67.9	-2	13.360000000000014	-2	17.28											-2	58.900000000000006	-2	-22.360000000000014	-2	-5.300000000000011																																																																
174	OiA	Oia			2	122			2	229.86	2	220.78	2	242.64							-2	240.58															-2	66.6															-2	41.94															-2	15.280000000000001													-2	-24.360000000000014	-2	-7.300000000000011																																																																
175	eyy	Euu	2	170	0	122			2	231.86	2	222.78	2	244.64			-2	205.24	-2	209.88	-2	238.58																																																																																																																																
176	EEE	Eee			2	124					-2	220.78	-2	242.64			2	207.24	2	211.88	2	240.58																																																																																									-2	88.32	-2	85.9	-2	84.82	-2	74.8									-2	73.68	-2	76.62	-2	64.08	-2	62.2									-2	40.74000000000001	-2	42.66	-2	12.319999999999993	-2	21.28
179	aEu	Aeu	2	172	0	124			-2	229.86	-2	218.78	-2	240.64			2	209.24	2	213.88	2	242.58																															-2	39.94													-2	11.360000000000014	-2	13.280000000000001													-2	-26.360000000000014	-2	-9.300000000000011																																																																
180	OAi	oai	2	174	0	124	2	157.3	2	231.86	2	220.78	2	242.64					-2	211.88	-2	240.58																																																																																																															-2	60.2													-2	10.319999999999993	-2	19.28
181	EEo	Eeo			2	126					-2	218.78	-2	240.64			2	211.24	2	213.88	2	242.58																																									-2	74.44	-2	65.9	-2	9.360000000000014	-2	11.280000000000001									-2	67.82	-2	56.900000000000006	-2	-28.360000000000014	-2	-11.300000000000011																									-2	86.32	-2	83.9	-2	82.82	-2	72.8									-2	71.68	-2	74.62	-2	62.08	-2	58.2									-2	38.74000000000001	-2	40.66	-2	8.319999999999993	-2	17.28
182	iA	ia			2	128			2	233.86	2	220.78	2	242.64							-2	240.58																																																													-2	-30.360000000000014	-2	-13.300000000000011																																																																
183	eiO	eio			2	130	2	159.3	2	235.86	2	222.78	2	244.64					-2	211.88	-2	238.58																																											-2	63.900000000000006			-2	9.280000000000001									-2	65.82	-2	54.900000000000006	-2	-32.360000000000014	-2	-15.300000000000011																																																																
186	uuE	yue	2	176	0	130			-2	233.86	-2	220.78	-2	242.64			2	213.24	2	213.88	2	240.58																													-2	45.22	-2	37.94													-2	7.360000000000014	-2	7.280000000000001													-2	-34.360000000000014	-2	-17.30000000000001																																																									-2	36.74000000000001	-2	38.66	-2	6.319999999999993	-2	15.280000000000001
187	IIo	iio	2	178	0	130							-2	240.64	2	174.0	2	215.24	2	215.88	2	242.58																																																									-2	63.81999999999999	-2	52.900000000000006	-2	-36.360000000000014	-2	-19.30000000000001																																																																
188	yAy	yau			2	132			2	235.86	2	222.78	2	242.64							-2	240.58																													-2	43.22	-2	35.94													-2	5.360000000000014	-2	5.280000000000001													-2	-38.360000000000014	-2	-21.30000000000001																																																																
189	uII	yii	2	180	0	132			-2	233.86	-2	220.78	-2	240.64	2	176.0	2	217.24	2	217.88	2	242.58																																																																																																																																
190	eOO	eoo			2	134	2	161.3	2	235.86	2	222.78	2	242.64					-2	215.88	-2	240.58																																									-2	72.44	-2	61.900000000000006	-2	3.3600000000000136	-2	3.280000000000001									-2	61.81999999999999	-2	50.900000000000006	-2	-40.360000000000014	-2	-23.30000000000001																																																																
191	Eoo	eoo	2	182	0	134					-2	220.78	-2	240.64			2	219.24	2	217.88	2	242.58																																									-2	70.44	-2	59.900000000000006	-2	1.3600000000000136	-2	1.2800000000000011									-2	59.81999999999999	-2	48.900000000000006	-2	-42.360000000000014	-2	-25.30000000000001																																																																
192	yOA	yoa			2	136	2	163.3	2	237.86	2	222.78	2	242.64					-2	215.88	-2	240.58																									-2	85.53999999999999	-2	80.6	-2	41.22	-2	33.94									-2	68.44	-2	57.900000000000006	-2	-0.6399999999999864	-2	-0.7199999999999989									-2	57.81999999999999	-2	46.900000000000006	-2	-44.360000000000014	-2	-27.30000000000001																																																																
193	aIo	aio			2	138							-2	240.64	2	178.0	2	221.24	2	217.88	2	242.58																																																									-2	55.81999999999999	-2	44.900000000000006	-2	-46.360000000000014	-2	-29.30000000000001																																																													-2	4.319999999999993	-2	13.280000000000001
194	eAO	eao			2	140	2	165.3	2	239.86	2	224.78	2	242.64					-2	215.88	-2	240.58																																											-2	55.900000000000006	-2	-2.6399999999999864	-2	-2.719999999999999											-2	42.900000000000006	-2	-48.360000000000014	-2	-31.30000000000001																																																																
195	uIE	uie			2	142					-2	222.78	-2	240.64	2	180.0	2	223.24	2	217.88	2	242.58																																																																																																																											-2	36.66	-2	2.319999999999993	-2	11.280000000000001
196	yie	uie	2	184	0	142			2	241.86	2	224.78	2	242.64							-2	240.58																																																																																																																											-2	34.66	-2	0.3199999999999932	-2	9.280000000000001
198	aoE	Aoe	2	186	0	142			-2	239.86	-2	222.78	-2	240.64			2	225.24	2	219.88	2	242.58																									-2	83.53999999999999	-2	78.6	-2	39.22	-2	31.939999999999998									-2	66.44	-2	53.900000000000006	-2	-4.639999999999986	-2	-4.719999999999999									-2	53.81999999999999	-2	40.900000000000006	-2	-50.360000000000014	-2	-33.30000000000001																																									-2	69.68	-2	72.62	-2	60.08	-2	56.2									-2	34.74000000000001	-2	32.66	-2	-1.6800000000000068	-2	7.280000000000001
199	Eou	eou	2	188	0	142					-2	220.78	-2	238.64			2	227.24	2	221.88	2	244.58																																									-2	64.44	-2	51.900000000000006	-2	-6.639999999999986	-2	-6.719999999999999									-2	51.81999999999999	-2	38.900000000000006	-2	-52.360000000000014	-2	-35.30000000000001																																																																
200	Oey	Oeu			2	144			2	241.86	2	222.78	2	240.64							-2	242.58															-2	64.6															-2	29.939999999999998													-2	-8.639999999999986	-2	-8.719999999999999													-2	-54.360000000000014	-2	-37.30000000000001																																																																
201	ei	Ei	2	190	0	144					2	224.78	2	242.64			-2	225.24	-2	219.88	-2	240.58																																																																																													-2	80.82	-2	70.8													-2	58.08	-2	54.2													-2	-3.680000000000007	-2	5.280000000000001
203	aEI	aei			2	146					-2	222.78	-2	240.64	2	182.0	2	227.24	2	221.88	2	242.58																																																																																																																									-2	32.74000000000001	-2	30.659999999999997	-2	-5.680000000000007	-2	3.280000000000001
204	eiy	Eiu	2	192	0	146			2	243.86	2	224.78	2	242.64			-2	225.24	-2	219.88	-2	240.58																																																													-2	-56.360000000000014	-2	-39.30000000000001																													-2	78.82	-2	68.8													-2	56.08	-2	52.2													-2	-7.680000000000007	-2	1.2800000000000011
205	euu	Euu	2	194	0	146					2	226.78	2	244.64			-2	223.24	-2	217.88	-2	238.58																																													2	-6.639999999999986	2	-6.719999999999999													2	-54.360000000000014	2	-37.30000000000001																																																																
206	EEo	eeo	2	196	0	146					-2	224.78	-2	242.64			2	225.24	2	219.88	2	240.58																																									-2	62.44	-2	49.900000000000006	-2	-8.639999999999986	-2	-8.719999999999999									-2	49.81999999999999	-2	36.900000000000006	-2	-56.360000000000014	-2	-39.30000000000001																																																																
207	auo	Auo	2	198	0	146			-2	241.86	-2	222.78	-2	240.64							2	242.58																											-2	76.6	-2	37.22	-2	27.939999999999998											-2	47.900000000000006	-2	-10.639999999999986	-2	-10.719999999999999											-2	34.900000000000006	-2	-58.360000000000014	-2	-41.30000000000001																																																																
208	EE	ee	2	200	0	146					-2	220.78	-2	238.64			2	227.24	2	221.88	2	244.58																																																																																																																																
210	yiO	uio	2	202	0	146	2	167.3	2	243.86	2	222.78	2	240.64					-2	219.88	-2	242.58																																																									-2	47.81999999999999	-2	32.900000000000006	-2	-60.360000000000014	-2	-43.30000000000001																																																													-2	-9.680000000000007	-2	-0.7199999999999989
212	EE	ee	2	204	0	146					-2	220.78	-2	238.64			2	229.24	2	221.88	2	244.58																																																																																																																																
213	AeA	aea	2	206	0	146			2	245.86	2	222.78	2	240.64							-2	242.58																																													-2	-12.639999999999986	-2	-12.719999999999999													-2	-62.360000000000014	-2	-45.30000000000001																																																									-2	30.74000000000001	-2	28.659999999999997	-2	-11.680000000000007	-2	-2.719999999999999
218	aIa	Aia	2	208	0	146			-2	243.86	-2	220.78	-2	238.64	2	184.0	2	231.24	2	223.88	2	244.58																															-2	25.939999999999998															-2	-14.719999999999999													-2	-64.36000000000001	-2	-47.30000000000001																																																																
219	AAy	aau	2	210	0	146			2	245.86	2	222.78	2	240.64							-2	242.58																																																																																																																																
220	au	Au	2	212	0	146			-2	243.86	-2	220.78	-2	238.64							2	244.58																													-2	35.22	-2	23.939999999999998													-2	-14.639999999999986	-2	-16.72													-2	-66.36000000000001	-2	-49.30000000000001																																																																
221	iAi	iai			2	148			2	245.86	2	222.78	2	240.64							-2	242.58																																																													-2	-68.36000000000001	-2	-51.30000000000001																																																													-2	-13.680000000000007	-2	-4.719999999999999
224	AiO	Aio			2	150	2	169.3	2	247.86	2	224.78	2	242.64					-2	221.88	-2	240.58																											-2	74.6			-2	21.939999999999998											-2	45.900000000000006			-2	-18.72									-2	45.81999999999999	-2	30.900000000000006	-2	-70.36000000000001	-2	-53.30000000000001																																																																
225	oEo	oeo			2	152					-2	222.78	-2	240.64			2	233.24	2	223.88	2	242.58																																									-2	60.44	-2	43.900000000000006	-2	-16.639999999999986	-2	-20.72									-2	43.81999999999999	-2	28.900000000000006	-2	-72.36000000000001	-2	-55.30000000000001																																									-2	67.68	-2	70.62	-2	54.08	-2	50.2									-2	28.74000000000001	-2	26.659999999999997	-2	-15.680000000000007	-2	-6.719999999999999
226	ue	ye	2	214	0	152			-2	245.86	-2	220.78	-2	238.64							2	244.58																																																																																																																									2	30.74000000000001	2	28.659999999999997	2	-13.680000000000007	2	-4.719999999999999
230	ouu	Ouu	2	216	0	152	-2	167.3	-2	243.86	-2	218.78	-2	236.64					2	225.88	2	246.58													-2	71.16	-2	62.599999999999994													-2	33.22	-2	19.939999999999998													-2	-18.639999999999986	-2	-22.72													-2	-74.36000000000001	-2	-57.30000000000001																																																																
234	eiO	eio			2	154	2	169.3	2	245.86	2	220.78	2	238.64					-2	223.88	-2	244.58																																											-2	41.900000000000006			-2	-24.72									-2	41.81999999999999	-2	26.900000000000006	-2	-76.36000000000001	-2	-59.30000000000001																																																																
236	yAy	yau			2	156			2	247.86	2	222.78	2	240.64							-2	242.58																													-2	31.22	-2	17.939999999999998													-2	-20.639999999999986	-2	-26.72													-2	-78.36000000000001	-2	-61.30000000000001																																																																
239	uie	yie	2	218	0	156			-2	245.86	-2	220.78	-2	238.64							2	244.58																																																																																																																											2	30.659999999999997	2	-11.680000000000007	2	-2.719999999999999
240	eiu	Eiu	2	220	0	156					2	222.78	2	240.64			-2	231.24	-2	221.88	-2	242.58																																															2	-24.72																																													-2	76.82	-2	66.8													-2	52.08	-2	48.2													-2	-13.680000000000007	-2	-4.719999999999999
241	ee	Ee	2	222	0	156					2	224.78	2	242.64			-2	229.24	-2	219.88	-2	240.58																																																																																									-2	84.32	-2	81.9	-2	74.82	-2	64.8									-2	65.68	-2	68.62	-2	50.08	-2	46.2									-2	28.74000000000001	-2	28.659999999999997	-2	-15.680000000000007	-2	-6.719999999999999
242	Iu	iu	2	224	0	156							-2	240.64	2	186.0	2	231.24	2	221.88	2	242.58																																																													-2	-80.36000000000001	-2	-63.30000000000001																																																																
243	EuE	eue	2	226	0	156					-2	222.78	-2	238.64			2	233.24	2	223.88	2	244.58																																													-2	-22.639999999999986	-2	-26.72													-2	-82.36000000000001	-2	-65.30000000000001																																																									-2	26.74000000000001	-2	26.659999999999997	-2	-17.680000000000007	-2	-8.719999999999999
244	aei	Aei	2	228	0	156			-2	243.86	-2	220.78	-2	236.64							2	246.58																																																																																																																									2	28.74000000000001	2	28.659999999999997	2	-15.680000000000007	2	-6.719999999999999
245	iA	ia			2	158			2	245.86	2	222.78	2	238.64							-2	244.58																																																													-2	-84.36000000000001	-2	-67.30000000000001																																																																
248	aoo	Aoo	2	230	0	158			-2	243.86	-2	220.78	-2	236.64							2	246.58																									-2	81.53999999999999	-2	72.6	-2	29.22	-2	15.939999999999998									-2	58.44	-2	39.900000000000006	-2	-24.639999999999986	-2	-28.72									-2	39.81999999999999	-2	24.900000000000006	-2	-86.36000000000001	-2	-69.30000000000001																																																																
249	eeO	eeo			2	160	2	171.3	2	245.86	2	222.78	2	238.64					-2	221.88	-2	244.58																																									-2	56.44	-2	37.900000000000006	-2	-26.639999999999986	-2	-30.72									-2	37.81999999999999	-2	22.900000000000006	-2	-88.36000000000001	-2	-71.30000000000001																																																																
250	oeu	Oeu	2	232	0	160	-2	169.3	-2	243.86	-2	220.78	-2	236.64					2	223.88	2	246.58															-2	60.599999999999994															-2	13.939999999999998																																																																									2	67.68	2	70.62	2	52.08	2	48.2									2	30.74000000000001	2	30.659999999999997	2	-13.680000000000007	2	-4.719999999999999
251	AOA	Aoa			2	162	2	171.3	2	245.86	2	222.78	2	238.64					-2	221.88	-2	244.58																									-2	79.53999999999999	-2	70.6	-2	27.22	-2	11.939999999999998									-2	54.44	-2	35.900000000000006	-2	-28.639999999999986	-2	-32.72									-2	35.81999999999999	-2	20.900000000000006	-2	-90.36000000000001	-2	-73.30000000000001																																																																
252	yyi	uui	2	234	0	162			2	247.86	2	224.78	2	240.64							-2	242.58																																																																																																																													-2	-15.680000000000007	-2	-6.719999999999999
253	AAy	aau	2	236	0	162			2	249.86	2	226.78	2	242.64							-2	240.58																																																																																																																																
254	uIo	yio	2	238	0	162			-2	247.86	-2	224.78	-2	240.64	2	188.0	2	235.24	2	223.88	2	242.58																											-2	68.6			-2	9.939999999999998											-2	33.900000000000006			-2	-34.72									-2	33.81999999999999	-2	18.900000000000006	-2	-92.36000000000001	-2	-75.30000000000001																																																																
255	aau	Aau	2	240	0	162			-2	245.86	-2	222.78	-2	238.64							2	244.58																													-2	25.22	-2	7.939999999999998													-2	-30.639999999999986	-2	-36.72													-2	-94.36000000000001	-2	-77.30000000000001																																																																
258	AiA	Aia			2	164			2	247.86	2	224.78	2	240.64							-2	242.58																															-2	5.939999999999998															-2	-38.72													-2	-96.36000000000001	-2	-79.30000000000001																																																																
259	EIE	Eie			2	166					-2	222.78	-2	238.64	2	190.0	2	237.24	2	225.88	2	244.58																																																																																											-2	79.9	-2	72.82	-2	62.8											-2	68.62	-2	50.08	-2	46.2											-2	28.659999999999997	-2	-17.680000000000007	-2	-8.719999999999999
262	aee	Aee	2	242	0	166			-2	245.86	-2	220.78	-2	236.64							2	246.58																																																																																																																									2	32.74000000000001	2	30.659999999999997	2	-15.680000000000007	2	-6.719999999999999
264	Ay	au	2	244	0	166			2	247.86	2	222.78	2	238.64							-2	244.58																																																																																																																																
267	oio	Oio	2	246	0	166	-2	169.3	-2	245.86	-2	220.78	-2	236.64					2	227.88	2	246.58											-2	87.8			-2	58.599999999999994											-2	66.6			-2	3.9399999999999977											-2	31.900000000000006			-2	-40.72																																																													2	52.08	2	48.2													2	-13.680000000000007	2	-4.719999999999999
268	AAe	aae	2	248	0	166			2	247.86	2	222.78	2	238.64							-2	244.58																																																																																																																									-2	30.74000000000001	-2	28.659999999999997	-2	-15.680000000000007	-2	-6.719999999999999
270	uie	yie	2	250	0	166			-2	245.86	-2	220.78	-2	236.64							2	246.58																																																																																																																											2	30.659999999999997	2	-13.680000000000007	2	-4.719999999999999
271	aey	aeu			2	168			2	247.86	2	222.78	2	238.64							-2	244.58																																													-2	-32.639999999999986	-2	-42.72													-2	-98.36000000000001	-2	-81.30000000000001																																																							2	102.0								
274	ao	Ao	2	252	0	168			-2	245.86	-2	220.78	-2	236.64							2	246.58																									-2	77.53999999999999	-2	64.6	-2	23.22	-2	1.9399999999999977									-2	52.44	-2	29.900000000000006	-2	-34.639999999999986	-2	-44.72									-2	31.819999999999993	-2	16.900000000000006	-2	-100.36000000000001	-2	-83.30000000000001																																																																
276	yeA	yea			2	170			2	247.86	2	222.78	2	238.64							-2	244.58																															-2	-0.060000000000002274													-2	-36.639999999999986	-2	-46.72													-2	-102.36000000000001	-2	-85.30000000000001																																																																
313	AAO	Aao			2	172	2	171.3	2	249.86	2	224.78	2	240.64					-2	225.88	-2	242.58																											-2	62.599999999999994	-2	21.22	-2	-2.0600000000000023											-2	27.900000000000006	-2	-38.639999999999986	-2	-48.72											-2	14.900000000000006	-2	-104.36000000000001	-2	-87.30000000000001																																																																
316	AaI	Aai			2	174							-2	238.64	2	192.0	2	239.24	2	227.88	2	244.58																			2	102.0			2	102.0			2	64.6			2	-0.060000000000002274			2	102.0			2	102.0			2	29.900000000000006			2	-46.72			2	102.0			2	102.0			2	16.900000000000006			2	-85.30000000000001																																																													-2	-15.680000000000007	-2	-6.719999999999999
329	oOi	ooi			2	176	2	173.3	2	251.86	2	226.78	2	240.64					-2	225.88	-2	242.58																																																																																																	2	102.0	2	102.0	2	102.0	2	102.0	2	69.68	2	70.62			-2	46.2	2	102.0	2	102.0	2	102.0	2	104.0	2	32.74000000000001	2	32.66			-2	-8.719999999999999
330	EaE	Eae			2	178					-2	224.78	-2	238.64			2	241.24	2	227.88	2	244.58																																																																																											-2	77.9			-2	60.8											-2	68.62			-2	44.2									-2	30.74000000000001	-2	30.659999999999997	-2	-17.680000000000007	-2	-10.719999999999999
336	oei	Oei	2	254	0	178	-2	171.3	-2	249.86	-2	222.78	-2	236.64					2	229.88	2	246.58																																																																																																									2	71.68	2	70.62	2	54.08	2	46.2									2	32.74000000000001	2	32.66	2	-15.680000000000007	2	-8.719999999999999
338	iyO	iuo			2	180	2	173.3	2	251.86	2	224.78	2	238.64					-2	227.88	-2	244.58																																																											-2	14.900000000000006	-2	-106.36000000000001	-2	-87.30000000000001																																																																
342	auu	Auu	2	256	0	180			-2	249.86	-2	222.78	-2	236.64							2	246.58																													-2	19.22	-2	-2.0600000000000023													-2	-40.639999999999986	-2	-48.72													-2	-108.36000000000001	-2	-89.30000000000001																																																																
345	ui	yi	2	258	0	180			-2	247.86	-2	220.78	-2	234.64							2	248.58																																																																																																																													2	-13.680000000000007	2	-6.719999999999999
346	Oey	Oeu			2	182			2	249.86	2	222.78	2	236.64							-2	246.58															-2	56.599999999999994															-2	-4.060000000000002													-2	-42.639999999999986	-2	-50.72													-2	-110.36000000000001	-2	-91.30000000000001																																																																
354	uye	uue			2	184			2	251.86	2	224.78	2	238.64							-2	244.58																																																																																																																					2	104.0	2	106.0			-2	30.659999999999997			-2	-8.719999999999999
394	AAA	Aaa			2	186			2	253.86	2	226.78	2	240.64							-2	242.58																													-2	17.22	-2	-6.060000000000002													-2	-44.639999999999986	-2	-52.72													-2	-112.36000000000001	-2	-93.30000000000001																																																																
396	AEI	Aei			2	188					-2	224.78	-2	238.64	2	194.0	2	243.24	2	229.88	2	244.58																			2	104.0	2	102.0	2	104.0	2	79.53999999999999	2	66.6	2	19.22	2	-4.060000000000002			2	104.0	2	102.0	2	104.0	2	54.44	2	31.900000000000006	2	-42.639999999999986	2	-50.72			2	104.0	2	102.0	2	104.0	2	33.81999999999999	2	16.900000000000006	2	-110.36000000000001	2	-91.30000000000001																																																																
410	ae	Ae	2	260	0	188			-2	251.86	-2	222.78	-2	236.64							2	246.58																																																																																																																									2	34.74000000000001	2	32.66	2	-11.680000000000007	2	-6.719999999999999
421	uOi	uoi			2	190	2	175.3	2	253.86	2	224.78	2	238.64					-2	227.88	-2	244.58																																																																																																													-2	52.08	-2	44.2	2	104.0	2	104.0	2	106.0	2	108.0	2	36.74000000000001	2	34.66			-2	-8.719999999999999
601	aii	Aii	2	262	0	190			-2	251.86	-2	222.78	-2	236.64							2	246.58																																																																																																																													2	-9.680000000000007	2	-6.719999999999999
662	OO	Oo			2	192	2	177.3	2	253.86	2	224.78	2	238.64					-2	225.88	-2	244.58									-2	88.3	-2	85.8	-2	69.16	-2	54.599999999999994									-2	77.53999999999999	-2	64.6	-2	17.22	-2	-6.060000000000002									-2	52.44	-2	29.900000000000006	-2	-44.639999999999986	-2	-52.72									-2	31.819999999999993	-2	14.900000000000006	-2	-112.36000000000001	-2	-93.30000000000001																																																																
711	uEo	ueo			2	194					-2	222.78	-2	236.64			2	245.24	2	227.88	2	246.58																																									-2	50.44	-2	27.900000000000006	-2	-46.639999999999986	-2	-54.72									-2	29.819999999999993	-2	12.900000000000006	-2	-114.36000000000001	-2	-95.30000000000001																																																									-2	34.74000000000001	-2	32.66	-2	-11.680000000000007	-2	-8.719999999999999
904	AyO	Auo			2	196	2	179.3	2	255.86	2	224.78	2	238.64					-2	225.88	-2	244.58																											-2	62.599999999999994	-2	15.219999999999999	-2	-8.060000000000002											-2	25.900000000000006	-2	-48.639999999999986	-2	-56.72											-2	10.900000000000006	-2	-116.36000000000001	-2	-97.30000000000001																																																																
1342	aau	Aau	2	264	0	196			-2	253.86	-2	222.78	-2	236.64							2	246.58																													-2	13.219999999999999	-2	-10.060000000000002													-2	-50.639999999999986	-2	-58.72													-2	-118.36000000000001	-2	-99.30000000000001																																																																
1441	eO	eo			2	198	2	181.3	2	255.86	2	224.78	2	238.64					-2	223.88	-2	244.58																																									-2	48.44	-2	23.900000000000006	-2	-52.639999999999986	-2	-60.72									-2	27.819999999999993	-2	8.900000000000006	-2	-120.36000000000001	-2	-101.30000000000001																																																																
1536	uEa	uea			2	200					-2	222.78	-2	236.64			2	247.24	2	225.88	2	246.58																																													-2	-54.639999999999986	-2	-62.72													-2	-122.36000000000001	-2	-103.30000000000001																																																									-2	32.74000000000001	-2	30.659999999999997	-2	-13.680000000000007	-2	-10.719999999999999
2143	EOy	Eou			2	202	2	183.3	2	257.86	2	224.78	2	238.64					-2	223.88	-2	244.58																																																																																	2	102.0	2	102.0	2	102.0	2	102.0	2	86.32	2	79.9	2	74.82	2	62.8	2	104.0	2	104.0	2	104.0	2	104.0	2	73.68	2	72.62	2	54.08	2	46.2	2	106.0	2	106.0	2	108.0	2	110.0	2	34.74000000000001	2	32.66	2	-11.680000000000007	2	-8.719999999999999
2216	eEE	eee			2	204					-2	222.78	-2	236.64			2	249.24	2	225.88	2	246.58																																					2	104.0	2	106.0	2	50.44	2	25.900000000000006	2	-52.639999999999986	2	-60.72					2	104.0	2	106.0	2	29.819999999999993	2	10.900000000000006	2	-120.36000000000001	2	-101.30000000000001																																																																
2253	oao	Oao	2	266	0	204	-2	181.3	-2	255.86	-2	220.78	-2	234.64					2	227.88	2	248.58											-2	83.8	-2	67.16	-2	52.599999999999994											-2	60.599999999999994	-2	11.219999999999999	-2	-12.060000000000002											-2	23.900000000000006	-2	-54.639999999999986	-2	-62.72											-2	8.900000000000006	-2	-122.36000000000001	-2	-103.30000000000001																																																																
2309	eAi	eai			2	206			2	257.86	2	222.78	2	236.64							-2	246.58																																													-2	-56.639999999999986	-2	-64.72													-2	-124.36000000000001	-2	-105.30000000000001																																																													-2	-13.680000000000007	-2	-10.719999999999999
2430	oua	Oua	2	268	0	206	-2	179.3	-2	255.86	-2	220.78	-2	234.64					2	229.88	2	248.58													-2	65.16	-2	50.599999999999994													-2	9.219999999999999	-2	-14.060000000000002													-2	-58.639999999999986	-2	-66.72													-2	-126.36000000000001	-2	-107.30000000000001																																																																
2529	uyy	uuu			2	208			2	257.86	2	222.78	2	236.64							-2	246.58																																																																																																																					2	110.0	2	112.0	2	36.74000000000001	2	34.66	2	-11.680000000000007	2	-8.719999999999999
16138	iiA	iia			0.002	208.002			0.002	257.862	0.002	222.782	0.002	236.642							-0.002	246.578																																																													-0.002	-126.36200000000001	-0.002	-107.302																																																																
TOTAL				268		208.002		179.3		257.862		222.782		236.642		194.0		249.24		229.88		246.578		100.0		100.0		100.0		100.0		88.3		83.8		65.16		50.599999999999994		100.0		104.0		102.0		104.0		77.53999999999999		60.599999999999994		9.219999999999999		-14.060000000000002		100.0		104.0		104.0		106.0		50.44		23.900000000000006		-58.639999999999986		-66.72		100.0		104.0		104.0		106.0		29.819999999999993		8.900000000000006		-126.36200000000001		-107.302		100.0		100.0		100.0		100.0		100.0		100.0		100.0		100.0		102.0		102.0		102.0		102.0		86.32		79.9		74.82		62.8		104.0		104.0		104.0		104.0		73.68		72.62		54.08		46.2		106.0		106.0		110.0		112.0		36.74000000000001		34.66		-11.680000000000007		-8.719999999999999
