trialnum	Generated	Heard	Id(Bk)Syl1	now	Id(Bk)	now	*F1	now	*F3	now	*F4	now	*F5	now	*B1	now	*B2	now	*B3	now	*B5	now	*F1_B1	now	*F1..._B1	now	*F1_B2	now	*F1..._B2	now	*F1_B3	now	*F1..._B3	now	*F1_B5	now	*F1..._B5	now	*F3_B1	now	*F3..._B1	now	*F3_B2	now	*F3..._B2	now	*F3_B3	now	*F3..._B3	now	*F3_B5	now	*F3..._B5	now	*F4_B1	now	*F4..._B1	now	*F4_B2	now	*F4..._B2	now	*F4_B3	now	*F4..._B3	now	*F4_B5	now	*F4..._B5	now	*F5_B1	now	*F5..._B1	now	*F5_B2	now	*F5..._B2	now	*F5_B3	now	*F5..._B3	now	*F5_B5	now	*F5..._B5	now	*_B1F1	now	*_B1...F1	now	*_B1F3	now	*_B1...F3	now	*_B1F4	now	*_B1...F4	now	*_B1F5	now	*_B1...F5	now	*_B2F1	now	*_B2...F1	now	*_B2F3	now	*_B2...F3	now	*_B2F4	now	*_B2...F4	now	*_B2F5	now	*_B2...F5	now	*_B3F1	now	*_B3...F1	now	*_B3F3	now	*_B3...F3	now	*_B3F4	now	*_B3...F4	now	*_B3F5	now	*_B3...F5	now	*_B5F1	now	*_B5...F1	now	*_B5F3	now	*_B5...F3	now	*_B5F4	now	*_B5...F4	now	*_B5F5	now	*_B5...F5	now
				0		0		140		140		140		140		140		140		140		140		100		120		100		120		100		120		100		120		100		120		100		120		100		120		100		120		100		120		100		120		100		120		100		120		100		120		100		120		100		120		100		120		100		120		100		120		100		120		100		120		100		120		100		120		100		120		100		120		100		120		100		120		100		120		100		120		100		120		100		120		100		120		100		120
0	Apriori	Id(Bk)Syl1>>Id(Bk)	40	40																																																																																																																																																		
2	EEo	eeo	2	42	0	0					-2	138	-2	138			2	142	2	142	2	142																																									-2	98	-2	118	-2	98	-2	118									-2	98	-2	118	-2	98	-2	118																																																																
4	eAe	eae			2	2			2	142	2	140	2	140							-2	140																																													-2	96	-2	116													-2	96	-2	116																																																									-2	98	-2	118	-2	98	-2	118
5	iOe	ioe			2	4	2	142	2	144	2	142	2	142					-2	140	-2	138																																																									-2	96	-2	116	-2	94	-2	114																																									-2	98	-2	118	-2	98	-2	118									-2	96	-2	116	-2	96	-2	116
5	Apriori	Id(Bk)Syl1>>Id(Bk)	2	44																																																																																																																																																			
6	ouo	OyO	2	46	0	4	-2	140	-2	142	-2	140	-2	140					2	142	2	140																																																																																																																																
8	aie	Aie	2	48	0	4			-2	140	-2	138	-2	138							2	142																																																																																																																											2	118	2	98	2	118
9	ueo	yeO	2	50	0	4	-2	138	-2	138	-2	136	-2	136					2	144	2	144																																									2	100	2	120	2	98	2	118									2	98	2	118	2	96	2	116																																																									2	98	2	120	2	100	2	120
13	iiy	iiu			2	6			2	140	2	138	2	138							-2	142																																																													-2	94	-2	114																																																																
14	aue	Aye	2	52	0	6			-2	138	-2	136	-2	136							2	144																																																																																																																									2	100	2	122	2	102	2	122
16	OAe	oae	2	54	0	6	2	140	2	140	2	138	2	138					-2	142	-2	142																																																																																																											-2	116			-2	116									-2	98	-2	120	-2	100	-2	120
19	iAA	iaa			2	8			2	142	2	140	2	140							-2	140																																																													-2	92	-2	112																																																																
24	Eoa	eOA	2	56	0	8	-2	138	-2	140	-2	138	-2	138			2	144	2	144	2	142																																																																																																																																
27	AAe	aae	2	58	0	8			2	142	2	140	2	140							-2	140																																																																																																																									-2	96	-2	118	-2	98	-2	118
29	ooo	OOO	2	60	0	8	-2	136	-2	140	-2	138	-2	138					2	146	2	142																																																																																																																																
30	Oey	oeu	2	62	0	8	2	138	2	142	2	140	2	140					-2	144	-2	140																																													-2	96	-2	116													-2	90	-2	110																																									-2	96	-2	114	-2	96	-2	114									-2	94	-2	116	-2	96	-2	116
32	aae	AAe	2	64	0	8			-2	140	-2	138	-2	138							2	142																																																																																																																									2	96	2	118	2	98	2	118
35	aoe	AOe	2	66	0	8	-2	136	-2	138	-2	136	-2	136					2	146	2	144																																																																																																									2	98	2	116	2	98	2	116									2	98	2	120	2	100	2	120
37	eyO	euo			2	10	2	138	2	140	2	138	2	138					-2	144	-2	142																																											-2	118	-2	94	-2	114											-2	116	-2	88	-2	108																																																																
42	yyA	uua	2	68	0	10			2	142	2	140	2	140							-2	140																																																																																																																																
43	aeO	AeO	2	70	0	10			-2	140	-2	138	-2	138							2	142																																																																																																																			2	122			2	122	2	100	2	122	2	102	2	122
45	uuu	yyy	2	72	0	10			-2	138	-2	136	-2	136							2	144																																																																																																																																
49	iOO	ioo			2	12	2	140	2	140	2	138	2	138					-2	142	-2	142																																																									-2	96	-2	114	-2	86	-2	106																																																																
50	OOi	ooi	2	74	0	12	2	142	2	142	2	140	2	140					-2	140	-2	140																																																																																																													-2	96	-2	114													-2	100	-2	120
51	yoe	uoe	2	76	0	12			2	144	2	142	2	142							-2	138																									2	102	2	122	2	102	2	122									2	102	2	120	2	96	2	116									2	98	2	116	2	88	2	108																																																											-2	120			-2	118
54	oiE	Oie	2	78	0	12	-2	140	-2	142	-2	140	-2	140			2	146	2	142	2	140																																																					2	102	2	122	2	100	2	118	2	90	2	110																																													2	98	2	116													2	102	2	120
60	uoe	yOe	2	80	0	12	-2	138	-2	140	-2	138	-2	138					2	144	2	142																																																																																																									2	100	2	118	2	100	2	118									2	102	2	122	2	104	2	122
61	Oei	oei	2	82	0	12	2	140	2	142	2	140	2	140					-2	142	-2	140																																																																																																									-2	98	-2	116	-2	98	-2	116									-2	100	-2	120	-2	102	-2	120
62	eOi	eoi			2	14	2	142	2	144	2	142	2	142					-2	140	-2	138																																									-2	100	-2	118	-2	94	-2	114									-2	98	-2	116	-2	88	-2	108																																													-2	96	-2	114													-2	100	-2	118
64	ioo	iOO			2	16	-2	140	-2	142	-2	140	-2	140					2	142	2	140																																																									2	100	2	118	2	90	2	110																																																																
67	aeo	AeO	2	84	0	16	-2	138	-2	140	-2	138	-2	138					2	144	2	142																																									2	102	2	120	2	96	2	116									2	102	2	120	2	92	2	112																																																									2	102	2	122	2	102	2	120
69	ue	ye	2	86	0	16			-2	138	-2	136	-2	136							2	144																																																																																																																									2	104	2	124	2	104	2	122
70	iey	ieu			2	18			2	140	2	138	2	138							-2	142																																													-2	94	-2	114													-2	90	-2	110																																																																
71	OOy	oou	2	88	0	18	2	140	2	142	2	140	2	140					-2	142	-2	140																																																																																																																																
72	Oui	oui	2	90	0	18	2	142	2	144	2	142	2	142					-2	140	-2	138													2	102	2	122													2	104	2	124													2	96	2	116													2	92	2	112																																															-2	112															-2	120
75	oee	Oee	2	92	0	18	-2	140	-2	142	-2	140	-2	140					2	142	2	140																																																																																																									2	100	2	118	2	98	2	114									2	106	2	126	2	106	2	122
77	eaO	eao			2	20	2	142	2	144	2	142	2	142					-2	140	-2	138																																											-2	118			-2	114											-2	118			-2	110																																																	2	102	2	124	2	102	2	124	2	108	2	128	2	108	2	124
78	iua	iyA			2	22			-2	142	-2	140	-2	140							2	140																																																													2	94	2	112																																																																
79	yiy	uiu	2	94	0	22			2	144	2	142	2	142							-2	138																																																													-2	92	-2	110																																																													-2	106	-2	122
80	oo	OO	2	96	0	22	-2	140	-2	142	-2	140	-2	140					2	142	2	140																																																																																																																																
82	au	Ay	2	98	0	22			-2	140	-2	138	-2	138							2	142																																																																																																																																
83	yiO	uio	2	100	0	22	2	142	2	142	2	140	2	140					-2	140	-2	140																																																									-2	100	-2	116	-2	90	-2	108																																																													-2	104	-2	120
84	uie	yie	2	102	0	22			-2	140	-2	138	-2	138							2	142																																																																																																																											2	130	2	106	2	122
87	Oiy	oiu	2	104	0	22	2	144	2	142	2	140	2	140					-2	138	-2	140																																																													-2	88	-2	106																																													-2	96	-2	112													-2	104	-2	120
91	ye	ue	2	106	0	22			2	144	2	142	2	142							-2	138																																																																																																																									-2	106	-2	128	-2	102	-2	118
92	ai	Ai	2	108	0	22			-2	142	-2	140	-2	140							2	140																																																																																																																													2	104	2	120
96	yyy	uuu	2	110	0	22			2	144	2	142	2	142							-2	138																																																																																																																																
97	oae	OAe	2	112	0	22	-2	142	-2	142	-2	140	-2	140					2	140	2	140																																																																																																											2	120			2	114									2	108	2	130	2	106	2	122
98	ea	eA			2	24			-2	140	-2	138	-2	138							2	142																																													2	98	2	116													2	90	2	108																																																																
100	eui	eyi			2	26			-2	138	-2	136	-2	136							2	144																																													2	100	2	118													2	92	2	110																																																													2	108	2	124
102	OOe	ooe	2	114	0	26	2	144	2	140	2	138	2	138					-2	138	-2	142																																																																																																									-2	98	-2	118	-2	94	-2	112									-2	106	-2	128	-2	106	-2	122
104	ueu	yey	2	116	0	26			-2	138	-2	136	-2	136							2	144																																													2	102	2	120													2	94	2	112																																																									2	108	2	130	2	108	2	124
105	eAo	eAO			2	28	-2	142	-2	136	-2	134	-2	134					2	140	2	146																									2	104	2	124	2	106	2	126									2	104	2	120	2	104	2	122									2	102	2	118	2	96	2	114																																																																
108	ieA	iea			2	30			2	138	2	136	2	136							-2	144																																													-2	102	-2	120													-2	94	-2	112																																																																
109	iiy	iiu			2	32			2	140	2	138	2	138							-2	142																																																													-2	92	-2	110																																																																
110	yyA	uua	2	118	0	32			2	142	2	140	2	140							-2	140																																																																																																																																
111	iOe	ioe			2	34	2	144	2	144	2	142	2	142					-2	138	-2	138																																																									-2	100	-2	116	-2	90	-2	108																																									-2	96	-2	116	-2	92	-2	110									-2	106	-2	128	-2	106	-2	122
112	aia	AiA	2	120	0	34			-2	142	-2	140	-2	140							2	140																																																													2	92	2	110																																																													2	108	2	124
113	ae	Ae	2	122	0	34			-2	140	-2	138	-2	138							2	142																																																																																																																									2	108	2	130	2	110	2	126
114	io	iO			2	36	-2	142	-2	138	-2	136	-2	136					2	140	2	144																																																									2	102	2	118	2	94	2	112																																																																
116	AyA	aua	2	124	0	36			2	140	2	138	2	138							-2	142																																																																																																																																
117	Aoe	aoe	2	126	0	36			2	142	2	140	2	140							-2	140																									2	106	2	126	2	108	2	128									2	106	2	122	2	104	2	122									2	104	2	120	2	96	2	114																																																											-2	128			-2	124
121	iia	iiA			2	38			-2	140	-2	138	-2	138							2	142																																																													2	98	2	116																																																																
122	yO	uo	2	128	0	38	2	144	2	142	2	140	2	140					-2	138	-2	140																																																																																																																																
124	aai	AAi	2	130	0	38			-2	140	-2	138	-2	138							2	142																																																																																																																													2	112	2	126
125	eoo	eOO			2	40	-2	142	-2	138	-2	136	-2	136					2	140	2	144																																									2	108	2	124	2	106	2	124									2	106	2	122	2	100	2	118																																																																
127	OAy	oau	2	132	0	40	2	144	2	140	2	138	2	138					-2	138	-2	142																																																																																																																																
128	yoi	yOi			2	42	-2	142	-2	138	-2	136	-2	136					2	140	2	144																									2	108	2	128	2	110	2	130									2	110	2	126	2	108	2	126									2	108	2	124	2	102	2	120																																													2	94	2	112													2	114	2	128
129	eAo	eAO			2	44	-2	140	-2	136	-2	134	-2	134					2	142	2	146																									2	110	2	130	2	112	2	132									2	112	2	128	2	110	2	128									2	110	2	126	2	104	2	122																																																																
131	Aei	aei	2	134	0	44			2	138	2	136	2	136							-2	144																																																																																																																									-2	106	-2	126	-2	112	-2	126
134	Ay	au	2	136	0	44			2	140	2	138	2	138							-2	142																																																																																																																																
137	AOi	aoi	2	138	0	44	2	142	2	142	2	140	2	140					-2	140	-2	140																																																																																																													-2	92	-2	110													-2	110	-2	124
138	Ai	ai	2	140	0	44			2	144	2	142	2	142							-2	138																																																																																																																													-2	108	-2	122
141	uii	yii	2	142	0	44			-2	142	-2	140	-2	140							2	140																																																																																																																													2	110	2	124
143	oI	oi			2	46							-2	138	2	142	2	148	2	142	2	142																																																																																																													-2	90	-2	108													-2	108	-2	122
145	iau	iAy			2	48			-2	140	-2	138	-2	136							2	144																																																													2	106	2	124																																																																
146	eyA	eua			2	50			2	142	2	140	2	138							-2	142																																													-2	108	-2	126													-2	104	-2	122																																																																
149	Oou	OOy			2	52	-2	140	-2	140	-2	138	-2	136					2	144	2	144									2	102	2	122	2	104	2	124									2	112	2	132	2	114	2	134									2	114	2	130	2	110	2	128									2	112	2	128	2	106	2	124																																																																
150	iyi	iui			2	54			2	142	2	140	2	138							-2	142																																																													-2	104	-2	122																																																													-2	106	-2	120
152	eyi	eui			2	56			2	144	2	142	2	140							-2	140																																													-2	108	-2	126													-2	102	-2	120																																																													-2	104	-2	118
153	aoe	AOe	2	144	0	56	-2	138	-2	142	-2	140	-2	138					2	146	2	142																																																																																																									2	98	2	118	2	92	2	110									2	108	2	128	2	106	2	120
154	AAA	aaa	2	146	0	56			2	144	2	142	2	140							-2	140																																																																																																																																
156	iOa	ioa			2	58	2	140	2	146	2	144	2	142					-2	144	-2	138													2	106	2	126													2	116	2	136													2	110	2	128									-2	110	-2	126			-2	118																																																																
160	aii	Aii	2	148	0	58			-2	144	-2	142	-2	140							2	140																																																																																																																													2	108	2	122
163	uAA	uaa			2	60			2	146	2	144	2	142							-2	138																																																																																																																					2	104	2	126	2	110	2	130	2	110	2	124
164	iia	iiA			2	62			-2	144	-2	142	-2	140							2	140																																																													2	104	2	120																																																																
165	iuu	iyy			2	64			-2	142	-2	140	-2	138							2	142																																																													2	106	2	122																																																																
167	oOO	ooo			2	66	2	142	2	144	2	142	2	140					-2	142	-2	140																																																																																																	2	102	2	122	2	102	2	122	2	100	2	120	2	94	2	112	2	104	2	126	2	106	2	128	2	112	2	132	2	112	2	126
170	yoo	yOO			2	68	-2	140	-2	142	-2	140	-2	138					2	144	2	142																									2	114	2	134	2	118	2	138									2	116	2	132	2	112	2	130									2	112	2	128	2	108	2	124																																																																
174	aOi	aoi			2	70	2	142	2	144	2	142	2	140					-2	142	-2	140																																																																																																													-2	92	-2	110	2	106	2	128	2	108	2	130	2	114	2	134			-2	124
178	Oau	OAy			2	72			-2	142	-2	140	-2	138							2	142													2	108	2	128													2	120	2	140													2	114	2	132													2	110	2	126																																																																
182	ieA	iea			2	74			2	144	2	142	2	140							-2	140																																													-2	112	-2	130													-2	108	-2	124																																																																
183	uOa	uoa			2	76	2	144	2	146	2	144	2	142					-2	140	-2	138													2	110	2	130													2	122	2	142													2	114	2	132													2	110	2	126																																																	2	108	2	130	2	110	2	132	2	116	2	136	2	114	2	126
186	Ooo	OOO			2	78	-2	142	-2	144	-2	142	-2	140					2	142	2	140									2	104	2	124	2	112	2	132									2	116	2	136	2	124	2	144									2	118	2	134	2	116	2	134									2	114	2	130	2	112	2	128																																																																
187	eeu	eey			2	80			-2	142	-2	140	-2	138							2	142																																													2	118	2	136													2	114	2	130																																																																
188	eoA	eoa			2	82			2	144	2	142	2	140							-2	140																																															-2	134															-2	128																																					2	104	2	124	2	102	2	122	2	94	2	112					2	112	2	134	2	118	2	138	2	116	2	128
199	ieu	iey			2	84			-2	142	-2	140	-2	138							2	142																																													2	120	2	136													2	116	2	130																																																																
201	oiu	Oiy	2	150	0	84	-2	140	-2	140	-2	138	-2	136					2	144	2	144																																																													2	118	2	132																																													2	96	2	114													2	118	2	130
202	ayO	auo			2	86	2	142	2	142	2	140	2	138					-2	142	-2	142																																																																																																																			2	132	2	114	2	136	2	120	2	140	2	120	2	132
203	eyA	eua			2	88			2	144	2	142	2	140							-2	140																																													-2	118	-2	134													-2	116	-2	130																																																																
212	uOa	uoa			2	90	2	144	2	146	2	144	2	142					-2	140	-2	138													2	114	2	134													2	126	2	146													2	120	2	136													2	118	2	132																																																	2	110	2	134	2	116	2	138	2	122	2	142	2	122	2	134
215	Aio	AiO			2	92	-2	142	-2	144	-2	142	-2	140					2	142	2	140																											2	138			2	148											2	136			2	138									2	116	2	132	2	120	2	134																																																																
216	eia	eiA			2	94			-2	142	-2	140	-2	138							2	142																																															2	140													2	122	2	136																																																																
217	oAe	oae			2	96			2	144	2	142	2	140							-2	140																																																																																																					2	106	2	126	2	104			2	98							2	118	2	140			-2	140			-2	132
223	eou	eOy			2	98	-2	140	-2	142	-2	140	-2	138					2	144	2	142																																									2	120	2	138	2	122	2	142									2	118	2	134	2	124	2	138																																																																
225	oOA	ooa			2	100	2	142	2	144	2	142	2	140					-2	142	-2	140																																																																																																	2	104	2	124	2	108	2	128	2	106	2	124	2	100	2	116	2	112	2	136	2	120	2	142	2	124	2	142	2	124	2	134
230	iui	iyi			2	102			-2	142	-2	140	-2	138							2	142																																																													2	126	2	140																																																													2	126	2	136
236	oyi	oui			2	104			2	144	2	142	2	140							-2	140																																																																																																					2	110	2	130	2	108	2	126	2	102							2	122	2	144	2	126	2	144			-2	134
239	iiu	iiy			2	106			-2	142	-2	140	-2	138							2	142																																																													2	128	2	142																																																																
240	eai	eAi			2	108			-2	140	-2	138	-2	136							2	144																																													2	124	2	144													2	130	2	144																																																													2	128	2	136
248	iOy	iou			2	110	2	144	2	142	2	140	2	138					-2	140	-2	142																																																									-2	116	-2	132	-2	128	-2	142																																																																
254	eoy	eou			2	112			2	144	2	142	2	140							-2	140																																															-2	142															-2	140																																					2	112	2	132	2	110	2	128	2	104	2	118					2	124	2	146	2	128	2	146	2	130	2	138
254	Apriori	Id(Bk)Syl1>>Id(Bk)	2	152																																																																																																																																																			
263	eA	ea			2	114			2	146	2	144	2	142							-2	138																																													-2	122	-2	140													-2	126	-2	138																																																																
263	Apriori	Id(Bk)Syl1>>Id(Bk)	2	154																																																																																																																																																			
267	euo	eyO			2	116	-2	142	-2	144	-2	142	-2	140					2	142	2	140																																											2	140	2	124	2	142											2	134	2	128	2	140																																																																
267	Apriori	Id(Bk)Syl1>>Id(Bk)	2	156																																																																																																																																																			
268	iou	iOy			2	118	-2	140	-2	142	-2	140	-2	138					2	144	2	142																																																									2	118	2	136	2	130	2	142																																																																
268	Apriori	Id(Bk)Syl1>>Id(Bk)	2	158																																																																																																																																																			
275	uOi	uoi			2	120	2	142	2	144	2	142	2	140					-2	142	-2	140																																																																																																													-2	102	-2	116	2	114	2	138	2	126	2	148	2	130	2	148			-2	136
275	Apriori	Id(Bk)Syl1>>Id(Bk)	2	160																																																																																																																																																			
277	eOe	eoe			2	122	2	144	2	146	2	144	2	142					-2	140	-2	138																																									-2	118	-2	138	-2	122	-2	140									-2	116	-2	134	-2	128	-2	140																																									-2	108	-2	126	-2	100	-2	114									-2	128	-2	146	-2	128	-2	134
277	Apriori	Id(Bk)Syl1>>Id(Bk)	2	162																																																																																																																																																			
280	aiE	aie			2	124					-2	142	-2	140			2	150	2	142	2	140																																																					2	104	2	124	2	118	2	136	2	130	2	142																																																											-2	144				
280	Apriori	Id(Bk)Syl1>>Id(Bk)	2	164																																																																																																																																																			
285	euo	eyO			2	126	-2	142	-2	144	-2	140	-2	138					2	144	2	142																																											2	140	2	124	2	142											2	138	2	132	2	144																																																																
285	Apriori	Id(Bk)Syl1>>Id(Bk)	2	166																																																																																																																																																			
287	iAO	iao			2	128	2	144	2	146	2	142	2	140					-2	142	-2	140																																																											-2	136	-2	130	-2	142																																																																
287	Apriori	Id(Bk)Syl1>>Id(Bk)	2	168																																																																																																																																																			
288	eu	ey			2	130			-2	144	-2	140	-2	138							2	142																																													2	126	2	144													2	132	2	144																																																																
288	Apriori	Id(Bk)Syl1>>Id(Bk)	2	170																																																																																																																																																			
293	eAO	eao			2	132	2	146	2	146	2	142	2	140					-2	140	-2	140																																											-2	138	-2	124	-2	142											-2	134	-2	130	-2	142																																																																
293	Apriori	Id(Bk)Syl1>>Id(Bk)	2	172																																																																																																																																																			
294	eo	eO			2	134	-2	144	-2	144	-2	140	-2	138					2	142	2	142																																									2	120	2	140	2	126	2	144									2	120	2	136	2	132	2	144																																																																
294	Apriori	Id(Bk)Syl1>>Id(Bk)	2	174																																																																																																																																																			
296	uOe	uoe			2	136	2	146	2	146	2	142	2	140					-2	140	-2	140																																																																																																									-2	106	-2	124	-2	98	-2	112	2	116	2	140	2	128	2	150			-2	142			-2	132
296	Apriori	Id(Bk)Syl1>>Id(Bk)	2	176																																																																																																																																																			
298	iu	iy			2	138			-2	144	-2	140	-2	138							2	142																																																													2	134	2	146																																																																
298	Apriori	Id(Bk)Syl1>>Id(Bk)	2	178																																																																																																																																																			
305	iy	iu			2	140			2	146	2	142	2	140							-2	140																																																													-2	132	-2	144																																																																
305	Apriori	Id(Bk)Syl1>>Id(Bk)	2	180																																																																																																																																																			
311	eiA	eia			2	142			2	148	2	144	2	142							-2	138																																															-2	142													-2	130	-2	142																																																																
311	Apriori	Id(Bk)Syl1>>Id(Bk)	2	182																																																																																																																																																			
312	iau	iAy			2	144			-2	146	-2	142	-2	140							2	140																																																													2	132	2	144																																																																
312	Apriori	Id(Bk)Syl1>>Id(Bk)	2	184																																																																																																																																																			
320	ieu	iey			2	146			-2	144	-2	140	-2	138							2	142																																													2	128	2	144													2	134	2	146																																																																
320	Apriori	Id(Bk)Syl1>>Id(Bk)	2	186																																																																																																																																																			
321	iio	iiO			2	148	-2	144	-2	142	-2	138	-2	136					2	142	2	144																																																									2	122	2	138	2	136	2	148																																																																
321	Apriori	Id(Bk)Syl1>>Id(Bk)	2	188																																																																																																																																																			
323	iAe	iae			2	150			2	144	2	140	2	138							-2	142																																																													-2	134	-2	146																																																									-2	126	-2	140	-2	126	-2	130
323	Apriori	Id(Bk)Syl1>>Id(Bk)	2	190																																																																																																																																																			
412	iio	iiO			2	152	-2	142	-2	142	-2	138	-2	136					2	144	2	144																																																									2	124	2	140	2	136	2	148																																																																
412	Apriori	Id(Bk)Syl1>>Id(Bk)	2	192																																																																																																																																																			
517	iAA	iaa			2	154			2	144	2	140	2	138							-2	142																																																													-2	134	-2	146																																																																
517	Apriori	Id(Bk)Syl1>>Id(Bk)	2	194																																																																																																																																																			
1430	eAA	eaa			2	156			2	146	2	142	2	140							-2	140																																													-2	126	-2	142													-2	132	-2	144																																																																
1430	Apriori	Id(Bk)Syl1>>Id(Bk)	2	196																																																																																																																																																			
TOTAL				196		156		142		146		142		140		142		150		144		140		100		120		100		120		104		124		114		134		100		120		100		120		116		138		126		148		100		120		100		120		120		140		126		142		100		120		104		124		124		140		132		144		100		120		100		120		100		120		100		120		100		120		100		120		100		120		100		120		104		124		112		132		106		124		98		112		116		140		128		150		126		140		126		130
