trialnum	Generated	Heard	Id(Bk)Syl1	now	Id(Bk)	now	*F1	now	*F3	now	*F4	now	*F5	now	*B1	now	*B2	now	*B3	now	*B5	now	*F1_B1	now	*F1..._B1	now	*F1_B2	now	*F1..._B2	now	*F1_B3	now	*F1..._B3	now	*F1_B5	now	*F1..._B5	now	*F3_B1	now	*F3..._B1	now	*F3_B2	now	*F3..._B2	now	*F3_B3	now	*F3..._B3	now	*F3_B5	now	*F3..._B5	now	*F4_B1	now	*F4..._B1	now	*F4_B2	now	*F4..._B2	now	*F4_B3	now	*F4..._B3	now	*F4_B5	now	*F4..._B5	now	*F5_B1	now	*F5..._B1	now	*F5_B2	now	*F5..._B2	now	*F5_B3	now	*F5..._B3	now	*F5_B5	now	*F5..._B5	now	*_B1F1	now	*_B1...F1	now	*_B1F3	now	*_B1...F3	now	*_B1F4	now	*_B1...F4	now	*_B1F5	now	*_B1...F5	now	*_B2F1	now	*_B2...F1	now	*_B2F3	now	*_B2...F3	now	*_B2F4	now	*_B2...F4	now	*_B2F5	now	*_B2...F5	now	*_B3F1	now	*_B3...F1	now	*_B3F3	now	*_B3...F3	now	*_B3F4	now	*_B3...F4	now	*_B3F5	now	*_B3...F5	now	*_B5F1	now	*_B5...F1	now	*_B5F3	now	*_B5...F3	now	*_B5F4	now	*_B5...F4	now	*_B5F5	now	*_B5...F5	now
				0		0		55.62		67.35		91.28999999999999		114.42		50.0		55.17		78.63		127.25999999999999		50.0		50.0		50.0		50.0		51.36		52.36		53.49		56.3		50.0		50.0		50.0		50.0		53.5		56.43		60.82		69.74		50.0		50.0		50.0		50.0		56.19		59.36		69.15		78.53999999999999		50.0		50.0		50.0		50.0		58.91		62.019999999999996		77.46000000000001		86.21000000000001		50.0		50.0		50.0		50.0		50.0		50.0		50.0		50.0		50.0		50.0		50.0		50.0		51.09		51.85		52.07		53.27		50.0		50.0		50.0		50.0		53.93		55.37		57.54		59.89		50.0		50.0		50.0		50.0		59.83		62.82		68.95		73.5
0	Apriori	Id(Bk)Syl1>>Id(Bk)	10	10																																																																																																																																																		
1	eA	Ea	2	12	0	0			2	69.35	2	93.28999999999999	2	116.42			-2	53.17	-2	76.63	-2	125.25999999999999																																																																																																																																
2	AeA	Aea			2	2			2	71.35	2	95.28999999999999	2	118.42							-2	123.25999999999999																															-2	67.74													-2	67.15	-2	76.53999999999999													-2	75.46000000000001	-2	84.21000000000001																																																																
3	yOe	uoe	2	14	0	2	2	57.62	2	73.35	2	97.28999999999999	2	120.42					-2	74.63	-2	121.25999999999999																																																																																																									-2	51.93	-2	53.37	-2	55.54	-2	57.89									-2	57.83	-2	60.82	-2	66.95	-2	71.5
4	OAA	oaa	2	16	0	2	2	59.62	2	75.35	2	99.28999999999999	2	122.42					-2	72.63	-2	119.25999999999999																																																																																																																																
6	EaI	Eai			2	4							-2	120.42	2	52.0	2	55.17	2	74.63	2	121.25999999999999																																																																																															-2	51.27															-2	55.89													-2	64.95	-2	69.5
7	AOe	aoe	2	18	0	4	2	61.62	2	77.35	2	101.28999999999999	2	122.42					-2	72.63	-2	119.25999999999999																																																																																																									-2	49.93	-2	51.37	-2	53.54	-2	53.89									-2	55.83	-2	58.82	-2	62.95	-2	67.5
8	uI	ui			2	6							-2	120.42	2	54.0	2	57.17	2	74.63	2	121.25999999999999																																																																																																																													-2	60.95	-2	65.5
9	yAy	yau			2	8			2	79.35	2	103.28999999999999	2	122.42							-2	119.25999999999999																													-2	58.82	-2	65.74													-2	65.15	-2	74.53999999999999													-2	73.46000000000001	-2	82.21000000000001																																																																
10	ua	ya	2	20	0	8			-2	77.35	-2	101.28999999999999	-2	120.42							2	121.25999999999999																													-2	56.82	-2	63.739999999999995													-2	63.150000000000006	-2	72.53999999999999													-2	71.46000000000001	-2	80.21000000000001																																																																
12	AOO	Aoo			2	10	2	63.62	2	79.35	2	103.28999999999999	2	122.42					-2	72.63	-2	119.25999999999999																									-2	51.5	-2	54.43	-2	54.82	-2	61.739999999999995									-2	54.19	-2	57.36	-2	61.150000000000006	-2	70.53999999999999									-2	56.91	-2	60.019999999999996	-2	69.46000000000001	-2	78.21000000000001																																																																
13	uoE	yoe	2	22	0	10			-2	77.35	-2	101.28999999999999	-2	120.42			2	59.17	2	74.63	2	121.25999999999999																									-2	49.5	-2	52.43	-2	52.82	-2	59.739999999999995									-2	52.19	-2	55.36	-2	59.150000000000006	-2	68.53999999999999									-2	54.91	-2	58.019999999999996	-2	67.46000000000001	-2	76.21000000000001																																									-2	47.93	-2	49.37	-2	51.54	-2	51.89									-2	53.83	-2	56.82	-2	58.95	-2	63.5
14	eiy	Eiu	2	24	0	10			2	79.35	2	103.28999999999999	2	122.42			-2	57.17	-2	72.63	-2	119.25999999999999																																																													-2	65.46000000000001	-2	74.21000000000001																													-2	50.07	-2	49.27													-2	49.54	-2	49.89													-2	56.95	-2	61.5
15	Eu	eu	2	26	0	10					-2	101.28999999999999	-2	120.42			2	59.17	2	74.63	2	121.25999999999999																																													-2	57.150000000000006	-2	66.53999999999999													-2	63.46000000000001	-2	72.21000000000001																																																																
16	AAy	Aau			2	12			2	81.35	2	103.28999999999999	2	122.42							-2	119.25999999999999																													-2	50.82	-2	57.739999999999995													-2	55.150000000000006	-2	64.53999999999999													-2	61.46000000000001	-2	70.21000000000001																																																																
17	oaI	oai			2	14							-2	120.42	2	56.0	2	61.17	2	76.63	2	121.25999999999999																																																																																																															-2	47.89													-2	54.95	-2	59.5
18	yye	uue	2	28	0	14			2	83.35	2	105.28999999999999	2	122.42							-2	119.25999999999999																																																																																																																									-2	51.83	-2	54.82	-2	52.95	-2	57.5
19	eeA	eea			2	16			2	85.35	2	107.28999999999999	2	124.42							-2	117.25999999999999																																													-2	53.150000000000006	-2	62.53999999999999													-2	59.46000000000001	-2	68.21000000000001																																																																
20	IaI	iai	2	30	0	16							-2	122.42	2	58.0	2	63.17	2	78.63	2	119.25999999999999																																																													-2	57.46000000000001	-2	66.21000000000001																																																													-2	50.95	-2	55.5
21	uII	uii			2	18							-2	120.42	2	60.0	2	65.17	2	80.63	2	121.25999999999999																																																																																																																													-2	48.95	-2	53.5
22	uII	yii	2	32	0	18			-2	83.35	-2	105.28999999999999	-2	118.42	2	62.0	2	67.17	2	82.63	2	123.25999999999999																																																																																																																																
23	Ae	ae	2	34	0	18			2	85.35	2	107.28999999999999	2	120.42							-2	121.25999999999999																																																																																																																									-2	49.83	-2	52.82	-2	46.95	-2	51.5
24	yyi	uui	2	36	0	18			2	87.35	2	109.28999999999999	2	122.42							-2	119.25999999999999																																																																																																																													-2	44.95	-2	49.5
25	oIo	Oio	2	38	0	18	-2	61.62	-2	85.35	-2	107.28999999999999	-2	120.42	2	64.0	2	69.17	2	84.63	2	121.25999999999999											-2	50.36			-2	54.3											-2	50.43			-2	55.739999999999995											-2	53.36			-2	60.53999999999999									-2	52.91	-2	56.019999999999996	-2	55.46000000000001	-2	64.21000000000001																																																																
26	iAi	iai			2	20			2	87.35	2	109.28999999999999	2	122.42							-2	119.25999999999999																																																													-2	53.46000000000001	-2	62.21000000000001																																																													-2	42.95	-2	47.5
27	aaI	aai			2	22							-2	120.42	2	66.0	2	71.17	2	86.63	2	121.25999999999999																																																																																																																													-2	40.95	-2	45.5
29	Oiy	Oiu			2	24			2	89.35	2	111.28999999999999	2	122.42							-2	119.25999999999999															-2	52.3															-2	53.739999999999995															-2	58.53999999999999													-2	51.46000000000001	-2	60.21000000000001																																																																
30	Aei	aei	2	40	0	24			2	91.35	2	113.28999999999999	2	124.42							-2	117.25999999999999																																																																																																																									-2	47.83	-2	50.82	-2	38.95	-2	43.5
31	AeO	Aeo			2	26	2	63.62	2	93.35	2	115.28999999999999	2	126.42					-2	84.63	-2	115.25999999999999																											-2	48.43			-2	51.739999999999995									-2	50.19	-2	51.36	-2	51.150000000000006	-2	56.53999999999999									-2	50.91	-2	54.019999999999996	-2	49.46000000000001	-2	58.21000000000001																																																																
33	aEE	aee			2	28					-2	113.28999999999999	-2	124.42			2	73.17	2	86.63	2	117.25999999999999																																																																																																																									-2	45.83	-2	48.82	-2	36.95	-2	41.5
34	oEI	oei			2	30					-2	111.28999999999999	-2	122.42	2	68.0	2	75.17	2	88.63	2	119.25999999999999																																																																																																									-2	45.93	-2	47.37	-2	47.54	-2	45.89									-2	43.83	-2	46.82	-2	34.95	-2	39.5
35	Eau	eau	2	42	0	30					-2	109.28999999999999	-2	120.42			2	77.17	2	90.63	2	121.25999999999999																																													-2	49.150000000000006	-2	54.53999999999999													-2	47.46000000000001	-2	56.21000000000001																																																																
36	Oii	oii	2	44	0	30	2	65.62	2	95.35	2	111.28999999999999	2	122.42					-2	88.63	-2	119.25999999999999																																																																																																													-2	45.54	-2	43.89													-2	32.95	-2	37.5
37	IIE	iie	2	46	0	30					-2	109.28999999999999	-2	120.42	2	70.0	2	79.17	2	90.63	2	121.25999999999999																																																																																																																																
39	yiA	uia	2	48	0	30			2	97.35	2	111.28999999999999	2	122.42							-2	119.25999999999999																																																													-2	45.46000000000001	-2	54.21000000000001																																																													-2	30.950000000000003	-2	35.5
40	Ioa	ioa	2	50	0	30							-2	120.42	2	72.0	2	81.17	2	92.63	2	121.25999999999999																																																									-2	48.91	-2	52.019999999999996	-2	43.46000000000001	-2	52.21000000000001																																																																
41	OeO	Oeo			2	32	2	67.62	2	99.35	2	113.28999999999999	2	122.42					-2	90.63	-2	119.25999999999999											-2	48.36			-2	50.3											-2	46.43			-2	49.739999999999995									-2	48.19	-2	49.36	-2	47.150000000000006	-2	52.53999999999999									-2	46.91	-2	50.019999999999996	-2	41.46000000000001	-2	50.21000000000001																																																																
42	Iao	iao	2	52	0	32							-2	120.42	2	74.0	2	83.17	2	92.63	2	121.25999999999999																																																											-2	48.019999999999996	-2	39.46000000000001	-2	48.21000000000001																																																																
43	eOi	Eoi	2	54	0	32	2	69.62	2	101.35	2	115.28999999999999	2	122.42			-2	81.17	-2	90.63	-2	119.25999999999999																																																																																															-2	47.27													-2	43.54	-2	41.89													-2	28.950000000000003	-2	33.5
44	oEa	Oea	2	56	0	32	-2	67.62	-2	99.35	-2	113.28999999999999	-2	120.42			2	83.17	2	92.63	2	121.25999999999999															-2	48.3															-2	47.739999999999995													-2	45.150000000000006	-2	50.53999999999999													-2	37.46000000000001	-2	46.21000000000001																																																																
45	Oyi	oui	2	58	0	32	2	69.62	2	101.35	2	115.28999999999999	2	122.42					-2	90.63	-2	119.25999999999999																																																																																																															-2	39.89													-2	26.950000000000003	-2	31.5
46	aEo	Aeo	2	60	0	32			-2	99.35	-2	113.28999999999999	-2	120.42			2	85.17	2	92.63	2	121.25999999999999																											-2	44.43			-2	45.739999999999995									-2	46.19	-2	47.36	-2	43.150000000000006	-2	48.53999999999999									-2	44.91	-2	46.019999999999996	-2	35.46000000000001	-2	44.21000000000001																																																																
47	Ayy	Auu			2	34			2	101.35	2	115.28999999999999	2	122.42							-2	119.25999999999999																													-2	48.82	-2	43.739999999999995													-2	41.150000000000006	-2	46.53999999999999													-2	33.46000000000001	-2	42.21000000000001																																																																
48	yAA	uaa	2	62	0	34			2	103.35	2	117.28999999999999	2	124.42							-2	117.25999999999999																																																																																																																																
49	aE	Ae	2	64	0	34			-2	101.35	-2	115.28999999999999	-2	122.42			2	87.17	2	94.63	2	119.25999999999999																																																																																																																																
50	aaE	Aae	2	66	0	34			-2	99.35	-2	113.28999999999999	-2	120.42			2	89.17	2	96.63	2	121.25999999999999																													-2	46.82	-2	41.739999999999995													-2	39.150000000000006	-2	44.53999999999999													-2	31.460000000000008	-2	40.21000000000001																																																									-2	41.83	-2	44.82	-2	24.950000000000003	-2	29.5
51	eOi	eoi			2	36	2	71.62	2	101.35	2	115.28999999999999	2	122.42					-2	94.63	-2	119.25999999999999																																									-2	44.19	-2	45.36	-2	37.150000000000006	-2	42.53999999999999									-2	42.91	-2	44.019999999999996	-2	29.460000000000008	-2	38.21000000000001																																													-2	41.54	-2	37.89													-2	22.950000000000003	-2	27.5
52	IE	ie	2	68	0	36					-2	113.28999999999999	-2	120.42	2	76.0	2	91.17	2	96.63	2	121.25999999999999																																																																																																																																
54	uEo	ueo			2	38					-2	111.28999999999999	-2	118.42			2	93.17	2	98.63	2	123.25999999999999																																									-2	42.19	-2	43.36	-2	35.150000000000006	-2	40.53999999999999									-2	40.91	-2	42.019999999999996	-2	27.460000000000008	-2	36.21000000000001																																																									-2	39.83	-2	42.82	-2	20.950000000000003	-2	25.5
55	ou	Ou	2	70	0	38	-2	69.62	-2	99.35	-2	109.28999999999999	-2	116.42					2	100.63	2	125.25999999999999													-2	51.49	-2	46.3													-2	44.82	-2	39.739999999999995													-2	33.150000000000006	-2	38.53999999999999													-2	25.460000000000008	-2	34.21000000000001																																																																
56	eyi	eui			2	40			2	101.35	2	111.28999999999999	2	118.42							-2	123.25999999999999																																													-2	31.150000000000006	-2	36.53999999999999													-2	23.460000000000008	-2	32.21000000000001																																																													-2	18.950000000000003	-2	23.5
57	AAi	aai	2	72	0	40			2	103.35	2	113.28999999999999	2	120.42							-2	121.25999999999999																																																																																																																													-2	16.950000000000003	-2	21.5
58	Aye	aue	2	74	0	40			2	105.35	2	115.28999999999999	2	122.42							-2	119.25999999999999																																																																																																																									-2	37.83	-2	40.82	-2	14.950000000000003	-2	19.5
59	aEa	aea			2	42					-2	113.28999999999999	-2	120.42			2	95.17	2	102.63	2	121.25999999999999																																													-2	29.150000000000006	-2	34.53999999999999													-2	21.460000000000008	-2	30.210000000000008																																																									-2	35.83	-2	38.82	-2	12.950000000000003	-2	17.5
60	ooo	Ooo	2	76	0	42	-2	67.62	-2	103.35	-2	111.28999999999999	-2	118.42					2	104.63	2	123.25999999999999									-2	49.36	-2	46.36	-2	49.49	-2	44.3									-2	47.5	-2	42.43	-2	42.82	-2	37.739999999999995									-2	40.19	-2	41.36	-2	27.150000000000006	-2	32.53999999999999									-2	38.91	-2	40.019999999999996	-2	19.460000000000008	-2	28.210000000000008																																																																
61	AAy	aau	2	78	0	42			2	105.35	2	113.28999999999999	2	120.42							-2	121.25999999999999																																																																																																																																
62	AiA	Aia			2	44			2	107.35	2	115.28999999999999	2	122.42							-2	119.25999999999999																															-2	35.739999999999995															-2	30.539999999999992													-2	17.460000000000008	-2	26.210000000000008																																																																
63	ouo	Ouo	2	80	0	44	-2	65.62	-2	105.35	-2	113.28999999999999	-2	120.42					2	106.63	2	121.25999999999999											-2	44.36	-2	47.49	-2	42.3											-2	40.43	-2	40.82	-2	33.739999999999995											-2	39.36	-2	25.150000000000006	-2	28.539999999999992											-2	38.019999999999996	-2	15.460000000000008	-2	24.210000000000008																																																																
64	OeA	Oea			2	46			2	107.35	2	115.28999999999999	2	122.42							-2	119.25999999999999															-2	40.3															-2	31.739999999999995													-2	23.150000000000006	-2	26.539999999999992													-2	13.460000000000008	-2	22.210000000000008																																																																
65	EEo	eeo	2	82	0	46					-2	113.28999999999999	-2	120.42			2	97.17	2	108.63	2	121.25999999999999																																									-2	38.19	-2	37.36	-2	21.150000000000006	-2	24.539999999999992									-2	36.91	-2	36.019999999999996	-2	11.460000000000008	-2	20.210000000000008																																																																
66	OOe	Ooe			2	48	2	67.62	2	109.35	2	115.28999999999999	2	122.42					-2	106.63	-2	119.25999999999999									-2	47.36	-2	42.36	-2	45.49	-2	38.3									-2	45.5	-2	38.43	-2	38.82	-2	29.739999999999995									-2	36.19	-2	35.36	-2	19.150000000000006	-2	22.539999999999992									-2	34.91	-2	34.019999999999996	-2	9.460000000000008	-2	18.210000000000008																																									-2	43.93	-2	45.37	-2	39.54	-2	35.89									-2	33.83	-2	36.82	-2	10.950000000000003	-2	15.5
68	iy	iu			2	50			2	111.35	2	117.28999999999999	2	124.42							-2	117.25999999999999																																																													-2	7.460000000000008	-2	16.210000000000008																																																																
69	ooE	Ooe	2	84	0	50	-2	65.62	-2	109.35	-2	115.28999999999999	-2	122.42			2	99.17	2	108.63	2	119.25999999999999									-2	45.36	-2	40.36	-2	43.49	-2	36.3									-2	43.5	-2	36.43	-2	36.82	-2	27.739999999999995									-2	34.19	-2	33.36	-2	17.150000000000006	-2	20.539999999999992									-2	32.91	-2	32.019999999999996	-2	5.460000000000008	-2	14.210000000000008																																									-2	41.93	-2	43.37	-2	37.54	-2	33.89									-2	31.83	-2	34.82	-2	8.950000000000003	-2	13.5
70	EIE	Eie			2	52					-2	113.28999999999999	-2	120.42	2	78.0	2	101.17	2	110.63	2	121.25999999999999																																																																																											-2	49.85	-2	48.07	-2	45.27											-2	41.37	-2	35.54	-2	31.89											-2	32.82	-2	6.950000000000003	-2	11.5
71	AAO	aao	2	86	0	52	2	67.62	2	111.35	2	115.28999999999999	2	122.42					-2	108.63	-2	119.25999999999999																																																																																																																																
73	uEa	yea	2	88	0	52			-2	109.35	-2	113.28999999999999	-2	120.42			2	103.17	2	110.63	2	121.25999999999999																															-2	25.739999999999995													-2	15.150000000000006	-2	18.539999999999992													-2	3.460000000000008	-2	12.210000000000008																																																																
74	EEu	eeu	2	90	0	52					-2	111.28999999999999	-2	118.42			2	105.17	2	112.63	2	123.25999999999999																																													-2	13.150000000000006	-2	16.539999999999992													-2	1.460000000000008	-2	10.210000000000008																																																																
76	AiO	Aio			2	54	2	69.62	2	111.35	2	113.28999999999999	2	120.42					-2	110.63	-2	121.25999999999999																											-2	34.43			-2	23.739999999999995											-2	31.36			-2	14.539999999999992									-2	30.909999999999997	-2	30.019999999999996	-2	0	-2	8.210000000000008																																																																
77	AiO	Aio			2	56	2	71.62	2	113.35	2	115.28999999999999	2	122.42					-2	108.63	-2	119.25999999999999																											-2	32.43			-2	21.739999999999995											-2	29.36			-2	12.539999999999992									-2	28.909999999999997	-2	28.019999999999996	-2	0	-2	6.210000000000008																																																																
78	EoE	eoe	2	92	0	56					-2	113.28999999999999	-2	120.42			2	107.17	2	110.63	2	121.25999999999999																																									-2	32.19	-2	27.36	-2	11.150000000000006	-2	10.539999999999992									-2	26.909999999999997	-2	26.019999999999996	-2	0	-2	4.210000000000008																																									-2	39.93	-2	39.37	-2	33.54	-2	29.89									-2	29.83	-2	30.82	-2	4.950000000000003	-2	9.5
80	Oy	ou	2	94	0	56	2	73.62	2	115.35	2	115.28999999999999	2	122.42					-2	108.63	-2	119.25999999999999																																																																																																																																
81	uI	yi	2	96	0	56			-2	113.35	-2	113.28999999999999	-2	120.42	2	80.0	2	109.17	2	110.63	2	121.25999999999999																																																																																																																																
82	OOO	Ooo			2	58	2	75.62	2	115.35	2	115.28999999999999	2	122.42					-2	108.63	-2	119.25999999999999									-2	43.36	-2	38.36	-2	41.49	-2	34.3									-2	41.5	-2	30.43	-2	34.82	-2	19.739999999999995									-2	30.189999999999998	-2	25.36	-2	9.150000000000006	-2	8.539999999999992									-2	24.909999999999997	-2	24.019999999999996	-2	0	-2	2.210000000000008																																																																
85	aEE	aee			2	60					-2	113.28999999999999	-2	120.42			2	111.17	2	110.63	2	121.25999999999999																																																																																																																									-2	27.83	-2	28.82	-2	2.950000000000003	-2	7.5
86	uuo	yuo	2	98	0	60			-2	113.35	-2	111.28999999999999	-2	118.42							2	123.25999999999999																											-2	28.43	-2	32.82	-2	17.739999999999995											-2	23.36	-2	7.150000000000006	-2	6.539999999999992											-2	22.019999999999996	-2	0	-2	0.21000000000000796																																																																
87	eyO	euo			2	62	2	77.62	2	115.35	2	113.28999999999999	2	120.42					-2	108.63	-2	121.25999999999999																																											-2	21.36	-2	5.150000000000006	-2	4.539999999999992											-2	20.019999999999996	-2	0	-2	0																																																																
88	IaE	iae	2	100	0	62					-2	111.28999999999999	-2	118.42	2	82.0	2	113.17	2	110.63	2	123.25999999999999																																																													-2	0	-2	0																																																									-2	25.83	-2	26.82	-2	0.9500000000000028	-2	5.5
89	AOA	Aoa			2	64	2	79.62	2	117.35	2	113.28999999999999	2	120.42					-2	108.63	-2	121.25999999999999																									-2	39.5	-2	26.43	-2	30.82	-2	15.739999999999995									-2	28.189999999999998	-2	19.36	-2	3.1500000000000057	-2	2.539999999999992									-2	22.909999999999997	-2	18.019999999999996	-2	0	-2	0																																																																
90	yy	yu			2	66			2	119.35	2	115.28999999999999	2	122.42							-2	119.25999999999999																													-2	28.82	-2	13.739999999999995													-2	1.1500000000000057	-2	0.539999999999992													-2	0	-2	0																																																																
91	EIE	eie	2	102	0	66					-2	113.28999999999999	-2	120.42	2	84.0	2	115.17	2	110.63	2	121.25999999999999																																																																																																																																
92	eou	Eou	2	104	0	66					2	115.28999999999999	2	122.42			-2	113.17	-2	108.63	-2	119.25999999999999																																									2	30.189999999999998	2	21.36	2	3.1500000000000057	2	2.539999999999992									2	24.909999999999997	2	20.019999999999996	2	2	2	2																																																																
93	EEu	eeu	2	106	0	66					-2	113.28999999999999	-2	120.42			2	115.17	2	110.63	2	121.25999999999999																																													-2	1.1500000000000057	-2	0.539999999999992													-2	0	-2	0																																																																
94	ieO	ieo			2	68	2	81.62	2	121.35	2	115.28999999999999	2	122.42					-2	108.63	-2	119.25999999999999																																									-2	28.189999999999998	-2	19.36	-2	0	-2	0									-2	22.909999999999997	-2	18.019999999999996	-2	0	-2	0																																																																
95	aEI	Aei	2	108	0	68			-2	119.35	-2	113.28999999999999	-2	120.42	2	86.0	2	117.17	2	110.63	2	121.25999999999999																																																																																																																																
96	Oi	oi	2	110	0	68	2	83.62	2	121.35	2	115.28999999999999	2	122.42					-2	108.63	-2	119.25999999999999																																																																																																													-2	31.54	-2	27.89													-2	0	-2	3.5
97	ouE	oue			2	70					-2	113.28999999999999	-2	120.42			2	119.17	2	110.63	2	121.25999999999999																																																																																																											-2	37.37			-2	25.89									-2	23.83	-2	24.82	-2	0	-2	1.5
98	ue	ye	2	112	0	70			-2	119.35	-2	111.28999999999999	-2	118.42							2	123.25999999999999																																																																																																																									2	25.83	2	26.82	2	2	2	3.5
99	eie	Eie	2	114	0	70					2	113.28999999999999	2	120.42			-2	117.17	-2	108.63	-2	121.25999999999999																																																																																											-2	47.85	-2	46.07	-2	43.27											-2	35.37	-2	29.54	-2	23.89											-2	24.82	-2	0	-2	1.5
101	OAO	oao	2	116	0	70	2	85.62	2	121.35	2	115.28999999999999	2	122.42					-2	106.63	-2	119.25999999999999																																																																																																																																
102	aII	Aii	2	118	0	70			-2	119.35	-2	113.28999999999999	-2	120.42	2	88.0	2	119.17	2	108.63	2	121.25999999999999																																																																																																																																
103	OOO	ooo	2	120	0	70	2	87.62	2	121.35	2	115.28999999999999	2	122.42					-2	106.63	-2	119.25999999999999																																																																																																																																
105	Euu	euu	2	122	0	70					-2	113.28999999999999	-2	120.42			2	121.17	2	108.63	2	121.25999999999999																																													-2	0	-2	0													-2	0	-2	0																																																																
106	EiO	Eio			2	72	2	89.62	2	123.35	2	115.28999999999999	2	122.42					-2	106.63	-2	119.25999999999999																																																									-2	20.909999999999997	-2	16.019999999999996	-2	0	-2	0																			2	52.0			2	52.0			2	49.85							2	52.0			2	52.0			2	37.37							2	52.0			2	52.0			2	26.82				
107	oEa	oea			2	74					-2	113.28999999999999	-2	120.42			2	123.17	2	108.63	2	121.25999999999999																																													-2	0	-2	0													-2	0	-2	0																																									-2	37.93	-2	35.37	-2	27.54	-2	21.89									-2	23.83	-2	24.82	-2	0	-2	0
109	OO	oo	2	124	0	74	2	91.62	2	125.35	2	115.28999999999999	2	122.42					-2	106.63	-2	119.25999999999999																																																																																																																																
113	IIo	iio	2	126	0	74							-2	120.42	2	90.0	2	125.17	2	108.63	2	121.25999999999999																																																									-2	18.909999999999997	-2	14.019999999999996	-2	0	-2	0																																																																
116	eoe	Eoe	2	128	0	74					2	117.28999999999999	2	122.42			-2	123.17	-2	106.63	-2	119.25999999999999																																									2	30.189999999999998	2	21.36	2	2	2	2									2	20.909999999999997	2	16.019999999999996	2	2	2	2																											-2	47.85			-2	41.27											-2	33.37			-2	19.89											-2	22.82			-2	0
117	iIo	iio			2	76							-2	120.42	2	92.0	2	125.17	2	108.63	2	121.25999999999999																																																	2	52.0	2	52.0	2	52.0	2	52.0			2	18.019999999999996			2	4																																																																
127	uao	yao	2	130	0	76			-2	123.35	-2	115.28999999999999	-2	118.42							2	123.25999999999999																											-2	24.43	-2	26.82	-2	11.739999999999995											-2	19.36	-2	0	-2	0											-2	16.019999999999996	-2	0	-2	2																																																																
130	uAe	uae			2	78			2	125.35	2	117.28999999999999	2	120.42							-2	121.25999999999999																																																																																																																					2	52.0	2	54.0			-2	20.82			-2	0
133	oaa	Oaa	2	132	0	78	-2	89.62	-2	123.35	-2	115.28999999999999	-2	118.42					2	110.63	2	123.25999999999999													-2	39.49	-2	32.3													-2	24.82	-2	9.739999999999995													-2	0	-2	0													-2	0	-2	0																																																																
141	AiO	Aio			2	80	2	91.62	2	125.35	2	117.28999999999999	2	120.42					-2	108.63	-2	121.25999999999999																											-2	22.43			-2	7.739999999999995											-2	17.36			-2	0									-2	18.909999999999997	-2	14.019999999999996	-2	0	-2	0																																																																
147	oa	Oa	2	134	0	80	-2	89.62	-2	123.35	-2	115.28999999999999	-2	118.42					2	110.63	2	123.25999999999999													-2	37.49	-2	30.299999999999997													-2	22.82	-2	5.739999999999995													-2	0	-2	0													-2	0	-2	0																																																																
148	yA	ya			2	82			2	125.35	2	117.28999999999999	2	120.42							-2	121.25999999999999																													-2	20.82	-2	3.739999999999995													-2	0	-2	0													-2	0	-2	0																																																																
154	iOi	ioi			2	84	2	91.62	2	127.35	2	119.28999999999999	2	122.42					-2	108.63	-2	119.25999999999999																																																									-2	16.909999999999997	-2	12.019999999999996	-2	0	-2	0																																													-2	25.54	-2	17.89													-2	0	-2	0
156	iIa	iia			2	86							-2	120.42	2	94.0	2	127.17	2	110.63	2	121.25999999999999																																																	2	54.0	2	54.0	2	54.0	2	54.0	2	18.909999999999997	2	14.019999999999996			2	2																																																																
169	eeA	Eea	2	136	0	86			2	129.35	2	121.28999999999999	2	122.42			-2	125.17	-2	108.63	-2	119.25999999999999																																													-2	0	-2	0													-2	0	-2	0																									-2	49.09	-2	45.85	-2	44.07	-2	39.27									-2	35.93	-2	31.369999999999997	-2	23.54	-2	15.89									-2	21.83	-2	18.82	-2	0	-2	0
176	oEo	oeo			2	88					-2	119.28999999999999	-2	120.42			2	127.17	2	110.63	2	121.25999999999999																																									-2	28.189999999999998	-2	15.36	-2	0	-2	0									-2	16.909999999999997	-2	12.019999999999996	-2	0	-2	0																																									-2	33.93	-2	29.369999999999997	-2	21.54	-2	13.89									-2	19.83	-2	16.82	-2	0	-2	0
177	oIE	oie			2	90					-2	117.28999999999999	-2	118.42	2	96.0	2	129.17000000000002	2	112.63	2	123.25999999999999																																																																																																											-2	27.369999999999997	-2	19.54	-2	11.89											-2	14.82	-2	0	-2	0
404	oeA	oea			2	92			2	131.35	2	119.28999999999999	2	120.42							-2	121.25999999999999																																													-2	0	-2	0													-2	0	-2	0																																							2	54.0															2	56.0								
455	eoi	Eoi	2	138	0	92					2	121.28999999999999	2	122.42			-2	127.17000000000002	-2	110.63	-2	119.25999999999999																																									2	30.189999999999998	2	17.36	2	2	2	2									2	18.909999999999997	2	14.019999999999996	2	2	2	2																															-2	37.27															-2	9.89															-2	0
464	aaa	Aaa	2	140	0	92			-2	129.35	-2	119.28999999999999	-2	120.42							2	121.25999999999999																													-2	18.82	-2	1.7399999999999949													-2	0	-2	0													-2	0	-2	0																																																																
543	uaI	uai			2	94							-2	118.42	2	98.0	2	129.17000000000002	2	112.63	2	123.25999999999999																																																																																																																													-2	0	-2	0
575	uE	ue			2	96					-2	117.28999999999999	-2	116.42			2	131.17000000000002	2	114.63	2	125.25999999999999																																																																																																																									-2	17.83	-2	12.82	-2	0	-2	0
583	Aye	Aue			2	98			2	131.35	2	119.28999999999999	2	118.42							-2	123.25999999999999																													-2	16.82	-2	0													-2	0	-2	0													-2	0	-2	0																																																									-2	15.829999999999998	-2	10.82	-2	0	-2	0
713	eAy	eau			2	100			2	133.35	2	121.28999999999999	2	120.42							-2	121.25999999999999																																													-2	0	-2	0													-2	0	-2	0																																																																
770	oou	Oou	2	142	0	100	-2	89.62	-2	131.35	-2	119.28999999999999	-2	118.42					2	116.63	2	123.25999999999999									-2	41.36	-2	36.36	-2	35.49	-2	28.299999999999997									-2	37.5	-2	20.43	-2	14.82	-2	0									-2	28.189999999999998	-2	15.36	-2	0	-2	0									-2	16.909999999999997	-2	12.019999999999996	-2	0	-2	0																																																																
890	EOi	Eoi			2	102	2	91.62	2	133.35	2	121.28999999999999	2	120.42					-2	114.63	-2	121.25999999999999																																																																																	2	52.0	2	54.0	2	52.0	2	54.0	2	51.09	2	47.85	2	46.07			2	52.0	2	54.0	2	52.0	2	56.0	2	35.93	2	29.369999999999997			-2	7.890000000000001	2	52.0	2	54.0	2	54.0	2	58.0	2	17.83	2	12.82			-2	0
1922	oui	Oui	2	144	0	102	-2	89.62	-2	131.35	-2	119.28999999999999	-2	118.42					2	116.63	2	123.25999999999999													-2	33.49	-2	26.299999999999997													-2	12.82	-2	0													-2	0	-2	0													-2	0	-2	0																																															2	9.89															2	2
2481	yAA	yaa			2	104			2	133.35	2	121.28999999999999	2	120.42							-2	121.25999999999999																													-2	10.82	-2	0													-2	0	-2	0													-2	0	-2	0																																																																
18956	auE	aue			0.002	104.002					-0.002	121.288	-0.002	120.418			0.002	131.17200000000003	0.002	116.63199999999999	0.002	121.26199999999999																																																																																																																									-0.002	17.828	-0.002	12.818	-0.002	0	-0.002	1.998
19163	oIo	oio			0.002	104.00399999999999							-0.002	120.41600000000001	0.002	98.002	0.002	131.17400000000004	0.002	116.63399999999999	0.002	121.26399999999998																																																									-0.002	16.907999999999998	-0.002	12.017999999999995	-0.002	0	-0.002	0																																													-0.002	19.538	-0.002	9.888													-0.002	0	-0.002	1.996
TOTAL				144		104.00399999999999		89.62		133.35		121.288		120.41600000000001		98.002		131.17400000000004		116.63399999999999		121.26399999999998		50.0		50.0		50.0		50.0		41.36		36.36		33.49		26.299999999999997		50.0		50.0		50.0		50.0		37.5		20.43		10.82		0		50.0		50.0		50.0		50.0		28.189999999999998		15.36		0		0		54.0		54.0		54.0		54.0		16.907999999999998		12.017999999999995		0		0		50.0		50.0		50.0		50.0		50.0		50.0		50.0		50.0		52.0		54.0		52.0		54.0		51.09		47.85		46.07		37.27		52.0		54.0		52.0		56.0		35.93		29.369999999999997		19.538		9.888		52.0		54.0		54.0		58.0		17.828		12.818		0		1.996
