trialnum	Generated	Heard	Id(Bk)Syl1	now	Id(Bk)	now	*F1	now	*F3	now	*F4	now	*F5	now	*B1	now	*B2	now	*B3	now	*B5	now	*F1_B1	now	*F1..._B1	now	*F1_B2	now	*F1..._B2	now	*F1_B3	now	*F1..._B3	now	*F1_B5	now	*F1..._B5	now	*F3_B1	now	*F3..._B1	now	*F3_B2	now	*F3..._B2	now	*F3_B3	now	*F3..._B3	now	*F3_B5	now	*F3..._B5	now	*F4_B1	now	*F4..._B1	now	*F4_B2	now	*F4..._B2	now	*F4_B3	now	*F4..._B3	now	*F4_B5	now	*F4..._B5	now	*F5_B1	now	*F5..._B1	now	*F5_B2	now	*F5..._B2	now	*F5_B3	now	*F5..._B3	now	*F5_B5	now	*F5..._B5	now	*_B1F1	now	*_B1...F1	now	*_B1F3	now	*_B1...F3	now	*_B1F4	now	*_B1...F4	now	*_B1F5	now	*_B1...F5	now	*_B2F1	now	*_B2...F1	now	*_B2F3	now	*_B2...F3	now	*_B2F4	now	*_B2...F4	now	*_B2F5	now	*_B2...F5	now	*_B3F1	now	*_B3...F1	now	*_B3F3	now	*_B3...F3	now	*_B3F4	now	*_B3...F4	now	*_B3F5	now	*_B3...F5	now	*_B5F1	now	*_B5...F1	now	*_B5F3	now	*_B5...F3	now	*_B5F4	now	*_B5...F4	now	*_B5F5	now	*_B5...F5	now
				0		0		163.88		193.51999999999998		220.69		246.35000000000002		150.0		150.0		165.87		195.96		150.0		150.0		150.0		150.0		150.0		150.0		150.0		150.0		150.0		150.0		150.0		150.0		150.0		150.0		150.0		150.0		150.0		150.0		150.0		150.0		151.98		152.83		155.57		157.57		150.0		150.0		150.0		150.0		153.67		154.88		161.09		164.11		150.0		150.0		150.0		150.0		150.0		150.0		150.0		150.0		150.0		150.0		150.0		150.0		150.0		150.0		150.0		150.0		150.0		150.0		150.0		150.0		152.11		152.81		153.79		154.96		150.0		150.0		150.0		150.0		156.2		158.35		161.67		164.94
1	EEo	eeO	2	2	2	2	-2	161.88	-2	191.51999999999998	-2	218.69	-2	244.35000000000002			2	152.0	2	167.87	2	197.96																																																																																																																																
2	EuI	eui	2	4	2	4					-2	216.69	-2	242.35000000000002	2	152.0	2	154.0	2	169.87	2	199.96																																													-2	153.57	-2	155.57													-2	159.09	-2	162.11																																																													-2	159.67	-2	162.94
3	aII	Aii	2	6	2	6			-2	189.51999999999998	-2	214.69	-2	240.35000000000002	2	154.0	2	156.0	2	171.87	2	201.96																																																																																																																																
4	uIo	yiO	2	8	2	8	-2	159.88	-2	187.51999999999998	-2	212.69	-2	238.35000000000002	2	156.0	2	158.0	2	173.87	2	203.96																																																																																																																																
5	IEI	iei	2	10	2	10					-2	210.69	-2	236.35000000000002	2	158.0	2	160.0	2	175.87	2	205.96																																																																																																																																
7	IEI	iei	2	12	2	12					-2	208.69	-2	234.35000000000002	2	160.0	2	162.0	2	177.87	2	207.96																																																																																																																																
8	oaI	OAi	2	14	2	14	-2	157.88	-2	185.51999999999998	-2	206.69	-2	232.35000000000002	2	162.0	2	164.0	2	179.87	2	209.96																																																																																																																																
9	EIa	eiA	2	16	2	16			-2	183.51999999999998	-2	204.69	-2	230.35000000000002	2	164.0	2	166.0	2	181.87	2	211.96																																																																																																																																
10	IIE	iie	2	18	2	18					-2	202.69	-2	228.35000000000002	2	166.0	2	168.0	2	183.87	2	213.96																																																																																																																																
11	Eua	eyA	2	20	2	20			-2	181.51999999999998	-2	200.69	-2	226.35000000000002			2	170.0	2	185.87	2	215.96																																																																																																																																
12	Iuu	iuu	2	22	2	22							-2	224.35000000000002	2	168.0	2	172.0	2	187.87	2	217.96																																																													-2	157.09	-2	160.11																																																																
13	ouI	Oyi	2	24	2	24	-2	155.88	-2	179.51999999999998	-2	198.69	-2	222.35000000000002	2	170.0	2	174.0	2	189.87	2	219.96																																																																																																																																
14	IoE	ioe	2	26	2	26					-2	196.69	-2	220.35000000000002	2	172.0	2	176.0	2	191.87	2	221.96																																																									-2	151.67	-2	152.88	-2	155.09	-2	158.11																																									-2	150.11	-2	150.81	-2	151.79	-2	152.96									-2	154.2	-2	156.35	-2	157.67	-2	160.94
16	AOA	aoa	2	28	2	28	2	157.88	2	181.51999999999998	2	198.69	2	222.35000000000002					-2	189.87	-2	219.96																																																																																																																																
17	uIa	uia			2	30							-2	220.35000000000002	2	174.0	2	178.0	2	191.87	2	221.96																																																													-2	153.09	-2	156.11																																																													-2	155.67	-2	158.94
17	Apriori	Id(Bk)Syl1>>Id(Bk)	2	30																																																																																																																																																			
18	Oe	oe	2	32	2	32	2	159.88	2	183.51999999999998	2	200.69	2	222.35000000000002					-2	189.87	-2	219.96																																																																																																									-2	148.11	-2	148.81	-2	149.79	-2	150.96									-2	152.2	-2	154.35	-2	153.67	-2	156.94
19	uuu	yyy	2	34	2	34			-2	181.51999999999998	-2	198.69	-2	220.35000000000002							2	221.96																																																																																																																																
20	EII	eii	2	36	2	36					-2	196.69	-2	218.35000000000002	2	176.0	2	180.0	2	191.87	2	223.96																																																																																																																																
23	AAy	aau	2	38	2	38			2	183.51999999999998	2	198.69	2	220.35000000000002							-2	221.96																																																																																																																																
26	uoE	uoe			2	40					-2	196.69	-2	218.35000000000002			2	182.0	2	193.87	2	223.96																																																																																																									-2	146.11	-2	146.81	-2	147.79	-2	148.96									-2	150.2	-2	152.35	-2	151.67	-2	154.94
26	Apriori	Id(Bk)Syl1>>Id(Bk)	2	40																																																																																																																																																			
29	AAO	aao	2	42	2	42	2	161.88	2	185.51999999999998	2	198.69	2	220.35000000000002					-2	191.87	-2	221.96																																																																																																																																
30	eAi	eai			2	44			2	187.51999999999998	2	200.69	2	222.35000000000002							-2	219.96																																													-2	151.57	-2	153.57													-2	151.09	-2	154.11																																																													-2	149.67	-2	152.94
30	Apriori	Id(Bk)Syl1>>Id(Bk)	2	44																																																																																																																																																			
31	ua	yA	2	46	2	46			-2	185.51999999999998	-2	198.69	-2	220.35000000000002							2	221.96																																																																																																																																
33	iO	io			2	48	2	163.88	2	187.51999999999998	2	200.69	2	222.35000000000002					-2	189.87	-2	219.96																																																									-2	149.67	-2	150.88	-2	149.09	-2	152.11																																																																
33	Apriori	Id(Bk)Syl1>>Id(Bk)	2	48																																																																																																																																																			
34	auE	Aye	2	50	2	50			-2	185.51999999999998	-2	198.69	-2	220.35000000000002			2	184.0	2	191.87	2	221.96																																																																																																																																
35	AAy	aau	2	52	2	52			2	187.51999999999998	2	200.69	2	222.35000000000002							-2	219.96																																																																																																																																
37	EoE	eoe	2	54	2	54					-2	198.69	-2	220.35000000000002			2	186.0	2	193.87	2	221.96																																									-2	149.98	-2	150.83	-2	149.57	-2	151.57									-2	147.67	-2	148.88	-2	147.09	-2	150.11																																									-2	144.11	-2	144.81	-2	145.79	-2	146.96									-2	148.2	-2	150.35	-2	147.67	-2	150.94
38	oE	oe			2	56					-2	196.69	-2	218.35000000000002			2	188.0	2	195.87	2	223.96																																																																																																									-2	142.11	-2	142.81	-2	143.79	-2	144.96									-2	146.2	-2	148.35	-2	145.67	-2	148.94
38	Apriori	Id(Bk)Syl1>>Id(Bk)	2	56																																																																																																																																																			
41	yAy	uau	2	58	2	58			2	189.51999999999998	2	198.69	2	220.35000000000002							-2	221.96																																																																																																																																
43	OO	oo	2	60	2	60	2	165.88	2	191.51999999999998	2	200.69	2	222.35000000000002					-2	193.87	-2	219.96																																																																																																																																
44	Oei	oei	2	62	2	62	2	167.88	2	193.51999999999998	2	202.69	2	224.35000000000002					-2	191.87	-2	217.96																																																																																																									-2	140.11	-2	140.81	-2	141.79	-2	142.96									-2	144.2	-2	146.35	-2	143.67	-2	146.94
45	Iou	iOy	2	64	2	64	-2	165.88	-2	191.51999999999998	-2	200.69	-2	222.35000000000002	2	178.0	2	190.0	2	193.87	2	219.96																																																																																																																																
46	EEo	eeO	2	66	2	66	-2	163.88	-2	189.51999999999998	-2	198.69	-2	220.35000000000002			2	192.0	2	195.87	2	221.96																																																																																																																																
47	Ia	iA	2	68	2	68			-2	187.51999999999998	-2	196.69	-2	218.35000000000002	2	180.0	2	194.0	2	197.87	2	223.96																																																																																																																																
48	eAO	eao			2	70	2	165.88	2	189.51999999999998	2	198.69	2	220.35000000000002					-2	195.87	-2	221.96																																											-2	148.83	-2	147.57	-2	149.57											-2	146.88	-2	145.09	-2	148.11																																																																
48	Apriori	Id(Bk)Syl1>>Id(Bk)	2	70																																																																																																																																																			
49	auE	aue			2	72					-2	196.69	-2	218.35000000000002			2	196.0	2	197.87	2	223.96																																																																																																																									-2	142.2	-2	144.35	-2	141.67	-2	144.94
49	Apriori	Id(Bk)Syl1>>Id(Bk)	2	72																																																																																																																																																			
54	AAy	aau	2	74	2	74			2	191.51999999999998	2	198.69	2	220.35000000000002							-2	221.96																																																																																																																																
57	iye	iue			2	76			2	193.51999999999998	2	200.69	2	222.35000000000002							-2	219.96																																																													-2	143.09	-2	146.11																																																									-2	140.2	-2	142.35	-2	139.67	-2	142.94
57	Apriori	Id(Bk)Syl1>>Id(Bk)	2	76																																																																																																																																																			
58	Iau	iau	2	78	2	78							-2	220.35000000000002	2	182.0	2	198.0	2	199.87	2	221.96																																																													-2	141.09	-2	144.11																																																																
59	Eo	eO	2	80	2	80	-2	163.88	-2	191.51999999999998	-2	198.69	-2	218.35000000000002			2	200.0	2	201.87	2	223.96																																																																																																																																
60	eOy	eou			2	82	2	165.88	2	193.51999999999998	2	200.69	2	220.35000000000002					-2	199.87	-2	221.96																																									-2	147.98	-2	146.83	-2	145.57	-2	147.57									-2	145.67	-2	144.88	-2	139.09	-2	142.11																																																																
60	Apriori	Id(Bk)Syl1>>Id(Bk)	2	82																																																																																																																																																			
61	eyO	euo			2	84	2	167.88	2	195.51999999999998	2	202.69	2	222.35000000000002					-2	197.87	-2	219.96																																											-2	144.83	-2	143.57	-2	145.57											-2	142.88	-2	137.09	-2	140.11																																																																
61	Apriori	Id(Bk)Syl1>>Id(Bk)	2	84																																																																																																																																																			
62	AOA	aoa	2	86	2	86	2	169.88	2	197.51999999999998	2	204.69	2	224.35000000000002					-2	195.87	-2	217.96																																																																																																																																
63	oaI	oai			2	88							-2	222.35000000000002	2	184.0	2	202.0	2	197.87	2	219.96																																																																																																															-2	140.96													-2	137.67	-2	140.94
63	Apriori	Id(Bk)Syl1>>Id(Bk)	2	88																																																																																																																																																			
64	Iuo	iuo	2	90	2	90							-2	220.35000000000002	2	186.0	2	204.0	2	199.87	2	221.96																																																											-2	140.88	-2	135.09	-2	138.11																																																																
65	EaI	eai	2	92	2	92					-2	202.69	-2	218.35000000000002	2	188.0	2	206.0	2	201.87	2	223.96																																													-2	141.57	-2	143.57													-2	133.09	-2	136.11																																																													-2	135.67	-2	138.94
68	eye	eue			2	94			2	199.51999999999998	2	204.69	2	220.35000000000002							-2	221.96																																													-2	139.57	-2	141.57													-2	131.09	-2	134.11																																																									-2	138.2	-2	140.35	-2	133.67	-2	136.94
68	Apriori	Id(Bk)Syl1>>Id(Bk)	2	94																																																																																																																																																			
70	Oei	oei	2	96	2	96	2	171.88	2	201.51999999999998	2	206.69	2	222.35000000000002					-2	199.87	-2	219.96																																																																																																									-2	138.11	-2	138.81	-2	139.79	-2	138.96									-2	136.2	-2	138.35	-2	131.67	-2	134.94
71	Iou	iOy	2	98	2	98	-2	169.88	-2	199.51999999999998	-2	204.69	-2	220.35000000000002	2	190.0	2	208.0	2	201.87	2	221.96																																																																																																																																
72	EoE	eOe	2	100	2	100	-2	167.88	-2	197.51999999999998	-2	202.69	-2	218.35000000000002			2	210.0	2	203.87	2	223.96																																																																																																																																
74	iAO	iao			2	102	2	169.88	2	199.51999999999998	2	204.69	2	220.35000000000002					-2	201.87	-2	221.96																																																											-2	138.88	-2	129.09	-2	132.11																																																																
74	Apriori	Id(Bk)Syl1>>Id(Bk)	2	102																																																																																																																																																			
75	ieO	ieo			2	104	2	171.88	2	201.51999999999998	2	206.69	2	222.35000000000002					-2	199.87	-2	219.96																																									-2	145.98	-2	142.83	-2	137.57	-2	139.57									-2	143.67	-2	136.88	-2	127.09	-2	130.11																																																																
75	Apriori	Id(Bk)Syl1>>Id(Bk)	2	104																																																																																																																																																			
76	EIo	eio	2	106	2	106					-2	204.69	-2	220.35000000000002	2	192.0	2	212.0	2	201.87	2	221.96																																											-2	140.83			-2	137.57									-2	141.67	-2	134.88	-2	125.09	-2	128.11																																																																
80	Ay	au	2	108	2	108			2	203.51999999999998	2	206.69	2	222.35000000000002							-2	219.96																																																																																																																																
81	Iu	iu	2	110	2	110							-2	220.35000000000002	2	194.0	2	214.0	2	203.87	2	221.96																																																													-2	123.09	-2	126.11000000000001																																																																
83	AOy	aou	2	112	2	112	2	173.88	2	205.51999999999998	2	208.69	2	222.35000000000002					-2	201.87	-2	219.96																																																																																																																																
84	yye	uue	2	114	2	114			2	207.51999999999998	2	210.69	2	224.35000000000002							-2	217.96																																																																																																																									-2	134.2	-2	136.35	-2	129.67	-2	132.94
85	Iao	iAO	2	116	2	116	-2	171.88	-2	205.51999999999998	-2	208.69	-2	222.35000000000002	2	196.0	2	216.0	2	203.87	2	219.96																																																																																																																																
87	oo	OO	2	118	2	118	-2	169.88	-2	203.51999999999998	-2	206.69	-2	220.35000000000002					2	205.87	2	221.96																																																																																																																																
88	iiO	iio			2	120	2	171.88	2	205.51999999999998	2	208.69	2	222.35000000000002					-2	203.87	-2	219.96																																																									-2	139.67	-2	132.88	-2	121.09	-2	124.11000000000001																																																																
88	Apriori	Id(Bk)Syl1>>Id(Bk)	2	120																																																																																																																																																			
89	aEI	aei			2	122					-2	206.69	-2	220.35000000000002	2	198.0	2	218.0	2	205.87	2	221.96																																																																																																																									-2	132.2	-2	134.35	-2	127.66999999999999	-2	130.94
89	Apriori	Id(Bk)Syl1>>Id(Bk)	2	122																																																																																																																																																			
90	Iau	iAy	2	124	2	124			-2	203.51999999999998	-2	204.69	-2	218.35000000000002	2	200.0	2	220.0	2	207.87	2	223.96																																																																																																																																
92	Oyy	ouu	2	126	2	126	2	173.88	2	205.51999999999998	2	206.69	2	220.35000000000002					-2	205.87	-2	221.96																																																																																																																																
95	AyA	aua	2	128	2	128			2	207.51999999999998	2	208.69	2	222.35000000000002							-2	219.96																																																																																																																																
96	Ea	ea	2	130	2	130					-2	206.69	-2	220.35000000000002			2	222.0	2	207.87	2	221.96																																													-2	135.57	-2	135.57													-2	119.09	-2	122.11000000000001																																																																
97	AyO	auo	2	132	2	132	2	175.88	2	209.51999999999998	2	208.69	2	222.35000000000002					-2	205.87	-2	219.96																																																																																																																																
99	IEa	iea	2	134	2	134					-2	206.69	-2	220.35000000000002	2	202.0	2	224.0	2	207.87	2	221.96																																													-2	133.57	-2	133.57													-2	117.09	-2	120.11000000000001																																																																
101	eiA	eia			2	136			2	211.51999999999998	2	208.69	2	222.35000000000002							-2	219.96																																															-2	131.57													-2	115.09	-2	118.11000000000001																																																																
101	Apriori	Id(Bk)Syl1>>Id(Bk)	2	136																																																																																																																																																			
102	aue	Aye	2	138	2	138			-2	209.51999999999998	-2	206.69	-2	220.35000000000002							2	221.96																																																																																																																									2	134.2	2	136.35	2	129.67	2	132.94
103	iey	ieu			2	140			2	211.51999999999998	2	208.69	2	222.35000000000002							-2	219.96																																													-2	131.57	-2	129.57													-2	113.09	-2	116.11000000000001																																																																
103	Apriori	Id(Bk)Syl1>>Id(Bk)	2	140																																																																																																																																																			
104	auo	AyO	2	142	2	142	-2	173.88	-2	209.51999999999998	-2	206.69	-2	220.35000000000002					2	209.87	2	221.96																																																																																																																																
105	ueu	yey	2	144	2	144			-2	207.51999999999998	-2	204.69	-2	218.35000000000002							2	223.96																																													2	133.57	2	131.57													2	115.09	2	118.11000000000001																																																									2	136.2	2	138.35	2	131.67	2	134.94
110	OOe	ooe	2	146	2	146	2	175.88	2	209.51999999999998	2	206.69	2	220.35000000000002					-2	207.87	-2	221.96																																																																																																									-2	136.11	-2	136.81	-2	137.79	-2	136.96									-2	134.2	-2	136.35	-2	129.67	-2	132.94
111	Ai	ai	2	148	2	148			2	211.51999999999998	2	208.69	2	222.35000000000002							-2	219.96																																																																																																																													-2	127.66999999999999	-2	130.94
112	uau	yAy	2	150	2	150			-2	209.51999999999998	-2	206.69	-2	220.35000000000002							2	221.96																																																																																																																																
113	aea	AeA	2	152	2	152			-2	207.51999999999998	-2	204.69	-2	218.35000000000002							2	223.96																																													2	135.57	2	133.57													2	117.09	2	120.11000000000001																																																									2	136.2	2	138.35	2	129.67	2	132.94
116	Aie	aie	2	154	2	154			2	209.51999999999998	2	206.69	2	220.35000000000002							-2	221.96																																																																																																																											-2	136.35	-2	127.66999999999999	-2	130.94
118	Ayy	auu	2	156	2	156			2	211.51999999999998	2	208.69	2	222.35000000000002							-2	219.96																																																																																																																																
119	ioo	iOO			2	158	-2	173.88	-2	209.51999999999998	-2	206.69	-2	220.35000000000002					2	209.87	2	221.96																																																									2	141.67	2	134.88	2	119.09	2	122.11000000000001																																																																
119	Apriori	Id(Bk)Syl1>>Id(Bk)	2	158																																																																																																																																																			
121	AOA	aoa	2	160	2	160	2	175.88	2	211.51999999999998	2	208.69	2	222.35000000000002					-2	207.87	-2	219.96																																																																																																																																
122	oEo	OeO	2	162	2	162	-2	173.88	-2	209.51999999999998	-2	206.69	-2	220.35000000000002			2	226.0	2	209.87	2	221.96																																																																																																																																
126	OA	oa	2	164	2	164	2	175.88	2	211.51999999999998	2	208.69	2	222.35000000000002					-2	207.87	-2	219.96																																																																																																																																
127	iue	iye			2	166			-2	209.51999999999998	-2	206.69	-2	220.35000000000002							2	221.96																																																													2	121.09	2	124.11000000000001																																																									2	138.2	2	138.35	2	129.67	2	132.94
127	Apriori	Id(Bk)Syl1>>Id(Bk)	2	166																																																																																																																																																			
132	Ay	au	2	168	2	168			2	211.51999999999998	2	208.69	2	222.35000000000002							-2	219.96																																																																																																																																
133	aia	AiA	2	170	2	170			-2	209.51999999999998	-2	206.69	-2	220.35000000000002							2	221.96																																																													2	123.09	2	126.11000000000001																																																													2	131.67	2	134.94
134	Eoa	eOA	2	172	2	172	-2	173.88	-2	207.51999999999998	-2	204.69	-2	218.35000000000002			2	228.0	2	209.87	2	223.96																																																																																																																																
135	yi	ui	2	174	2	174			2	209.51999999999998	2	206.69	2	220.35000000000002							-2	221.96																																																																																																																													-2	129.67	-2	132.94
137	iAy	iau			2	176			2	211.51999999999998	2	208.69	2	222.35000000000002							-2	219.96																																																													-2	121.09	-2	124.11000000000001																																																																
137	Apriori	Id(Bk)Syl1>>Id(Bk)	2	176																																																																																																																																																			
139	iOA	ioa			2	178	2	175.88	2	213.51999999999998	2	210.69	2	224.35000000000002					-2	207.87	-2	217.96																																																									-2	139.67	-2	132.88	-2	119.09	-2	122.11000000000001																																																																
139	Apriori	Id(Bk)Syl1>>Id(Bk)	2	178																																																																																																																																																			
140	ao	AO	2	180	2	180	-2	173.88	-2	211.51999999999998	-2	208.69	-2	222.35000000000002					2	209.87	2	219.96																																																																																																																																
141	eu	ey			2	182			-2	209.51999999999998	-2	206.69	-2	220.35000000000002							2	221.96																																													2	137.57	2	135.57													2	121.09	2	124.11000000000001																																																																
141	Apriori	Id(Bk)Syl1>>Id(Bk)	2	182																																																																																																																																																			
148	iyO	iuo			2	184	2	175.88	2	211.51999999999998	2	208.69	2	222.35000000000002					-2	207.87	-2	219.96																																																											-2	130.88	-2	119.09	-2	122.11000000000001																																																																
148	Apriori	Id(Bk)Syl1>>Id(Bk)	2	184																																																																																																																																																			
149	uoe	yOe	2	186	2	186	-2	173.88	-2	209.51999999999998	-2	206.69	-2	220.35000000000002					2	209.87	2	221.96																																																																																																									2	138.11	2	138.81	2	139.79	2	138.96									2	140.2	2	140.35	2	131.67	2	134.94
151	ue	ye	2	188	2	188			-2	207.51999999999998	-2	204.69	-2	218.35000000000002							2	223.96																																																																																																																									2	142.2	2	142.35	2	133.67	2	136.94
155	yOi	uoi	2	190	2	190	2	175.88	2	209.51999999999998	2	206.69	2	220.35000000000002					-2	207.87	-2	221.96																																																																																																													-2	137.79	-2	136.96													-2	131.67	-2	134.94
156	AeO	aeo	2	192	2	192	2	177.88	2	211.51999999999998	2	208.69	2	222.35000000000002					-2	205.87	-2	219.96																																									-2	143.98	-2	138.83	-2	135.57	-2	133.57									-2	137.67	-2	128.88	-2	117.09	-2	120.11000000000001																																																									-2	140.2	-2	140.35	-2	129.67	-2	132.94
159	aoa	AOA	2	194	2	194	-2	175.88	-2	209.51999999999998	-2	206.69	-2	220.35000000000002					2	207.87	2	221.96																																																																																																																																
160	ieA	iea			2	196			2	211.51999999999998	2	208.69	2	222.35000000000002							-2	219.96																																													-2	133.57	-2	131.57													-2	115.09	-2	118.11000000000001																																																																
160	Apriori	Id(Bk)Syl1>>Id(Bk)	2	196																																																																																																																																																			
161	aee	Aee	2	198	2	198			-2	209.51999999999998	-2	206.69	-2	220.35000000000002							2	221.96																																																																																																																									2	142.2	2	142.35	2	131.67	2	134.94
162	AyO	auo	2	200	2	200	2	177.88	2	211.51999999999998	2	208.69	2	222.35000000000002					-2	205.87	-2	219.96																																																																																																																																
163	uie	yie	2	202	2	202			-2	209.51999999999998	-2	206.69	-2	220.35000000000002							2	221.96																																																																																																																											2	144.35	2	133.67	2	136.94
164	eeO	eeo			2	204	2	179.88	2	211.51999999999998	2	208.69	2	222.35000000000002					-2	203.87	-2	219.96																																									-2	141.98	-2	136.83	-2	131.57	-2	129.57									-2	135.67	-2	126.88	-2	113.09	-2	116.11000000000001																																																																
164	Apriori	Id(Bk)Syl1>>Id(Bk)	2	204																																																																																																																																																			
165	oua	OyA	2	206	2	206	-2	177.88	-2	209.51999999999998	-2	206.69	-2	220.35000000000002					2	205.87	2	221.96																																																																																																																																
166	oeo	OeO	2	208	2	208	-2	175.88	-2	207.51999999999998	-2	204.69	-2	218.35000000000002					2	207.87	2	223.96																																									2	143.98	2	138.83	2	133.57	2	131.57									2	137.67	2	128.88	2	115.09	2	118.11000000000001																																									2	140.11	2	140.81	2	139.79	2	138.96									2	144.2	2	146.35	2	135.67	2	138.94
168	yO	uo	2	210	2	210	2	177.88	2	209.51999999999998	2	206.69	2	220.35000000000002					-2	205.87	-2	221.96																																																																																																																																
170	uie	yie	2	212	2	212			-2	207.51999999999998	-2	204.69	-2	218.35000000000002							2	223.96																																																																																																																											2	148.35	2	137.67	2	140.94
174	ieO	ieo			2	214	2	179.88	2	209.51999999999998	2	206.69	2	220.35000000000002					-2	203.87	-2	221.96																																									-2	141.98	-2	136.83	-2	131.57	-2	129.57									-2	135.67	-2	126.88	-2	113.09	-2	116.11000000000001																																																																
174	Apriori	Id(Bk)Syl1>>Id(Bk)	2	214																																																																																																																																																			
179	Aee	aee	2	216	2	216			2	211.51999999999998	2	208.69	2	222.35000000000002							-2	219.96																																																																																																																									-2	142.2	-2	146.35	-2	135.67	-2	138.94
181	oo	OO	2	218	2	218	-2	177.88	-2	209.51999999999998	-2	206.69	-2	220.35000000000002					2	205.87	2	221.96																																																																																																																																
183	eA	ea			2	220			2	211.51999999999998	2	208.69	2	222.35000000000002							-2	219.96																																													-2	129.57	-2	127.57													-2	111.09	-2	114.11000000000001																																																																
183	Apriori	Id(Bk)Syl1>>Id(Bk)	2	220																																																																																																																																																			
184	aia	AiA	2	222	2	222			-2	209.51999999999998	-2	206.69	-2	220.35000000000002							2	221.96																																																													2	113.09	2	116.11000000000001																																																													2	137.67	2	140.94
186	oOA	ooa			2	224	2	179.88	2	211.51999999999998	2	208.69	2	222.35000000000002					-2	203.87	-2	219.96																																																																																																	2	152.0	2	152.0	2	152.0	2	152.0	2	142.11	2	142.81	2	141.79	2	140.96	2	152.0	2	152.0	2	152.0	2	152.0	2	144.2	2	148.35	2	139.67	2	142.94
186	Apriori	Id(Bk)Syl1>>Id(Bk)	2	224																																																																																																																																																			
188	Oou	OOy			2	226	-2	177.88	-2	209.51999999999998	-2	206.69	-2	220.35000000000002					2	205.87	2	221.96									2	152.0	2	152.0	2	152.0	2	152.0									2	152.0	2	152.0	2	152.0	2	152.0									2	143.98	2	138.83	2	131.57	2	129.57									2	137.67	2	128.88	2	115.09	2	118.11000000000001																																																																
188	Apriori	Id(Bk)Syl1>>Id(Bk)	2	226																																																																																																																																																			
190	uoi	yOi	2	228	2	228	-2	175.88	-2	207.51999999999998	-2	204.69	-2	218.35000000000002					2	207.87	2	223.96																																																																																																													2	143.79	2	142.96													2	141.67	2	144.94
198	uyy	uuu			2	230			2	209.51999999999998	2	206.69	2	220.35000000000002							-2	221.96																																																																																																																					2	154.0	2	154.0	2	146.2	2	150.35	2	143.67	2	146.94
198	Apriori	Id(Bk)Syl1>>Id(Bk)	2	230																																																																																																																																																			
1275	iO	io			2	232	2	177.88	2	211.51999999999998	2	208.69	2	222.35000000000002					-2	205.87	-2	219.96																																																									-2	135.67	-2	126.88	-2	113.09	-2	116.11000000000001																																																																
1275	Apriori	Id(Bk)Syl1>>Id(Bk)	2	232																																																																																																																																																			
5420	eao	eAO			0.2	232.2	-0.2	177.68	-0.2	211.32	-0.2	208.49	-0.2	222.15000000000003					0.2	206.07	0.2	220.16																																											0.2	139.03	0.2	131.76999999999998	0.2	129.76999999999998											0.2	127.08	0.2	113.29	0.2	116.31000000000002																																																																
5420	Apriori	Id(Bk)Syl1>>Id(Bk)	0.19999999999998863	232.2																																																																																																																																																			
TOTAL				232.2		232.2		177.68		211.32		208.49		222.15000000000003		202.0		228.0		206.07		220.16		150.0		150.0		150.0		150.0		152.0		152.0		152.0		152.0		150.0		150.0		150.0		150.0		152.0		152.0		152.0		152.0		150.0		150.0		150.0		150.0		143.98		139.03		131.76999999999998		129.76999999999998		150.0		150.0		150.0		150.0		135.67		127.08		113.29		116.31000000000002		150.0		150.0		150.0		150.0		150.0		150.0		150.0		150.0		150.0		150.0		150.0		150.0		150.0		150.0		150.0		150.0		152.0		152.0		152.0		152.0		142.11		142.81		143.79		142.96		152.0		152.0		154.0		154.0		146.2		150.35		143.67		146.94
