trialnum	Generated	Heard	Id(Bk)Syl1	now	Id(Bk)	now	*F1	now	*F3	now	*F4	now	*F5	now	*B1	now	*B2	now	*B3	now	*B5	now	*F1_B1	now	*F1..._B1	now	*F1_B2	now	*F1..._B2	now	*F1_B3	now	*F1..._B3	now	*F1_B5	now	*F1..._B5	now	*F3_B1	now	*F3..._B1	now	*F3_B2	now	*F3..._B2	now	*F3_B3	now	*F3..._B3	now	*F3_B5	now	*F3..._B5	now	*F4_B1	now	*F4..._B1	now	*F4_B2	now	*F4..._B2	now	*F4_B3	now	*F4..._B3	now	*F4_B5	now	*F4..._B5	now	*F5_B1	now	*F5..._B1	now	*F5_B2	now	*F5..._B2	now	*F5_B3	now	*F5..._B3	now	*F5_B5	now	*F5..._B5	now	*_B1F1	now	*_B1...F1	now	*_B1F3	now	*_B1...F3	now	*_B1F4	now	*_B1...F4	now	*_B1F5	now	*_B1...F5	now	*_B2F1	now	*_B2...F1	now	*_B2F3	now	*_B2...F3	now	*_B2F4	now	*_B2...F4	now	*_B2F5	now	*_B2...F5	now	*_B3F1	now	*_B3...F1	now	*_B3F3	now	*_B3...F3	now	*_B3F4	now	*_B3...F4	now	*_B3F5	now	*_B3...F5	now	*_B5F1	now	*_B5...F1	now	*_B5F3	now	*_B5...F3	now	*_B5F4	now	*_B5...F4	now	*_B5F5	now	*_B5...F5	now
				0		0		100		100		100		100		100		100		100		100		100		100		100		100		100		100		100		100		100		100		100		100		100		100		100		100		100		100		100		100		100		100		100		100		100		100		100		100		100		100		100		100		100		100		100		100		100		100		100		100		100		100		100		100		100		100		100		100		100		100		100		100		100		100		100		100		100		100		100		100		100		100		100		100
0	Apriori	Id(Bk)Syl1>>Id(Bk)	20	20																																																																																																																																																		
1	oEa	OeA	2	22	2	2	-2	98	-2	98	-2	98	-2	98			2	102	2	102	2	102																																																																																																																																
5	yeO	ueo	2	24	2	4	2	100	2	100	2	100	2	100					-2	100	-2	100																																									-2	98	-2	98	-2	98	-2	98									-2	98	-2	98	-2	98	-2	98																																																									-2	98	-2	98	-2	98	-2	98
7	uI	ui			2	6							0	100	2	102	2	104	2	102	2	102																																																																																																																													0	98	0	98
7	Apriori	Id(Bk)Syl1>>Id(Bk)	2	26																																																																																																																																																			
8	OyA	oua	2	28	2	8	2	102	2	102	2	102	2	102					-2	100	-2	100																																																																																																																																
9	uIu	yiy	2	30	2	10			0	102	0	102	0	102	2	104	2	106	2	102	2	102																																																																																																																																
11	uEa	uea			2	12					0	102	0	102			2	108	2	104	2	104																																													0	98	0	98													0	98	0	98																																																									0	98	0	98	0	98	0	98
11	Apriori	Id(Bk)Syl1>>Id(Bk)	2	32																																																																																																																																																			
18	uai	yAi	2	34	2	14			0	102	0	102	0	102							2	106																																																																																																																													2	100	2	100
19	yOO	uoo	2	36	2	16	2	104	2	104	2	104	2	104					-2	102	-2	104																																																																																																																																
20	yoo	uoo	2	38	2	18			2	106	2	106	2	106							-2	102																									2	102	2	102	2	102	2	102									2	100	2	100	2	100	2	100									2	100	2	100	2	100	2	100																																																																
22	uou	yOy	2	40	2	20	-2	102	-2	104	-2	104	-2	104					2	104	2	104																																																																																																																																
23	aiy	Aiy	2	42	2	22			-2	102	-2	102	-2	102							2	106																																																																																																																							2	102			2	100	2	102	2	102
28	OOe	ooe	2	44	2	24	2	104	2	104	2	104	2	104					-2	102	-2	104																																																																																																									0	100	0	100	0	100	0	100									0	98	0	100	-2	100	-2	100
29	ooa	OOA	2	46	2	26	-2	102	-2	102	-2	102	-2	102					2	104	2	106																																																																																																																																
30	aiu	Aiy	2	48	2	28			0	102	0	102	0	102							2	108																																																													2	102	2	102																																																													2	102	2	102
32	AiA	aia	2	50	2	30			2	104	2	104	2	104							-2	106																																																													-2	100	-2	100																																																													-2	100	-2	100
36	aaa	AAA	2	52	2	32			0	104	0	104	0	104							2	108																																																																																																																																
39	Oii	oii	2	54	2	34	2	104	2	106	2	106	2	106					-2	102	-2	106																																																																																																													0	100	0	100													0	100	0	100
42	aio	AiO	2	56	2	36	0	104	-2	104	-2	104	-2	104					2	104	2	108																																																									2	102	2	102	2	102	2	102																																																													2	102	2	102
43	Oe	oe	2	58	2	38	2	106	2	106	2	106	2	106					-2	102	-2	106																																																																																																									0	100	0	100	0	100	0	100									0	98	0	100	0	102	0	102
44	uii	yii	2	60	2	40			-2	104	-2	104	-2	104							2	108																																																																																																																													2	104	2	104
47	yiy	uiu	2	62	2	42			2	106	2	106	2	106							-2	106																																																													0	102	0	102																																																													-2	102	-2	102
49	ueu	yey	2	64	2	44			-2	104	-2	104	-2	104							2	108																																													2	102	2	102													2	104	2	104																																																									2	100	2	102	2	104	2	104
50	OOe	ooe	2	66	2	46	2	108	2	106	2	106	2	106					0	102	-2	106																																																																																																									0	100	0	100	0	100	0	100									0	100	0	102	0	104	0	104
52	ooI	OOi	2	68	2	48	-2	106	0	106	0	106	0	106	2	106	2	110	2	104	2	108																																																																																																																																
53	yAi	uai	2	70	2	50			2	108	2	108	2	108							-2	106																																																																																																																													0	104	0	104
54	aau	AAy	2	72	2	52			-2	106	-2	106	-2	106							2	108																																																																																																																																
55	Ai	ai	2	74	2	54			2	108	2	108	2	108							-2	106																																																																																																																													0	104	0	104
56	oIu	oiu			2	56							0	108	2	108	2	112	2	106	2	108																																																													0	104	0	104																																													0	100	0	100													0	104	0	104
56	Apriori	Id(Bk)Syl1>>Id(Bk)	2	76																																																																																																																																																			
57	OuO	ouo	2	78	2	58	2	108	2	110	2	110	2	110					0	106	-2	106													2	102	2	102													2	104	2	104													2	104	2	104													2	106	2	106																																																	2	102	2	102	2	102	2	104	2	102	2	104	2	106	2	106
58	ai	Ai	2	80	2	60			-2	108	-2	108	-2	108							2	108																																																																																																																													2	108	2	108
60	aEa	AeA	2	82	2	62			0	108	0	108	0	108			2	114	2	108	2	110																																																																																																																																
61	yii	uii	2	84	2	64			2	110	2	110	2	110							-2	108																																																																																																																													-2	106	-2	106
64	uua	yyA	2	86	2	66			-2	108	-2	108	-2	108							2	110																																																																																																																																
65	Oiy	oiu	2	88	2	68	2	110	2	110	2	110	2	110					-2	106	-2	108																																																													0	106	0	106																																													0	100	0	100													0	106	0	106
67	uou	yOy	2	90	2	70	-2	108	-2	108	-2	108	-2	108					2	108	2	110																																																																																																																																
68	Ayy	auu	2	92	2	72			2	110	2	110	2	110							-2	108																																																																																																																																
70	aou	AOy	2	94	2	74	-2	106	-2	108	-2	108	-2	108					2	110	2	110																																																																																																																																
71	Oi	oi	2	96	2	76	2	108	2	110	2	110	2	110					-2	108	-2	108																																																																																																													0	100	0	100													0	106	0	106
72	oEo	oeo			2	78					0	110	0	110			2	116	2	110	2	110																																									0	100	0	100	0	104	0	104									0	102	0	102	0	106	0	106																																									0	100	0	100	0	100	0	100									0	102	0	104	0	106	0	106
72	Apriori	Id(Bk)Syl1>>Id(Bk)	2	98																																																																																																																																																			
75	yAi	uai	2	100	2	80			2	112	2	112	2	112							-2	108																																																																																																																													0	106	0	106
82	uiu	yiy	2	102	2	82			-2	110	-2	110	-2	110							2	110																																																													2	108	2	108																																																													2	108	2	108
83	AeO	aeo	2	104	2	84	2	110	2	112	2	112	2	112					-2	108	-2	108																																									0	100	0	100	0	104	0	104									0	102	0	102	0	108	0	108																																																									0	102	0	104	0	108	0	108
84	ue	ye	2	106	2	86			-2	110	-2	110	-2	110							2	110																																																																																																																									2	104	2	106	2	110	2	110
87	ooa	OOA	2	108	2	88	-2	108	-2	108	-2	108	-2	108					2	110	2	112																																																																																																																																
91	yOi	uoi	2	110	2	90	2	110	2	110	2	110	2	110					-2	108	-2	110																																																																																																													0	100	0	100													-2	108	-2	108
96	aae	AAe	2	112	2	92			-2	108	-2	108	-2	108							2	112																																																																																																																									2	106	2	108	2	110	2	110
106	Aou	AOy			2	94	0	110	0	108	0	108	0	108					2	110	2	114																									2	104	2	104	2	106	2	106									2	102	2	102	2	106	2	106									2	104	2	104	2	110	2	110																																																																
106	Apriori	Id(Bk)Syl1>>Id(Bk)	2	114																																																																																																																																																			
109	ayi	aui			2	96			2	110	2	110	2	110							-2	112																																																																																																																					2	104	2	106	2	108	2	110			-2	108
109	Apriori	Id(Bk)Syl1>>Id(Bk)	2	116																																																																																																																																																			
112	aAi	aai			2	98			2	112	2	112	2	112							-2	110																																																																																																																					2	106	2	108	2	110	2	112			0	108
112	Apriori	Id(Bk)Syl1>>Id(Bk)	2	118																																																																																																																																																			
113	oiE	oie			2	100					0	112	0	112			2	118	2	112	2	112																																																					2	102	2	102	2	106	2	106	2	112	2	112																																											0	100															0	112				
113	Apriori	Id(Bk)Syl1>>Id(Bk)	2	120																																																																																																																																																			
117	Ooo	OOO			2	102	0	110	-2	110	-2	110	-2	110					2	114	2	114									2	102	2	102	2	104	2	104									2	106	2	106	2	108	2	108									2	104	2	104	2	108	2	108									2	108	2	108	2	114	2	114																																																																
117	Apriori	Id(Bk)Syl1>>Id(Bk)	2	122																																																																																																																																																			
129	ayA	aua			2	104			2	112	2	112	2	112							-2	112																																																																																																																					2	108	2	110	2	112	2	114	2	112	2	110
129	Apriori	Id(Bk)Syl1>>Id(Bk)	2	124																																																																																																																																																			
130	aeO	aeo			2	106	2	112	2	114	2	114	2	114					-2	112	-2	110																																									0	104	0	104	0	108	0	108									0	108	0	108	-2	112	-2	112																																																			2	104			2	112								
130	Apriori	Id(Bk)Syl1>>Id(Bk)	2	126																																																																																																																																																			
135	yoE	yOe			2	108	0	112	0	114	0	114	0	114			2	120	2	114	2	112																							2	102	2	108	2	108	2	110	2	110							2	102	2	106	2	106	2	110	2	110							2	104	2	110	2	110	2	114	2	114																																																																
135	Apriori	Id(Bk)Syl1>>Id(Bk)	2	128																																																																																																																																																			
136	oO	oo			2	110	2	114	2	116	2	116	2	116					-2	112	0	112																																																																																																	2	102	2	102	2	102	2	102	2	102	2	102	2	102	2	102	2	104	2	106	2	110	2	114	2	114	2	116	2	114	2	112
136	Apriori	Id(Bk)Syl1>>Id(Bk)	2	130																																																																																																																																																			
138	Ooe	OOe			2	112	0	114	-2	114	-2	114	-2	114					2	114	2	114									2	104	2	104	2	106	2	106									2	110	2	110	2	112	2	112									2	108	2	108	2	112	2	112									2	112	2	112	2	116	2	116																																									2	104	2	104	2	104	2	104									2	116	2	118	2	116	2	114
138	Apriori	Id(Bk)Syl1>>Id(Bk)	2	132																																																																																																																																																			
144	oEE	oee			2	114					0	114	0	114			2	122	2	116	2	116																																																																																																									0	104	0	104	0	104	0	104									0	116	0	118	0	116	0	114
144	Apriori	Id(Bk)Syl1>>Id(Bk)	2	134																																																																																																																																																			
147	Oea	OeA			2	116			0	114	0	114	0	114							2	118															2	108															2	114													2	114	2	114													2	118	2	118																																																																
147	Apriori	Id(Bk)Syl1>>Id(Bk)	2	136																																																																																																																																																			
152	oAi	oai			2	118			2	116	2	116	2	116							-2	116																																																																																																					2	104	2	104	2	106	2	106	2	106							2	112	2	116	2	118	2	120			0	114
152	Apriori	Id(Bk)Syl1>>Id(Bk)	2	138																																																																																																																																																			
160	Auo	AyO			2	120	0	114	0	116	0	116	0	116					2	118	2	118																											2	112	2	114	2	116											2	110	2	116	2	116											2	114	2	120	2	120																																																																
160	Apriori	Id(Bk)Syl1>>Id(Bk)	2	140																																																																																																																																																			
163	uOA	uoa			2	122	2	116	2	118	2	118	2	118					0	118	0	118																																																																																																																	2	106	2	108	2	114	2	118	2	120	2	122	2	118	2	116
163	Apriori	Id(Bk)Syl1>>Id(Bk)	2	142																																																																																																																																																			
164	auE	aue			2	124					0	118	0	118			2	124	2	120	2	120																																																																																																																									0	120	-2	120	0	118	0	116
164	Apriori	Id(Bk)Syl1>>Id(Bk)	2	144																																																																																																																																																			
177	Aoe	AOe			2	126	0	116	0	118	0	118	0	118					2	122	2	122																									2	112	2	114	2	116	2	118									2	110	2	112	2	118	2	118									2	114	2	116	2	122	2	122																																									2	108	2	108	2	108	2	106									2	122	2	122	2	120	2	118
177	Apriori	Id(Bk)Syl1>>Id(Bk)	2	146																																																																																																																																																			
181	oO	oo			2	128	2	118	2	120	2	120	2	120					0	122	0	122																																																																																																	2	104	2	104	2	106	2	106	2	110	2	110	2	110	2	108	2	108	2	110	2	116	2	120	2	124	2	124	2	122	2	120
181	Apriori	Id(Bk)Syl1>>Id(Bk)	2	148																																																																																																																																																			
227	uEo	ueo			2	130					0	120	0	120			2	126	2	124	2	124																																									0	110	0	112	0	118	0	118									0	114	0	116	0	122	0	122																																																									0	124	0	124	0	122	0	120
227	Apriori	Id(Bk)Syl1>>Id(Bk)	2	150																																																																																																																																																			
338	oAO	oao			2	132	2	120	2	122	2	122	2	122					0	124	0	124																																																																																																			2	106	2	108	2	108	2	112	2	112	2	112	2	110			2	112	2	118	2	122	2	126	2	126	2	124	2	122
338	Apriori	Id(Bk)Syl1>>Id(Bk)	2	152																																																																																																																																																			
418	oEi	oei			2	134					0	122	0	122			2	128	2	126	2	126																																																																																													2	102	2	102									0	112	0	112			2	112									0	126	0	126			2	124
418	Apriori	Id(Bk)Syl1>>Id(Bk)	2	154																																																																																																																																																			
1003	oeA	oea			0.2	134.2			0.2	122.2	0.2	122.2	0.2	122.2							0	126																																													0	118	0	118													0	122	0	122																																							0.2	108.2															0.2	122.2								
1003	Apriori	Id(Bk)Syl1>>Id(Bk)	0.19999999999998863	154.2																																																																																																																																																			
1728	uOe	uoe			0.2	134.39999999999998	0.2	120.2	0.2	122.4	0.2	122.4	0.2	122.4					0	126	0	126																																																																																																									0	112	0	112	0	112	0	112	0.2	108.2	0.2	112.2	0.2	118.2	0.2	122.4			0	126			0	124
1728	Apriori	Id(Bk)Syl1>>Id(Bk)	0.19999999999998863	154.39999999999998																																																																																																																																																			
1910	aeO	aeo			0.2	134.59999999999997	0.2	120.4	0.2	122.60000000000001	0.2	122.60000000000001	0.2	122.60000000000001					0	126	0	126																																									0	110	0	112	0	118	0	118									0	114	0	116	0	122	0	122																																																			0.2	112.4			0.2	122.60000000000001								
1910	Apriori	Id(Bk)Syl1>>Id(Bk)	0.19999999999998863	154.59999999999997																																																																																																																																																			
2029	oO	oo			0.02	134.61999999999998	0.02	120.42	0.02	122.62	0.02	122.62	0.02	122.62					0	126	0	126																																																																																																	0.02	104.02	0.02	106.02	0.02	108.02	0.02	108.22	0.02	112.02	0.02	112.02	0.02	112.02	0.02	112.02	0.02	108.22	0.02	112.42	0.02	118.22	0.02	122.62	0.02	126.02	0.02	126.02	0.02	124.02	0.02	124.02
2029	Apriori	Id(Bk)Syl1>>Id(Bk)	0.020000000000010232	154.61999999999998																																																																																																																																																			
2746	uye	uue			0.02	134.64			0.02	122.64	0.02	122.64	0.02	122.64							0	126																																																																																																																					0.02	118.24	0.02	122.64			0	126.02			0	124.02
2746	Apriori	Id(Bk)Syl1>>Id(Bk)	0.020000000000010232	154.64																																																																																																																																																			
TOTAL				154.64		134.64		120.42		122.64		122.64		122.64		108		128		126		126		100		100		100		100		104		104		106		108		100		100		100		102		112		114		116		118		100		100		100		102		110		112		118		118		100		100		102		104		114		116		122		122		100		100		100		100		100		100		100		100		100		100		100		100		100		100		102		102		104.02		106.02		108.02		108.22		112.02		112.02		112.02		112.02		108.22		112.42		118.24		122.64		126.02		126.02		124.02		124.02
