trialnum	Generated	Heard	Id(Bk)Syl1	now	Id(Bk)	now	*F1	now	*F3	now	*F4	now	*F5	now	*B1	now	*B2	now	*B3	now	*B5	now	*F1_B1	now	*F1..._B1	now	*F1_B2	now	*F1..._B2	now	*F1_B3	now	*F1..._B3	now	*F1_B5	now	*F1..._B5	now	*F3_B1	now	*F3..._B1	now	*F3_B2	now	*F3..._B2	now	*F3_B3	now	*F3..._B3	now	*F3_B5	now	*F3..._B5	now	*F4_B1	now	*F4..._B1	now	*F4_B2	now	*F4..._B2	now	*F4_B3	now	*F4..._B3	now	*F4_B5	now	*F4..._B5	now	*F5_B1	now	*F5..._B1	now	*F5_B2	now	*F5..._B2	now	*F5_B3	now	*F5..._B3	now	*F5_B5	now	*F5..._B5	now	*_B1F1	now	*_B1...F1	now	*_B1F3	now	*_B1...F3	now	*_B1F4	now	*_B1...F4	now	*_B1F5	now	*_B1...F5	now	*_B2F1	now	*_B2...F1	now	*_B2F3	now	*_B2...F3	now	*_B2F4	now	*_B2...F4	now	*_B2F5	now	*_B2...F5	now	*_B3F1	now	*_B3...F1	now	*_B3F3	now	*_B3...F3	now	*_B3F4	now	*_B3...F4	now	*_B3F5	now	*_B3...F5	now	*_B5F1	now	*_B5...F1	now	*_B5F3	now	*_B5...F3	now	*_B5F4	now	*_B5...F4	now	*_B5F5	now	*_B5...F5	now
				0		0		100		100		100		100		100		100		100		100		100		100		100		100		100		100		100		100		100		100		100		100		100		100		100		100		100		100		100		100		100		100		100		100		100		100		100		100		100		100		100		100		100		100		100		100		100		100		100		100		100		100		100		100		100		100		100		100		100		100		100		100		100		100		100		100		100		100		100		100		100		100		100		100
0	Apriori	Id(Bk)Syl1>>Id(Bk)	40	40																																																																																																																																																		
1	ao	Ao	1.0	41.0	0	0			-2	98	-2	98	-2	98							1.0	101.0																									-2	98	-2	98	-2	98	-2	98									-2	98	-2	98	-2	98	-2	98									-2	98	-2	98	-2	98	-2	98																																																																
3	eiy	Eiu	0.5	41.5	0	0			0.5	98.5	0.5	98.5	0.5	98.5			-2	98	-2	98	-2	99.0																																																													-2	96	-2	96																													-2	98	-2	98													-2	98	-2	98													-2	98	-2	98
4	yyi	uui	0.5	42.0	0	0			0.5	99.0	0.5	99.0	0.5	99.0							-2	97.0																																																																																																																													-2	96	-2	96
7	oEa	Oea	0.5	42.5	0	0	-2	98	-2	97.0	-2	97.0	-2	97.0			0.5	98.5	0.5	98.5	0.5	97.5															-2	98															-2	96													-2	96	-2	96													-2	94	-2	94																																																																
8	yA	ya			0.5	0.5			0.5	97.5	0.5	97.5	0.5	97.5							-2	95.5																													-2	96	-2	94													-2	94	-2	94													-2	92	-2	92																																																																
10	oEE	Oee	0.5	43.0	0	0.5	-2	96	-2	95.5	-2	95.5	-2	95.5			0.5	99.0	0.5	99.0	0.5	96.0																																																																																																																																
12	yei	uei	0.5	43.5	0	0.5			0.5	96.0	0.5	96.0	0.5	96.0							-2	94.0																																																																																																																									-2	98	-2	98	-2	94	-2	94
13	AOA	Aoa			0.4	0.9	0.4	96.4	0.4	96.4	0.4	96.4	0.4	96.4					-2	97.0	-2	92.0																									-2	96	-2	96	-2	94	-2	92									-2	96	-2	96	-2	92	-2	92									-2	96	-2	96	-2	90	-2	90																																																																
14	ouo	Ouo	0.6666666666666666	44.166666666666664	0	0.9	-2	94.4	-2	94.4	-2	94.4	-2	94.4					0.6666666666666666	97.66666666666667	0.6666666666666666	92.66666666666667											-2	98	-2	98	-2	96											-2	94	-2	92	-2	90											-2	94	-2	90	-2	90											-2	94	-2	88	-2	88																																																																
15	Oyi	oui	0.4	44.56666666666666	0	0.9	0.4	94.80000000000001	0.4	94.80000000000001	0.4	94.80000000000001	0.4	94.80000000000001					-2	95.66666666666667	-2	90.66666666666667																																																																																																															-2	96													-2	92	-2	92
18	Oe	oe	0.4	44.96666666666666	0	0.9	0.4	95.20000000000002	0.4	95.20000000000002	0.4	95.20000000000002	0.4	95.20000000000002					-2	93.66666666666667	-2	88.66666666666667																																																																																																									-2	98	-2	98	-2	96	-2	94									-2	96	-2	96	-2	90	-2	90
19	yOe	yoe			0.4	1.3	0.4	95.60000000000002	0.4	95.60000000000002	0.4	95.60000000000002	0.4	95.60000000000002					-2	91.66666666666667	-2	86.66666666666667																									-2	94	-2	92	-2	90	-2	88									-2	94	-2	92	-2	88	-2	88									-2	94	-2	92	-2	86	-2	86																																									-2	96	-2	96	-2	94	-2	92									-2	94	-2	94	-2	88	-2	88
20	aoo	Aoo	1.0	45.96666666666666	0	1.3			-2	93.60000000000002	-2	93.60000000000002	-2	93.60000000000002							1.0	87.66666666666667																									-2	92	-2	90	-2	88	-2	86									-2	92	-2	90	-2	86	-2	86									-2	92	-2	90	-2	84	-2	84																																																																
21	uuu	yuu	1.0	46.96666666666666	0	1.3			-2	91.60000000000002	-2	91.60000000000002	-2	91.60000000000002							1.0	88.66666666666667																													-2	86	-2	84													-2	84	-2	84													-2	82	-2	82																																																																
26	OO	Oo			0.4	1.7000000000000002	0.4	96.00000000000003	0.4	92.00000000000003	0.4	92.00000000000003	0.4	92.00000000000003					-2	89.66666666666667	-2	86.66666666666667									-2	98	-2	96	-2	96	-2	94									-2	90	-2	88	-2	84	-2	82									-2	90	-2	88	-2	82	-2	82									-2	90	-2	88	-2	80	-2	80																																																																
27	Oea	oea	0.2857142857142857	47.252380952380946	0	1.7000000000000002	0.2857142857142857	96.28571428571432	0.2857142857142857	92.28571428571432	0.2857142857142857	92.28571428571432	0.2857142857142857	92.28571428571432					-2	87.66666666666667	-2	84.66666666666667															0.2857142857142857	94.28571428571429															0.2857142857142857	82.28571428571429																																																																									-2	94	-2	94	-2	92	-2	90									-2	92	-2	92	-2	86	-2	86
32	eoe	Eoe	0.18181818181818182	47.434199134199126	0	1.7000000000000002					0.18181818181818182	92.46753246753251	0.18181818181818182	92.46753246753251			-2	97.0	-2	85.66666666666667	-2	82.66666666666667																																									0.18181818181818182	90.18181818181819	0.18181818181818182	88.18181818181819	0.18181818181818182	82.18181818181819	0.18181818181818182	82.18181818181819									0.18181818181818182	90.18181818181819	0.18181818181818182	88.18181818181819	0.18181818181818182	80.18181818181819	0.18181818181818182	80.18181818181819																											-2	98			-2	96											-2	92			-2	88											-2	90			-2	84
33	uuo	yuo	1.0	48.434199134199126	0	1.7000000000000002			-2	90.28571428571432	-2	90.46753246753251	-2	90.46753246753251							1.0	83.66666666666667																											-2	86	-2	82	-2	80.28571428571429											-2	86.18181818181819	-2	80.18181818181819	-2	80.18181818181819											-2	86.18181818181819	-2	78.18181818181819	-2	78.18181818181819																																																																
35	eei	Eei	0.6666666666666666	49.10086580086579	0	1.7000000000000002					0.6666666666666666	91.13419913419918	0.6666666666666666	91.13419913419918			-2	95.0	-2	83.66666666666667	-2	81.66666666666667																																																																																									-2	98	-2	96	-2	96	-2	94									-2	92	-2	90	-2	90	-2	86									-2	90	-2	88	-2	84	-2	82
37	uao	yao	1.0	50.10086580086579	0	1.7000000000000002			-2	88.28571428571432	-2	89.13419913419918	-2	89.13419913419918							1.0	82.66666666666667																											-2	84	-2	80	-2	78.28571428571429											-2	84.18181818181819	-2	78.18181818181819	-2	78.18181818181819											-2	84.18181818181819	-2	76.18181818181819	-2	76.18181818181819																																																																
38	oie	Oie	0.2222222222222222	50.32308802308801	0	1.7000000000000002	-2	94.28571428571432	-2	86.28571428571432	-2	87.13419913419918	-2	87.13419913419918					0.2222222222222222	83.8888888888889	0.2222222222222222	82.8888888888889																																																																																																											0.2222222222222222	90.22222222222223	0.2222222222222222	90.22222222222223	0.2222222222222222	86.22222222222223											0.2222222222222222	88.22222222222223	0.2222222222222222	84.22222222222223	0.2222222222222222	82.22222222222223
39	oio	Oio	0.2857142857142857	50.6088023088023	0	1.7000000000000002	-2	92.28571428571432	-2	84.28571428571432	-2	85.13419913419918	-2	85.13419913419918					0.2857142857142857	84.17460317460319	0.2857142857142857	83.17460317460319											-2	94			-2	92.28571428571429											-2	82			-2	76.28571428571429											-2	82.18181818181819			-2	76.18181818181819																																																													0.2857142857142857	90.50793650793652	0.2857142857142857	86.50793650793652													0.2857142857142857	84.50793650793652	0.2857142857142857	82.50793650793652
40	eiO	eio			0.4	2.1	0.4	92.68571428571433	0.4	84.68571428571433	0.4	85.53419913419918	0.4	85.53419913419918					-2	82.17460317460319	-2	81.17460317460319																																											-2	80.18181818181819			-2	74.18181818181819									-2	88.18181818181819	-2	82.18181818181819	-2	74.18181818181819	-2	74.18181818181819																																																																
41	oue	Oue	0.2857142857142857	50.89451659451658	0	2.1	-2	90.68571428571433	-2	82.68571428571433	-2	83.53419913419918	-2	83.53419913419918					0.2857142857142857	82.46031746031748	0.2857142857142857	81.46031746031748													-2	94	-2	90.28571428571429													-2	78	-2	74.28571428571429													-2	76.18181818181819	-2	72.18181818181819													-2	72.18181818181819	-2	72.18181818181819																																											0.2857142857142857	90.50793650793652			0.2857142857142857	86.79365079365081											0.2857142857142857	88.50793650793652			0.2857142857142857	82.79365079365081
42	yA	ua	0.5	51.39451659451658	0	2.1			0.5	83.18571428571433	0.5	84.03419913419918	0.5	84.03419913419918							-2	79.46031746031748																																																																																																																																
44	eOO	Eoo	0.4	51.79451659451658	0	2.1	0.4	91.08571428571433	0.4	83.58571428571433	0.4	84.43419913419919	0.4	84.43419913419919			-2	93.0	-2	80.46031746031748	-2	77.46031746031748																																																																																																																																
45	AAi	Aai			0.5	2.6			0.5	84.08571428571433	0.5	84.93419913419919	0.5	84.93419913419919							-2	75.46031746031748																													-2	76	-2	72.28571428571429													-2	74.18181818181819	-2	70.18181818181819													-2	70.18181818181819	-2	70.18181818181819																																																													-2	82.50793650793652	-2	80.79365079365081
46	eu	Eu	0.2857142857142857	52.080230880230864	0	2.6					0.2857142857142857	85.21991341991348	0.2857142857142857	85.21991341991348			-2	91.0	-2	78.46031746031748	-2	73.46031746031748																																													0.2857142857142857	74.46753246753248	0.2857142857142857	70.46753246753248													0.2857142857142857	70.46753246753248	0.2857142857142857	70.46753246753248																																																																
47	yeO	ueo	0.4	52.48023088023086	0	2.6	0.4	91.48571428571434	0.4	84.48571428571434	0.4	85.61991341991349	0.4	85.61991341991349					-2	76.46031746031748	-2	71.46031746031748																																									-2	88.18181818181819	-2	78.18181818181819	-2	72.46753246753248	-2	68.46753246753248									-2	86.18181818181819	-2	80.18181818181819	-2	68.46753246753248	-2	68.46753246753248																																																									-2	88	-2	86.50793650793652	-2	80.50793650793652	-2	78.79365079365081
48	ai	Ai	0.5	52.98023088023086	0	2.6			-2	82.48571428571434	-2	83.61991341991349	-2	83.61991341991349							0.5	71.96031746031748																																																																																																																													0.5	81.00793650793652	0.5	79.29365079365081
52	yAe	yae			0.5	3.1			0.5	82.98571428571434	0.5	84.11991341991349	0.5	84.11991341991349							-2	69.96031746031748																													-2	74	-2	70.28571428571429													-2	70.46753246753248	-2	66.46753246753248													-2	66.46753246753248	-2	66.46753246753248																																																									-2	86	-2	84.50793650793652	-2	79.00793650793652	-2	77.29365079365081
54	Oei	oei	0.4	53.38023088023086	0	3.1	0.4	91.88571428571434	0.4	83.38571428571434	0.4	84.5199134199135	0.4	84.5199134199135					-2	74.46031746031748	-2	67.96031746031748																																																																																																									-2	90	-2	88.50793650793652	-2	88.50793650793652	-2	84.79365079365081									-2	84	-2	82.50793650793652	-2	77.00793650793652	-2	75.29365079365081
55	oeo	Oeo	0.18181818181818182	53.56204906204904	0	3.1	-2	89.88571428571434	-2	81.38571428571434	-2	82.5199134199135	-2	82.5199134199135					0.18181818181818182	74.64213564213567	0.18181818181818182	68.14213564213567											-2	92			-2	88.28571428571429											-2	80			-2	68.28571428571429																																																																									0.18181818181818182	90.18181818181819	0.18181818181818182	88.68975468975471	0.18181818181818182	88.68975468975471	0.18181818181818182	84.975468975469									0.18181818181818182	84.18181818181819	0.18181818181818182	82.68975468975471	0.18181818181818182	77.18975468975471	0.18181818181818182	75.475468975469
57	eau	Eau	0.2857142857142857	53.847763347763326	0	3.1					0.2857142857142857	82.80562770562778	0.2857142857142857	82.80562770562778			-2	89.0	-2	72.64213564213567	-2	66.14213564213567																																													0.2857142857142857	70.75324675324677	0.2857142857142857	66.75324675324677													0.2857142857142857	66.75324675324677	0.2857142857142857	66.75324675324677																																																																
58	uaa	yaa	1.0	54.847763347763326	0	3.1			-2	79.38571428571434	-2	80.80562770562778	-2	80.80562770562778							1.0	67.14213564213567																													-2	72	-2	66.28571428571429													-2	68.75324675324677	-2	64.75324675324677													-2	64.75324675324677	-2	64.75324675324677																																																																
59	EoE	eoe	0.5	55.347763347763326	0	3.1					-2	78.80562770562778	-2	78.80562770562778			0.5	89.5	0.5	73.14213564213567	0.5	67.64213564213567																																									-2	86.18181818181819	-2	76.18181818181819	-2	66.75324675324677	-2	62.75324675324677									-2	84.18181818181819	-2	78.18181818181819	-2	62.75324675324677	-2	62.75324675324677																																									-2	88.18181818181819	-2	86.68975468975471	-2	86.68975468975471	-2	82.975468975469									-2	82.18181818181819	-2	80.68975468975471	-2	75.18975468975471	-2	73.475468975469
60	uii	yii	0.5	55.847763347763326	0	3.1			-2	77.38571428571434	-2	76.80562770562778	-2	76.80562770562778							0.5	68.14213564213567																																																																																																																													0.5	75.68975468975471	0.5	73.975468975469
62	aua	Aua	1.0	56.847763347763326	0	3.1			-2	75.38571428571434	-2	74.80562770562778	-2	74.80562770562778							1.0	69.14213564213567																													-2	70	-2	64.28571428571429													-2	64.75324675324677	-2	60.75324675324677													-2	60.75324675324677	-2	60.75324675324677																																																																
64	uui	yui	0.6666666666666666	57.51443001442999	0	3.1			-2	73.38571428571434	-2	72.80562770562778	-2	72.80562770562778							0.6666666666666666	69.80880230880234																													-2	68	-2	62.28571428571429													-2	62.75324675324677	-2	58.75324675324677													-2	58.75324675324677	-2	58.75324675324677																																																															0.6666666666666666	74.64213564213567
65	yeu	ueu	0.4	57.91443001442999	0	3.1			0.4	73.78571428571435	0.4	73.20562770562779	0.4	73.20562770562779							-2	67.80880230880234																															0.4	62.68571428571429																																																																																									-2	80.18181818181819	-2	78.68975468975471	-2	73.68975468975471	-2	72.64213564213567
66	eei	Eei	0.6666666666666666	58.58109668109665	0	3.1					0.6666666666666666	73.87229437229446	0.6666666666666666	73.87229437229446			-2	87.5	-2	71.14213564213567	-2	65.80880230880234																																																																																									-2	96	-2	94	-2	94	-2	92									-2	86.18181818181819	-2	84.68975468975471	-2	84.68975468975471	-2	80.975468975469									-2	78.18181818181819	-2	76.68975468975471	-2	71.68975468975471	-2	70.64213564213567
67	eea	Eea	0.6666666666666666	59.24776334776332	0	3.1					0.6666666666666666	74.53896103896113	0.6666666666666666	74.53896103896113			-2	85.5	-2	69.14213564213567	-2	63.80880230880234																																																																																									-2	94	-2	92	-2	92	-2	90									-2	84.18181818181819	-2	82.68975468975471	-2	82.68975468975471	-2	78.975468975469									-2	76.18181818181819	-2	74.68975468975471	-2	69.68975468975471	-2	68.64213564213567
68	oii	Oii	0.2857142857142857	59.5334776334776	0	3.1	-2	87.88571428571434	-2	71.78571428571435	-2	72.53896103896113	-2	72.53896103896113					0.2857142857142857	69.42784992784996	0.2857142857142857	64.09451659451663																																																																																																													0.2857142857142857	82.975468975469	0.2857142857142857	79.26118326118329													0.2857142857142857	69.975468975469	0.2857142857142857	68.92784992784996
69	oEo	oeo			0.5	3.6					-2	70.53896103896113	-2	70.53896103896113			0.5	86.0	0.5	69.92784992784996	0.5	64.59451659451663																																									-2	84.18181818181819	-2	74.18181818181819	-2	60.75324675324677	-2	56.75324675324677									-2	82.18181818181819	-2	76.18181818181819	-2	56.75324675324677	-2	56.75324675324677																																									-2	82.18181818181819	-2	80.68975468975471	-2	80.975468975469	-2	77.26118326118329									-2	74.18181818181819	-2	72.68975468975471	-2	67.975468975469	-2	66.92784992784996
72	eye	Eue	0.5	60.0334776334776	0	3.6			0.5	72.28571428571435	0.5	71.03896103896113	0.5	71.03896103896113			-2	84.0	-2	67.92784992784996	-2	62.594516594516634																																																																																											-2	90			-2	88											-2	78.68975468975471			-2	75.26118326118329									-2	72.18181818181819	-2	70.68975468975471	-2	65.975468975469	-2	64.92784992784996
77	aee	Aee	0.3333333333333333	60.36681096681094	0	3.6			-2	70.28571428571435	-2	69.03896103896113	-2	69.03896103896113							0.3333333333333333	62.92784992784997																																																																																																																									0.3333333333333333	72.51515151515152	0.3333333333333333	71.02308802308804	0.3333333333333333	66.30880230880233	0.3333333333333333	65.26118326118329
78	yAe	yae			0.5	4.1			0.5	70.78571428571435	0.5	69.53896103896113	0.5	69.53896103896113							-2	60.92784992784997																													-2	66	-2	60.68571428571429													-2	58.75324675324677	-2	54.75324675324677													-2	54.75324675324677	-2	54.75324675324677																																																									-2	70.51515151515152	-2	69.02308802308804	-2	64.30880230880233	-2	63.26118326118329
79	yeu	ueu	0.4	60.76681096681094	0	4.1			0.4	71.18571428571435	0.4	69.93896103896114	0.4	69.93896103896114							-2	58.92784992784997																															0.4	61.08571428571429																																																																																									-2	68.51515151515152	-2	67.02308802308804	-2	62.30880230880233	-2	61.26118326118329
80	eio	Eio	0.4	61.166810966810935	0	4.1					0.4	70.33896103896114	0.4	70.33896103896114			-2	82.0	-2	65.92784992784996	-2	56.92784992784997																																											0.4	74.58181818181819			0.4	55.15324675324677																																													-2	90	-2	86													-2	78.975468975469	-2	73.26118326118329													-2	60.30880230880233	-2	59.26118326118329
82	aau	Aau	1.0	62.166810966810935	0	4.1			-2	69.18571428571435	-2	68.33896103896114	-2	68.33896103896114							1.0	57.92784992784997																													-2	64	-2	59.08571428571429													-2	56.75324675324677	-2	53.15324675324677													-2	52.75324675324677	-2	52.75324675324677																																																																
83	eaa	Eaa	0.2857142857142857	62.45252525252522	0	4.1					0.2857142857142857	68.62467532467544	0.2857142857142857	68.62467532467544			-2	80.0	-2	63.92784992784996	-2	55.92784992784997																																													0.2857142857142857	57.038961038961055	0.2857142857142857	53.438961038961054													0.2857142857142857	53.038961038961055	0.2857142857142857	53.038961038961055																																																																
85	eou	Eou	0.18181818181818182	62.6343434343434	0	4.1					0.18181818181818182	68.80649350649362	0.18181818181818182	68.80649350649362			-2	78.0	-2	61.92784992784996	-2	53.92784992784997																																									0.18181818181818182	84.36363636363637	0.18181818181818182	74.76363636363638	0.18181818181818182	57.220779220779235	0.18181818181818182	53.620779220779234									0.18181818181818182	82.36363636363637	0.18181818181818182	76.36363636363637	0.18181818181818182	53.220779220779235	0.18181818181818182	53.220779220779235																																																																
86	oii	Oii	0.2857142857142857	62.920057720057684	0	4.1	-2	85.88571428571434	-2	67.18571428571435	-2	66.80649350649362	-2	66.80649350649362					0.2857142857142857	62.21356421356425	0.2857142857142857	54.213564213564254																																																																																																													0.2857142857142857	79.26118326118329	0.2857142857142857	73.54689754689758													0.2857142857142857	60.59451659451661	0.2857142857142857	59.546897546897576
87	aoE	aoe			0.5	4.6					-2	64.80649350649362	-2	64.80649350649362			0.5	78.5	0.5	62.71356421356425	0.5	54.713564213564254																																																																																																									-2	80.18181818181819	-2	76.68975468975471	-2	77.26118326118329	-2	71.54689754689758									-2	66.51515151515152	-2	65.02308802308804	-2	58.59451659451661	-2	57.546897546897576
92	aei	Aei	0.3333333333333333	63.25339105339102	0	4.6			-2	65.18571428571435	-2	62.806493506493624	-2	62.806493506493624							0.3333333333333333	55.04689754689759																																																																																																																									0.3333333333333333	66.84848484848484	0.3333333333333333	65.35642135642136	0.3333333333333333	58.92784992784995	0.3333333333333333	57.88023088023091
94	eie	Eie	0.6666666666666666	63.920057720057684	0	4.6					0.6666666666666666	63.47316017316029	0.6666666666666666	63.47316017316029			-2	76.5	-2	60.71356421356425	-2	53.04689754689759																																																																																											-2	88	-2	88	-2	84											-2	74.68975468975471	-2	75.26118326118329	-2	69.54689754689758											-2	63.356421356421365	-2	56.92784992784995	-2	55.88023088023091
96	ui	yi	0.5	64.42005772005768	0	4.6			-2	63.185714285714354	-2	61.47316017316029	-2	61.47316017316029							0.5	53.54689754689759																																																																																																																													0.5	57.42784992784995	0.5	56.38023088023091
97	oou	Oou	0.6666666666666666	65.08672438672436	0	4.6	-2	83.88571428571434	-2	61.185714285714354	-2	59.47316017316029	-2	59.47316017316029					0.6666666666666666	61.38023088023091	0.6666666666666666	54.213564213564254									-2	96	-2	90	-2	92	-2	86.28571428571429									-2	88	-2	78	-2	62	-2	57.08571428571429									-2	82.36363636363637	-2	72.76363636363638	-2	55.220779220779235	-2	51.620779220779234									-2	80.36363636363637	-2	74.36363636363637	-2	51.220779220779235	-2	51.220779220779235																																																																
98	ye	ue	0.5	65.58672438672436	0	4.6			0.5	61.685714285714354	0.5	59.97316017316029	0.5	59.97316017316029							-2	52.213564213564254																																																																																																																									-2	64.84848484848484	-2	61.356421356421365	-2	55.42784992784995	-2	54.38023088023091
104	oio	Oio	0.2857142857142857	65.87243867243865	0	4.6	-2	81.88571428571434	-2	59.685714285714354	-2	57.97316017316029	-2	57.97316017316029					0.2857142857142857	61.665945165945196	0.2857142857142857	52.49927849927854											-2	88			-2	84.28571428571429											-2	76			-2	55.08571428571429											-2	70.76363636363638			-2	49.620779220779234																																																													0.2857142857142857	75.54689754689758	0.2857142857142857	69.83261183261187													0.2857142857142857	55.71356421356423	0.2857142857142857	54.665945165945196
106	oae	Oae	0.2857142857142857	66.15815295815294	0	4.6	-2	79.88571428571434	-2	57.685714285714354	-2	55.97316017316029	-2	55.97316017316029					0.2857142857142857	61.95165945165948	0.2857142857142857	52.78499278499282													-2	90	-2	82.28571428571429													-2	60	-2	53.08571428571429													-2	53.220779220779235	-2	47.620779220779234													-2	49.220779220779235	-2	49.220779220779235																																											0.2857142857142857	74.975468975469			0.2857142857142857	70.11832611832617											0.2857142857142857	61.64213564213565			0.2857142857142857	54.95165945165948
107	oEa	oea			0.5	5.1					-2	53.97316017316029	-2	53.97316017316029			0.5	77.0	0.5	62.45165945165948	0.5	53.28499278499282																																													-2	51.220779220779235	-2	45.620779220779234													-2	47.220779220779235	-2	47.220779220779235																																									-2	78.18181818181819	-2	72.975468975469	-2	73.54689754689758	-2	68.11832611832617									-2	62.848484848484844	-2	59.64213564213565	-2	53.71356421356423	-2	52.95165945165948
111	yiO	uio	0.4	66.55815295815295	0	5.1	0.4	80.28571428571435	0.4	58.08571428571435	0.4	54.37316017316029	0.4	54.37316017316029					-2	60.45165945165948	-2	51.28499278499282																																																									-2	78.36363636363637	-2	72.36363636363637	-2	45.220779220779235	-2	45.220779220779235																																																													-2	51.71356421356423	-2	50.95165945165948
120	yiy	yiu			0.5	5.6			0.5	58.58571428571435	0.5	54.87316017316029	0.5	54.87316017316029							-2	49.28499278499282																															-2	51.08571428571429															-2	43.620779220779234													-2	43.220779220779235	-2	43.220779220779235																																																																
122	Eo	eo	0.5	67.05815295815295	0	5.6					-2	52.87316017316029	-2	52.87316017316029			0.5	77.5	0.5	60.95165945165948	0.5	49.78499278499282																																									-2	80.36363636363637	-2	68.76363636363638	-2	49.220779220779235	-2	41.620779220779234									-2	76.36363636363637	-2	70.36363636363637	-2	41.220779220779235	-2	41.220779220779235																																																																
124	ee	Ee	0.6666666666666666	67.72481962481962	0	5.6					0.6666666666666666	53.53982683982695	0.6666666666666666	53.53982683982695			-2	75.5	-2	58.95165945165948	-2	47.78499278499282																																																																																									-2	92	-2	86	-2	86	-2	82									-2	76.18181818181819	-2	70.975468975469	-2	71.54689754689758	-2	66.11832611832617									-2	60.848484848484844	-2	57.64213564213565	-2	49.71356421356423	-2	48.95165945165948
126	oEE	oee			0.5	6.1					-2	51.53982683982695	-2	51.53982683982695			0.5	76.0	0.5	59.45165945165948	0.5	48.28499278499282																																																																																																									-2	74.18181818181819	-2	68.975468975469	-2	69.54689754689758	-2	64.11832611832617									-2	58.848484848484844	-2	55.64213564213565	-2	47.71356421356423	-2	46.95165945165948
127	oEo	Oeo	0.5	68.22481962481962	0	6.1	-2	78.28571428571435	-2	56.58571428571435	-2	49.53982683982695	-2	49.53982683982695			0.5	76.5	0.5	59.95165945165948	0.5	48.78499278499282											-2	86			-2	80.28571428571429											-2	74			-2	49.08571428571429									-2	78.36363636363637	-2	66.76363636363638	-2	47.220779220779235	-2	39.620779220779234									-2	74.36363636363637	-2	68.36363636363637	-2	39.220779220779235	-2	39.220779220779235																																																																
130	aou	Aou	1.0	69.22481962481962	0	6.1			-2	54.58571428571435	-2	47.53982683982695	-2	47.53982683982695							1.0	49.78499278499282																									-2	86	-2	72	-2	58	-2	47.08571428571429									-2	76.36363636363637	-2	64.76363636363638	-2	45.220779220779235	-2	37.620779220779234									-2	72.36363636363637	-2	66.36363636363637	-2	37.220779220779235	-2	37.220779220779235																																																																
131	aoi	Aoi	0.6666666666666666	69.89148629148629	0	6.1			-2	52.58571428571435	-2	45.53982683982695	-2	45.53982683982695							0.6666666666666666	50.45165945165949																									-2	84	-2	70	-2	56	-2	45.08571428571429									-2	74.36363636363637	-2	62.76363636363638	-2	43.220779220779235	-2	35.620779220779234									-2	70.36363636363637	-2	64.36363636363637	-2	35.220779220779235	-2	35.220779220779235																																																															0.6666666666666666	47.618326118326145
136	eAi	eai			0.5	6.6			0.5	53.08571428571435	0.5	46.03982683982695	0.5	46.03982683982695							-2	48.45165945165949																																													-2	41.220779220779235	-2	33.620779220779234													-2	33.220779220779235	-2	33.220779220779235																																																													-2	45.71356421356423	-2	45.618326118326145
137	iye	iue			0.5	7.1			0.5	53.58571428571435	0.5	46.53982683982695	0.5	46.53982683982695							-2	46.45165945165949																																																													-2	31.220779220779235	-2	31.220779220779235																																																									-2	56.848484848484844	-2	53.64213564213565	-2	43.71356421356423	-2	43.618326118326145
138	eeu	Eeu	0.6666666666666666	70.55815295815296	0	7.1					0.6666666666666666	47.206493506493615	0.6666666666666666	47.206493506493615			-2	74.5	-2	57.95165945165948	-2	44.45165945165949																																																																																									-2	90	-2	84	-2	84	-2	80									-2	72.18181818181819	-2	66.975468975469	-2	67.54689754689758	-2	62.118326118326166									-2	54.848484848484844	-2	51.64213564213565	-2	41.71356421356423	-2	41.618326118326145
140	yAi	yai			0.5	7.6			0.5	54.08571428571435	0.5	47.706493506493615	0.5	47.706493506493615							-2	42.45165945165949																													-2	54	-2	43.08571428571429													-2	39.220779220779235	-2	31.620779220779234													-2	29.220779220779235	-2	29.220779220779235																																																													-2	39.71356421356423	-2	39.618326118326145
141	oeu	Oeu	0.18181818181818182	70.73997113997115	0	7.6	-2	76.28571428571435	-2	52.08571428571435	-2	45.706493506493615	-2	45.706493506493615					0.18181818181818182	58.13347763347766	0.18181818181818182	42.63347763347767															-2	78.28571428571429															-2	41.08571428571429																																																																									0.18181818181818182	72.36363636363637	0.18181818181818182	67.15728715728719	0.18181818181818182	67.72871572871577	0.18181818181818182	62.300144300144346									0.18181818181818182	55.030303030303024	0.18181818181818182	51.82395382395383	0.18181818181818182	39.89538239538241	0.18181818181818182	39.800144300144325
143	oe	Oe	0.18181818181818182	70.92178932178933	0	7.6	-2	74.28571428571435	-2	50.08571428571435	-2	43.706493506493615	-2	43.706493506493615					0.18181818181818182	58.31529581529584	0.18181818181818182	42.81529581529585																																																																																																									0.18181818181818182	72.54545454545456	0.18181818181818182	67.33910533910537	0.18181818181818182	67.91053391053396	0.18181818181818182	62.481962481962526									0.18181818181818182	55.212121212121204	0.18181818181818182	52.00577200577201	0.18181818181818182	40.07720057720059	0.18181818181818182	39.981962481962505
152	yO	yo			0.4	8.0	0.4	74.68571428571435	0.4	50.48571428571435	0.4	44.106493506493614	0.4	44.106493506493614					-2	56.31529581529584	-2	40.81529581529585																									-2	82	-2	68	-2	52	-2	39.08571428571429									-2	72.36363636363637	-2	60.76363636363638	-2	37.220779220779235	-2	29.620779220779234									-2	68.36363636363637	-2	62.363636363636374	-2	27.220779220779235	-2	27.220779220779235																																																																
154	ooe	Ooe	0.2857142857142857	71.20750360750363	0	8.0	-2	72.68571428571435	-2	48.48571428571435	-2	42.106493506493614	-2	42.106493506493614					0.2857142857142857	56.601010101010125	0.2857142857142857	41.10101010101013									-2	94	-2	84	-2	88	-2	76.28571428571429									-2	80	-2	66	-2	50	-2	37.08571428571429									-2	70.36363636363637	-2	58.76363636363638	-2	35.220779220779235	-2	27.620779220779234									-2	66.36363636363637	-2	60.363636363636374	-2	25.220779220779235	-2	25.220779220779235																																											0.2857142857142857	67.62481962481966			0.2857142857142857	62.76767676767681											0.2857142857142857	52.291486291486294			0.2857142857142857	40.26767676767679
156	eiu	Eiu	0.5	71.70750360750363	0	8.0					0.5	42.606493506493614	0.5	42.606493506493614			-2	72.5	-2	54.601010101010125	-2	39.10101010101013																																															0.5	28.120779220779234																																													-2	82	-2	78													-2	65.91053391053396	-2	60.76767676767681													-2	38.07720057720059	-2	38.26767676767679
158	Ayy	Auu			0.5	8.5			0.5	48.98571428571435	0.5	43.106493506493614	0.5	43.106493506493614							-2	37.10101010101013																													-2	48	-2	35.08571428571429													-2	33.220779220779235	-2	26.120779220779234													-2	23.220779220779235	-2	23.220779220779235																																																																
159	AOA	Aoa			0.4	8.9	0.4	73.08571428571436	0.4	49.38571428571435	0.4	43.50649350649361	0.4	43.50649350649361					-2	52.601010101010125	-2	35.10101010101013																									-2	78	-2	64	-2	46	-2	33.08571428571429									-2	68.36363636363637	-2	56.76363636363638	-2	31.220779220779235	-2	24.120779220779234									-2	64.36363636363637	-2	58.363636363636374	-2	21.220779220779235	-2	21.220779220779235																																																																
161	oii	Oii	0.2857142857142857	71.99321789321792	0	8.9	-2	71.08571428571436	-2	47.38571428571435	-2	41.50649350649361	-2	41.50649350649361					0.2857142857142857	52.88672438672441	0.2857142857142857	35.38672438672442																																																																																																													0.2857142857142857	66.19624819624825	0.2857142857142857	61.053391053391096													0.2857142857142857	38.36291486291488	0.2857142857142857	38.553391053391074
162	ea	Ea	0.2857142857142857	72.27893217893221	0	8.9					0.2857142857142857	41.7922077922079	0.2857142857142857	41.7922077922079			-2	70.5	-2	50.88672438672441	-2	33.38672438672442																																													0.2857142857142857	31.50649350649352	0.2857142857142857	24.40649350649352													0.2857142857142857	21.50649350649352	0.2857142857142857	21.50649350649352																																																																
163	ooa	Ooa	0.6666666666666666	72.94559884559888	0	8.9	-2	69.08571428571436	-2	45.38571428571435	-2	39.7922077922079	-2	39.7922077922079					0.6666666666666666	51.553391053391074	0.6666666666666666	34.05339105339108									-2	92	-2	82	-2	86	-2	74.28571428571429									-2	76	-2	62	-2	44	-2	31.08571428571429									-2	66.36363636363637	-2	54.76363636363638	-2	29.50649350649352	-2	22.40649350649352									-2	62.363636363636374	-2	56.363636363636374	-2	19.50649350649352	-2	19.50649350649352																																																																
165	oiu	Oiu	0.2857142857142857	73.23131313131317	0	8.9	-2	67.08571428571436	-2	43.38571428571435	-2	37.7922077922079	-2	37.7922077922079					0.2857142857142857	51.83910533910536	0.2857142857142857	34.339105339105366															-2	72.28571428571429															-2	29.08571428571429															-2	20.40649350649352																																																													0.2857142857142857	66.48196248196254	0.2857142857142857	61.33910533910538													0.2857142857142857	38.64862914862916	0.2857142857142857	38.83910533910536
167	Oy	Ou			0.5	9.4			0.5	43.88571428571435	0.5	38.2922077922079	0.5	38.2922077922079							-2	32.339105339105366													-2	84	-2	70.28571428571429													-2	42	-2	27.08571428571429													-2	27.50649350649352	-2	18.40649350649352													-2	17.50649350649352	-2	17.50649350649352																																																																
170	AOe	Aoe			0.4	9.8	0.4	67.48571428571437	0.4	44.28571428571435	0.4	38.692207792207896	0.4	38.692207792207896					-2	49.83910533910536	-2	30.339105339105366																									-2	74	-2	60	-2	40	-2	25.08571428571429									-2	64.36363636363637	-2	52.76363636363638	-2	25.50649350649352	-2	16.40649350649352									-2	60.363636363636374	-2	54.363636363636374	-2	15.50649350649352	-2	15.50649350649352																																									-2	70.54545454545456	-2	65.62481962481966	-2	64.48196248196254	-2	59.33910533910538									-2	53.212121212121204	-2	50.291486291486294	-2	36.64862914862916	-2	36.83910533910536
171	EuE	Eue			0.5	10.3					-2	36.692207792207896	-2	36.692207792207896			0.5	71.0	0.5	50.33910533910536	0.5	30.839105339105366																																																																																											-2	82			-2	76											-2	63.624819624819665			-2	57.33910533910538									-2	51.212121212121204	-2	48.291486291486294	-2	34.64862914862916	-2	34.83910533910536
172	EuE	Eue			0.5	10.8					-2	34.692207792207896	-2	34.692207792207896			0.5	71.5	0.5	50.83910533910536	0.5	31.339105339105366																																																																																											-2	80			-2	74											-2	61.624819624819665			-2	55.33910533910538									-2	49.212121212121204	-2	46.291486291486294	-2	32.64862914862916	-2	32.83910533910536
174	OOe	Ooe			0.4	11.200000000000001	0.4	67.88571428571437	0.4	44.68571428571435	0.4	35.092207792207894	0.4	35.092207792207894					-2	48.83910533910536	-2	29.339105339105366									-2	90	-2	80	-2	82	-2	68.28571428571429									-2	72	-2	58	-2	38	-2	23.08571428571429									-2	62.363636363636374	-2	50.76363636363638	-2	23.50649350649352	-2	14.406493506493518									-2	58.363636363636374	-2	52.363636363636374	-2	13.50649350649352	-2	13.50649350649352																																									-2	68.54545454545456	-2	59.624819624819665	-2	62.48196248196254	-2	53.33910533910538									-2	47.212121212121204	-2	44.291486291486294	-2	30.648629148629162	-2	30.83910533910536
177	eei	Eei	0.6666666666666666	73.89797979797984	0	11.200000000000001					0.6666666666666666	35.75887445887456	0.6666666666666666	35.75887445887456			-2	69.5	-2	46.83910533910536	-2	27.339105339105366																																																																																									-2	88	-2	78	-2	80	-2	72									-2	66.54545454545456	-2	57.624819624819665	-2	60.48196248196254	-2	51.33910533910538									-2	45.212121212121204	-2	42.291486291486294	-2	28.648629148629162	-2	28.83910533910536
178	OOi	Ooi			0.4	11.600000000000001	0.4	68.28571428571438	0.4	45.085714285714346	0.4	36.15887445887456	0.4	36.15887445887456					-2	44.83910533910536	-2	25.339105339105366									-2	88	-2	78	-2	80	-2	66.28571428571429									-2	70	-2	56	-2	36	-2	21.08571428571429									-2	60.363636363636374	-2	48.76363636363638	-2	21.50649350649352	-2	12.406493506493518									-2	56.363636363636374	-2	50.363636363636374	-2	11.50649350649352	-2	11.50649350649352																																													-2	58.48196248196254	-2	49.33910533910538													-2	26.648629148629162	-2	26.83910533910536
183	EE	Ee			0.5	12.100000000000001					-2	34.15887445887456	-2	34.15887445887456			0.5	70.0	0.5	45.33910533910536	0.5	25.839105339105366																																																																																									-2	86	-2	76	-2	78	-2	70									-2	64.54545454545456	-2	55.624819624819665	-2	56.48196248196254	-2	47.33910533910538									-2	43.212121212121204	-2	40.291486291486294	-2	24.648629148629162	-2	24.83910533910536
185	AOO	Aoo			0.4	12.500000000000002	0.4	68.68571428571438	0.4	45.485714285714344	0.4	34.558874458874556	0.4	34.558874458874556					-2	43.33910533910536	-2	23.839105339105366																									-2	68	-2	54	-2	34	-2	19.08571428571429									-2	58.363636363636374	-2	46.76363636363638	-2	19.50649350649352	-2	10.406493506493518									-2	54.363636363636374	-2	48.363636363636374	-2	9.50649350649352	-2	9.50649350649352																																																																
187	OeO	Oeo			0.4	12.900000000000002	0.4	69.08571428571439	0.4	45.88571428571434	0.4	34.958874458874554	0.4	34.958874458874554					-2	41.33910533910536	-2	21.839105339105366											-2	76			-2	64.28571428571429											-2	52			-2	17.08571428571429									-2	56.363636363636374	-2	44.76363636363638	-2	17.50649350649352	-2	8.406493506493518									-2	52.363636363636374	-2	46.363636363636374	-2	7.50649350649352	-2	7.50649350649352																																																																
188	OA	Oa			0.5	13.400000000000002			0.5	46.38571428571434	0.5	35.458874458874554	0.5	35.458874458874554							-2	19.839105339105366													-2	78	-2	62.28571428571429													-2	32	-2	15.085714285714289													-2	15.50649350649352	-2	6.4064935064935185													-2	5.50649350649352	-2	5.50649350649352																																																																
214	OAA	Oaa			0.5	13.900000000000002			0.5	46.88571428571434	0.5	35.958874458874554	0.5	35.958874458874554							-2	17.839105339105366													-2	76	-2	60.28571428571429													-2	30	-2	13.085714285714289													-2	13.50649350649352	-2	4.4064935064935185													-2	3.50649350649352	-2	3.50649350649352																																																																
217	eei	Eei	0.6666666666666666	74.56464646464651	0	13.900000000000002					0.6666666666666666	36.62554112554122	0.6666666666666666	36.62554112554122			-2	68.0	-2	39.33910533910536	-2	15.839105339105366																																																																																									-2	84	-2	74	-2	76	-2	68									-2	62.54545454545456	-2	53.624819624819665	-2	54.48196248196254	-2	45.33910533910538									-2	41.212121212121204	-2	38.291486291486294	-2	22.648629148629162	-2	22.83910533910536
220	OyO	Ouo			0.4	14.300000000000002	0.4	69.4857142857144	0.4	47.28571428571434	0.4	37.02554112554122	0.4	37.02554112554122					-2	37.33910533910536	-2	13.839105339105366											-2	74	-2	74	-2	58.28571428571429											-2	50	-2	28	-2	11.085714285714289											-2	42.76363636363638	-2	11.50649350649352	-2	2.4064935064935185											-2	44.363636363636374	-2	1.5064935064935199	-2	1.5064935064935199																																																																
222	EEa	Eea			0.5	14.800000000000002					-2	35.02554112554122	-2	35.02554112554122			0.5	68.5	0.5	37.83910533910536	0.5	14.339105339105366																																													-2	9.50649350649352	-2	0.40649350649351845													-2	-0.4935064935064801	-2	-0.4935064935064801																									-2	82	-2	72	-2	74	-2	66									-2	60.54545454545456	-2	51.624819624819665	-2	52.48196248196254	-2	43.33910533910538									-2	39.212121212121204	-2	36.291486291486294	-2	20.648629148629162	-2	20.83910533910536
224	OiA	Oia			0.5	15.300000000000002			0.5	47.78571428571434	0.5	35.52554112554122	0.5	35.52554112554122							-2	12.339105339105366															-2	56.28571428571429															-2	9.085714285714289															-2	-1.5935064935064815													-2	-2.49350649350648	-2	-2.49350649350648																																																																
227	Oiy	Oiu			0.5	15.800000000000002			0.5	48.28571428571434	0.5	36.02554112554122	0.5	36.02554112554122							-2	10.339105339105366															-2	54.28571428571429															-2	7.085714285714289															-2	-3.5935064935064815													-2	-4.49350649350648	-2	-4.49350649350648																																																																
234	Oey	Oeu			0.5	16.300000000000004			0.5	48.78571428571434	0.5	36.52554112554122	0.5	36.52554112554122							-2	8.339105339105366															-2	52.28571428571429															-2	5.085714285714289													-2	7.50649350649352	-2	-5.5935064935064815													-2	-6.49350649350648	-2	-6.49350649350648																																																																
245	OiA	Oia			0.5	16.800000000000004			0.5	49.28571428571434	0.5	37.02554112554122	0.5	37.02554112554122							-2	6.339105339105366															-2	50.28571428571429															-2	3.085714285714289															-2	-7.5935064935064815													-2	-8.49350649350648	-2	-8.49350649350648																																																																
252	EuE	Eue			0.5	17.300000000000004					-2	35.02554112554122	-2	35.02554112554122			0.5	69.0	0.5	38.33910533910536	0.5	6.839105339105366																																																																																											-2	70			-2	64											-2	49.624819624819665			-2	41.33910533910538									-2	37.212121212121204	-2	34.291486291486294	-2	18.648629148629162	-2	18.83910533910536
253	euu	Euu	0.2857142857142857	74.8503607503608	0	17.300000000000004					0.2857142857142857	35.3112554112555	0.2857142857142857	35.3112554112555			-2	67.0	-2	36.33910533910536	-2	4.839105339105366																																													0.2857142857142857	7.7922077922078055	0.2857142857142857	-7.307792207792196													0.2857142857142857	-8.207792207792194	0.2857142857142857	-8.207792207792194																																																																
266	OAi	Oai			0.5	17.800000000000004			0.5	49.78571428571434	0.5	35.8112554112555	0.5	35.8112554112555							-2	2.839105339105366													-2	72	-2	48.28571428571429													-2	26	-2	1.085714285714289													-2	5.7922077922078055	-2	-9.307792207792197													-2	-10.207792207792194	-2	-10.207792207792194																																																													-2	16.648629148629162	-2	16.83910533910536
272	OeO	Oeo			0.4	18.200000000000003	0.4	69.8857142857144	0.4	50.18571428571434	0.4	36.2112554112555	0.4	36.2112554112555					-2	34.33910533910536	-2	0.839105339105366											-2	72			-2	46.28571428571429											-2	48			-2	-0.914285714285711									-2	54.363636363636374	-2	40.76363636363638	-2	3.7922077922078055	-2	-11.307792207792197									-2	50.363636363636374	-2	42.363636363636374	-2	-12.207792207792194	-2	-12.207792207792194																																																																
275	OAa	Oaa			0.5	18.700000000000003			0.5	50.68571428571434	0.5	36.7112554112555	0.5	36.7112554112555							-2	-1.160894660894634													-2	70	-2	44.28571428571429															-2	-2.914285714285711															-2	-13.307792207792197															-2	-14.207792207792194																																																																
276	OA	Oa			0.5	19.200000000000003			0.5	51.18571428571434	0.5	37.2112554112555	0.5	37.2112554112555							-2	-3.160894660894634													-2	68	-2	42.28571428571429													-2	24	-2	-4.914285714285711													-2	1.7922077922078055	-2	-15.307792207792197													-2	-14.207792207792194	-2	-16.207792207792195																																																																
283	Oye	Oue			0.5	19.700000000000003			0.5	51.68571428571434	0.5	37.7112554112555	0.5	37.7112554112555							-2	-5.160894660894634													-2	66	-2	40.28571428571429													-2	22	-2	-6.914285714285711													-2	-0.20779220779219454	-2	-17.307792207792197													-2	-16.207792207792195	-2	-18.207792207792195																																																									-2	35.212121212121204	-2	32.291486291486294	-2	14.648629148629162	-2	14.839105339105359
286	EEo	Eeo			0.5	20.200000000000003					-2	35.7112554112555	-2	35.7112554112555			0.5	67.5	0.5	34.83910533910536	0.5	-4.660894660894634																																									-2	52.363636363636374	-2	38.76363636363638	-2	-2.2077922077921945	-2	-19.307792207792197									-2	48.363636363636374	-2	40.363636363636374	-2	-18.207792207792195	-2	-20.207792207792195																									-2	80	-2	68	-2	72	-2	62									-2	58.54545454545456	-2	47.624819624819665	-2	50.48196248196254	-2	39.33910533910538									-2	33.212121212121204	-2	30.291486291486294	-2	12.648629148629162	-2	12.839105339105359
302	OA	Oa			0.5	20.700000000000003			0.5	52.18571428571434	0.5	36.2112554112555	0.5	36.2112554112555							-2	-6.660894660894634													-2	64	-2	38.28571428571429													-2	20	-2	-8.914285714285711													-2	-4.2077922077921945	-2	-21.307792207792197													-2	-20.207792207792195	-2	-22.207792207792195																																																																
306	EEE	Eee			0.5	21.200000000000003					-2	34.2112554112555	-2	34.2112554112555			0.5	68.0	0.5	35.33910533910536	0.5	-6.160894660894634																																																																																									-2	78	-2	66	-2	70	-2	60									-2	56.54545454545456	-2	45.624819624819665	-2	48.48196248196254	-2	37.33910533910538									-2	31.212121212121204	-2	28.291486291486294	-2	10.648629148629162	-2	10.839105339105359
307	OO	Oo			0.4	21.6	0.4	70.2857142857144	0.4	52.58571428571434	0.4	34.6112554112555	0.4	34.6112554112555					-2	33.33910533910536	-2	-8.160894660894634									-2	86	-2	70	-2	62	-2	36.28571428571429									-2	66	-2	46	-2	18	-2	-10.914285714285711									-2	50.363636363636374	-2	36.76363636363638	-2	-6.2077922077921945	-2	-23.307792207792197									-2	46.363636363636374	-2	38.363636363636374	-2	-22.207792207792195	-2	-24.207792207792195																																																																
313	Oyu	Ouu			0.5	22.1			0.5	53.08571428571434	0.5	35.1112554112555	0.5	35.1112554112555							-2	-10.160894660894634													-2	60	-2	34.28571428571429															-2	-12.914285714285711															-2	-25.307792207792197															-2	-26.207792207792195																																																																
319	OyO	Ouo			0.4	22.5	0.4	70.68571428571441	0.4	53.48571428571434	0.4	35.5112554112555	0.4	35.5112554112555					-2	31.33910533910536	-2	-12.160894660894634											-2	68	-2	58	-2	32.28571428571429											-2	44	-2	16	-2	-14.914285714285711											-2	34.76363636363638	-2	-8.207792207792195	-2	-27.307792207792197											-2	36.363636363636374	-2	-24.207792207792195	-2	-28.207792207792195																																																																
324	EEo	Eeo			0.5	23.0					-2	33.5112554112555	-2	33.5112554112555			0.5	68.5	0.5	31.83910533910536	0.5	-11.660894660894634																																									-2	48.363636363636374	-2	32.76363636363638	-2	-10.207792207792195	-2	-29.307792207792197									-2	44.363636363636374	-2	34.363636363636374	-2	-26.207792207792195	-2	-30.207792207792195																									-2	76	-2	64	-2	68	-2	58									-2	54.54545454545456	-2	43.624819624819665	-2	46.48196248196254	-2	35.33910533910538									-2	29.212121212121204	-2	26.291486291486294	-2	8.648629148629162	-2	8.839105339105359
341	OOe	Ooe			0.4	23.4	0.4	71.08571428571442	0.4	53.885714285714336	0.4	33.911255411255496	0.4	33.911255411255496					-2	29.83910533910536	-2	-13.660894660894634									-2	84	-2	66	-2	56	-2	30.285714285714292									-2	64	-2	42	-2	14	-2	-16.91428571428571									-2	46.363636363636374	-2	30.76363636363638	-2	-12.207792207792195	-2	-31.307792207792197									-2	42.363636363636374	-2	32.363636363636374	-2	-28.207792207792195	-2	-32.207792207792195																																									-2	52.54545454545456	-2	41.624819624819665	-2	44.48196248196254	-2	33.33910533910538									-2	27.212121212121204	-2	24.291486291486294	-2	6.648629148629162	-2	6.839105339105359
399	OOO	Ooo			0.4	23.799999999999997	0.4	71.48571428571442	0.4	54.285714285714334	0.4	34.311255411255495	0.4	34.311255411255495					-2	27.83910533910536	-2	-15.660894660894634									-2	82	-2	64	-2	54	-2	28.285714285714292									-2	62	-2	40	-2	12	-2	-18.91428571428571									-2	44.363636363636374	-2	28.76363636363638	-2	-14.207792207792195	-2	-33.3077922077922									-2	40.363636363636374	-2	30.363636363636374	-2	-30.207792207792195	-2	-34.207792207792195																																																																
416	OOi	Ooi			0.4	24.199999999999996	0.4	71.88571428571443	0.4	54.68571428571433	0.4	34.71125541125549	0.4	34.71125541125549					-2	25.83910533910536	-2	-17.660894660894634									-2	80	-2	62	-2	52	-2	26.285714285714292									-2	60	-2	38	-2	10	-2	-20.91428571428571									-2	42.363636363636374	-2	26.76363636363638	-2	-16.207792207792195	-2	-35.3077922077922									-2	38.363636363636374	-2	28.363636363636374	-2	-32.207792207792195	-2	-36.207792207792195																																													-2	42.48196248196254	-2	31.33910533910538													-2	4.648629148629162	-2	4.839105339105359
431	OOu	Oou			0.4	24.599999999999994	0.4	72.28571428571443	0.4	55.08571428571433	0.4	35.11125541125549	0.4	35.11125541125549					-2	23.83910533910536	-2	-19.660894660894634									-2	78	-2	60			-2	24.285714285714292									-2	58	-2	36			-2	-22.91428571428571									-2	40.363636363636374	-2	24.76363636363638			-2	-37.3077922077922									-2	36.363636363636374	-2	26.363636363636374			-2	-38.207792207792195																																																																
456	OO	Oo			0.4	24.999999999999993	0.4	72.68571428571444	0.4	55.48571428571433	0.4	35.51125541125549	0.4	35.51125541125549					-2	21.83910533910536	-2	-21.660894660894634									-2	76	-2	58	-2	50	-2	22.285714285714292									-2	56	-2	34	-2	8	-2	-24.91428571428571									-2	38.363636363636374	-2	22.76363636363638	-2	-18.207792207792195	-2	-39.3077922077922									-2	34.363636363636374	-2	24.363636363636374	-2	-34.207792207792195	-2	-40.207792207792195																																																																
477	oei	Oei	0.18181818181818182	75.032178932179	0	24.999999999999993	-2	70.68571428571444	-2	53.48571428571433	-2	33.51125541125549	-2	33.51125541125549					0.18181818181818182	22.020923520923542	0.18181818181818182	-21.47907647907645																																																																																																									0.18181818181818182	52.72727272727274	0.18181818181818182	41.806637806637845	0.18181818181818182	42.66378066378072	0.18181818181818182	31.520923520923564									0.18181818181818182	27.393939393939387	0.18181818181818182	24.473304473304477	0.18181818181818182	4.830447330447344	0.18181818181818182	5.0209235209235406
518	EEa	Eea			0.5	25.499999999999993					-2	31.51125541125549	-2	31.51125541125549			0.5	69.0	0.5	22.520923520923542	0.5	-20.97907647907645																																													-2	-20.207792207792195	-2	-41.3077922077922													-2	-36.207792207792195	-2	-42.207792207792195																									-2	74	-2	62	-2	66	-2	56									-2	50.72727272727274	-2	39.806637806637845	-2	40.66378066378072	-2	29.520923520923564									-2	25.393939393939387	-2	22.473304473304477	-2	2.8304473304473436	-2	3.0209235209235406
576	euo	Euo	0.2222222222222222	75.25440115440122	0	25.499999999999993					0.2222222222222222	31.733477633477712	0.2222222222222222	31.733477633477712			-2	67.0	-2	20.520923520923542	-2	-22.97907647907645																																											0.2222222222222222	22.9858585858586	0.2222222222222222	-19.985569985569974	0.2222222222222222	-41.085569985569975											0.2222222222222222	24.585858585858595	0.2222222222222222	-35.985569985569974	0.2222222222222222	-41.985569985569974																																																																
595	EEE	Eee			0.5	25.999999999999993					-2	29.733477633477712	-2	29.733477633477712			0.5	67.5	0.5	21.020923520923542	0.5	-22.47907647907645																																																																																									-2	72	-2	60	-2	64	-2	54									-2	48.72727272727274	-2	37.806637806637845	-2	38.66378066378072	-2	27.520923520923564									-2	23.393939393939387	-2	20.473304473304477	-2	0.8304473304473436	-2	1.0209235209235406
604	OOe	Ooe			0.4	26.39999999999999	0.4	71.08571428571445	0.4	53.88571428571433	0.4	30.13347763347771	0.4	30.13347763347771					-2	19.020923520923542	-2	-24.47907647907645									-2	74	-2	56	-2	48	-2	20.285714285714292									-2	54	-2	32	-2	6	-2	-26.91428571428571									-2	36.363636363636374	-2	20.9858585858586	-2	-21.985569985569974	-2	-43.085569985569975									-2	32.363636363636374	-2	22.585858585858595	-2	-37.985569985569974	-2	-43.985569985569974																																									-2	46.72727272727274	-2	35.806637806637845	-2	36.66378066378072	-2	25.520923520923564									-2	21.393939393939387	-2	18.473304473304477	-2	-1.1695526695526564	-2	-0.9790764790764594
605	OOi	Ooi			0.4	26.79999999999999	0.4	71.48571428571445	0.4	54.28571428571433	0.4	30.53347763347771	0.4	30.53347763347771					-2	17.020923520923542	-2	-26.47907647907645									-2	72	-2	54	-2	46	-2	18.285714285714292									-2	52	-2	30	-2	4	-2	-28.91428571428571									-2	34.363636363636374	-2	18.9858585858586	-2	-23.985569985569974	-2	-45.085569985569975									-2	30.363636363636374	-2	20.585858585858595	-2	-39.985569985569974	-2	-45.985569985569974																																													-2	34.66378066378072	-2	23.520923520923564													-2	-3.1695526695526564	-2	-2.9790764790764594
631	OOa	Ooa			0.4	27.19999999999999	0.4	71.88571428571446	0.4	54.685714285714326	0.4	30.933477633477708	0.4	30.933477633477708					-2	15.020923520923542	-2	-28.47907647907645									-2	70	-2	52			-2	16.285714285714292									-2	50	-2	28			-2	-30.91428571428571									-2	32.363636363636374	-2	16.9858585858586			-2	-47.085569985569975									-2	28.363636363636374	-2	18.585858585858595			-2	-47.985569985569974																																																																
640	EE	Ee			0.5	27.69999999999999					-2	28.933477633477708	-2	28.933477633477708			0.5	68.0	0.5	15.520923520923542	0.5	-27.97907647907645																																																																																									-2	70	-2	58	-2	62	-2	52									-2	44.72727272727274	-2	33.806637806637845	-2	32.66378066378072	-2	21.520923520923564									-2	19.393939393939387	-2	16.473304473304477	-2	-5.169552669552656	-2	-4.9790764790764594
745	EEo	Eeo			0.5	28.19999999999999					-2	26.933477633477708	-2	26.933477633477708			0.5	68.5	0.5	16.020923520923542	0.5	-27.47907647907645																																									-2	30.363636363636374	-2	14.985858585858601	-2	-25.985569985569974	-2	-49.085569985569975									-2	26.363636363636374	-2	16.585858585858595	-2	-41.985569985569974	-2	-49.985569985569974																									-2	68	-2	56	-2	60	-2	50									-2	42.72727272727274	-2	31.806637806637845	-2	30.66378066378072	-2	19.520923520923564									-2	17.393939393939387	-2	14.473304473304477	-2	-7.169552669552656	-2	-6.9790764790764594
760	OOi	Ooi			0.4	28.599999999999987	0.4	72.28571428571446	0.4	55.085714285714324	0.4	27.333477633477706	0.4	27.333477633477706					-2	14.020923520923542	-2	-29.47907647907645									-2	68	-2	50	-2	44	-2	14.285714285714292									-2	48	-2	26	-2	2	-2	-32.91428571428571									-2	28.363636363636374	-2	12.985858585858601	-2	-27.985569985569974	-2	-51.085569985569975									-2	24.363636363636374	-2	14.585858585858595	-2	-43.985569985569974	-2	-51.985569985569974																																													-2	28.66378066378072	-2	17.520923520923564													-2	-9.169552669552656	-2	-8.97907647907646
809	EEE	Eee			0.5	29.099999999999987					-2	25.333477633477706	-2	25.333477633477706			0.5	69.0	0.5	14.520923520923542	0.5	-28.97907647907645																																																																																									-2	66	-2	54	-2	58	-2	48									-2	40.72727272727274	-2	29.806637806637845	-2	26.66378066378072	-2	15.520923520923564									-2	15.393939393939387	-2	12.473304473304477	-2	-11.169552669552656	-2	-10.97907647907646
821	ouo	Ouo	0.6666666666666666	75.9210678210679	0	29.099999999999987	-2	70.28571428571446	-2	53.085714285714324	-2	23.333477633477706	-2	23.333477633477706					0.6666666666666666	15.187590187590208	0.6666666666666666	-28.312409812409783											-2	48	-2	42	-2	12.285714285714292											-2	24	-2	0	-2	-34.91428571428571											-2	10.985858585858601	-2	-29.985569985569974	-2	-53.085569985569975											-2	12.585858585858595	-2	-45.985569985569974	-2	-53.985569985569974																																																																
864	oau	Oau	0.6666666666666666	76.58773448773456	0	29.099999999999987	-2	68.28571428571446	-2	51.085714285714324	-2	21.333477633477706	-2	21.333477633477706					0.6666666666666666	15.854256854256874	0.6666666666666666	-27.645743145743115													-2	40	-2	10.285714285714292													-2	-2	-2	-36.91428571428571													-2	-31.985569985569974	-2	-55.085569985569975													-2	-47.985569985569974	-2	-55.985569985569974																																																																
947	EE	Ee			0.5	29.599999999999987					-2	19.333477633477706	-2	19.333477633477706			0.5	69.5	0.5	16.354256854256874	0.5	-27.145743145743115																																																																																									-2	64	-2	52	-2	56	-2	46									-2	38.72727272727274	-2	27.806637806637845	-2	24.66378066378072	-2	13.520923520923564									-2	13.393939393939387	-2	10.473304473304477	-2	-13.169552669552656	-2	-12.97907647907646
949	OOi	Ooi			0.4	29.999999999999986	0.4	68.68571428571447	0.4	51.48571428571432	0.4	19.733477633477705	0.4	19.733477633477705					-2	14.354256854256874	-2	-29.145743145743115									-2	66	-2	46	-2	38	-2	8.285714285714292									-2	46	-2	22	-2	-4	-2	-38.91428571428571									-2	26.363636363636374	-2	8.985858585858601	-2	-33.985569985569974	-2	-57.085569985569975									-2	22.363636363636374	-2	10.585858585858595	-2	-49.985569985569974	-2	-57.985569985569974																																													-2	22.66378066378072	-2	11.520923520923564													-2	-15.169552669552656	-2	-14.97907647907646
1011	oaa	Oaa	0.6666666666666666	77.25440115440124	0	29.999999999999986	-2	66.68571428571447	-2	49.48571428571432	-2	17.733477633477705	-2	17.733477633477705					0.6666666666666666	15.02092352092354	0.6666666666666666	-28.479076479076447													-2	36	-2	6.285714285714292													-2	-6	-2	-40.91428571428571													-2	-35.985569985569974	-2	-59.085569985569975													-2	-51.985569985569974	-2	-59.985569985569974																																																																
1012	OOe	Ooe			0.4	30.399999999999984	0.4	67.08571428571447	0.4	49.88571428571432	0.4	18.133477633477703	0.4	18.133477633477703					-2	13.02092352092354	-2	-30.479076479076447									-2	64	-2	44	-2	34	-2	4.285714285714292									-2	44	-2	20	-2	-8	-2	-42.91428571428571									-2	24.363636363636374	-2	6.985858585858601	-2	-37.985569985569974	-2	-61.085569985569975									-2	20.363636363636374	-2	8.585858585858595	-2	-53.985569985569974	-2	-61.985569985569974																																									-2	36.72727272727274	-2	25.806637806637845	-2	20.66378066378072	-2	9.520923520923564									-2	11.393939393939387	-2	8.473304473304477	-2	-17.169552669552658	-2	-16.97907647907646
1094	OO	Oo			0.4	30.799999999999983	0.4	67.48571428571448	0.4	50.28571428571432	0.4	18.533477633477702	0.4	18.533477633477702					-2	11.02092352092354	-2	-32.47907647907645									-2	62	-2	42	-2	32	-2	2.285714285714292									-2	42	-2	18	-2	-10	-2	-44.91428571428571									-2	22.363636363636374	-2	4.985858585858601	-2	-39.985569985569974	-2	-63.085569985569975									-2	18.363636363636374	-2	6.585858585858595	-2	-55.985569985569974	-2	-63.985569985569974																																																																
2277	OOu	Oou			0.4	31.19999999999998	0.4	67.88571428571449	0.4	50.68571428571432	0.4	18.9334776334777	0.4	18.9334776334777					-2	9.02092352092354	-2	-34.47907647907645									-2	60	-2	40			-2	0.2857142857142918									-2	40	-2	16			-2	-46.91428571428571									-2	20.363636363636374	-2	2.985858585858601			-2	-65.08556998556998									-2	16.363636363636374	-2	4.585858585858595			-2	-65.98556998556998																																																																
3276	eoe	Eoe	0.18181818181818182	77.43621933621942	0	31.19999999999998					0.18181818181818182	19.115295815295884	0.18181818181818182	19.115295815295884			-2	67.5	-2	7.0209235209235406	-2	-36.47907647907645																																									0.18181818181818182	20.545454545454557	0.18181818181818182	3.1676767676767827	0.18181818181818182	-39.803751803751794	0.18181818181818182	-64.90375180375179									0.18181818181818182	16.545454545454557	0.18181818181818182	4.767676767676777	0.18181818181818182	-55.803751803751794	0.18181818181818182	-65.8037518037518																											-2	50			-2	44											-2	23.806637806637845			-2	7.520923520923564											-2	6.473304473304477			-2	-18.97907647907646
4710	EEu	Eeu			0.5	31.69999999999998					-2	17.115295815295884	-2	17.115295815295884			0.5	68.0	0.5	7.5209235209235406	0.5	-35.97907647907645																																													-2	-41.803751803751794	-2	-66.90375180375179													-2	-57.803751803751794	-2	-67.8037518037518																									-2	62	-2	48	-2	54	-2	42									-2	34.72727272727274	-2	21.806637806637845	-2	18.66378066378072	-2	5.520923520923564									-2	9.393939393939387	-2	4.473304473304477	-2	-19.169552669552658	-2	-20.97907647907646
8315	EEo	Eeo			0.05	31.749999999999982					-0.2	16.915295815295885	-0.2	16.915295815295885			0.05	68.05	0.05	7.57092352092354	0.05	-35.92907647907645																																									-0.2	20.345454545454558	-0.2	2.9676767676767826	-0.2	-42.0037518037518	-0.2	-67.10375180375179									-0.2	16.345454545454558	-0.2	4.567676767676777	-0.2	-58.0037518037518	-0.2	-68.0037518037518																									-0.2	61.8	-0.2	47.8	-0.2	53.8	-0.2	41.8									-0.2	34.52727272727274	-0.2	21.606637806637846	-0.2	18.46378066378072	-0.2	5.3209235209235635									-0.2	9.193939393939388	-0.2	4.273304473304477	-0.2	-19.369552669552657	-0.2	-21.17907647907646
8511	oio	Oio	0.02857142857142857	77.46479076479085	0	31.749999999999982	-0.2	67.68571428571448	-0.2	50.485714285714316	-0.2	16.715295815295885	-0.2	16.715295815295885					0.02857142857142857	7.599494949494969	0.02857142857142857	-35.90050505050502											-0.2	39.8			-0.2	0.0857142857142918											-0.2	15.8			-0.2	-47.114285714285714											-0.2	2.7676767676767824			-0.2	-67.3037518037518																																																													0.02857142857142857	18.49235209235215	0.02857142857142857	5.349494949494992													0.02857142857142857	-19.34098124098123	0.02857142857142857	-21.150505050505032
8716	EEi	Eei			0.02857142857142857	31.77857142857141					-0.2	16.515295815295886	-0.2	16.515295815295886			0.02857142857142857	68.07857142857142	0.02857142857142857	7.628066378066397	0.02857142857142857	-35.871933621933586																																																																																									-0.2	61.599999999999994	-0.2	47.599999999999994			0.02857142857142857	41.82857142857143									-0.2	34.327272727272735	-0.2	21.406637806637846			0.02857142857142857	5.37806637806642									-0.2	8.993939393939389	-0.2	4.073304473304477			0.02857142857142857	-21.121933621933604
9848	EEo	Eeo			0.05	31.82857142857141					-0.2	16.315295815295887	-0.2	16.315295815295887			0.05	68.12857142857142	0.05	7.678066378066397	0.05	-35.82193362193359																																									-0.2	20.14545454545456	-0.2	2.567676767676782	-0.2	-42.2037518037518	-0.2	-67.5037518037518									-0.2	16.14545454545456	-0.2	4.367676767676777	-0.2	-58.2037518037518	-0.2	-68.2037518037518																									-0.2	61.39999999999999	-0.2	47.39999999999999	-0.2	53.599999999999994	-0.2	41.628571428571426									-0.2	34.12727272727273	-0.2	21.206637806637847	-0.2	18.29235209235215	-0.2	5.17806637806642									-0.2	8.79393939393939	-0.2	3.8733044733044766	-0.2	-19.54098124098123	-0.2	-21.321933621933603
10155	eoa	Eoa	0.0018181818181818182	77.46660894660903	0	31.82857142857141					0.0018181818181818182	16.317113997114067	0.0018181818181818182	16.317113997114067			-0.02	68.10857142857142	-0.02	7.658066378066398	-0.02	-35.84193362193359																																									0.0018181818181818182	20.14727272727274	0.0018181818181818182	2.569494949494964	0.0018181818181818182	-42.20193362193362	0.0018181818181818182	-67.50193362193362									0.0018181818181818182	16.14727272727274	0.0018181818181818182	4.369494949494959	0.0018181818181818182	-58.20193362193362	0.0018181818181818182	-68.20193362193362																																																																
10957	EE	Ee			0.005	31.83357142857141					-0.02	16.297113997114067	-0.02	16.297113997114067			0.005	68.11357142857142	0.005	7.6630663780663975	0.005	-35.83693362193359																																																																																									-0.02	61.37999999999999	-0.02	47.37999999999999	-0.02	53.57999999999999	-0.02	41.60857142857142									-0.02	34.10727272727273	-0.02	21.186637806637847	-0.02	18.27235209235215	-0.02	5.158066378066421									-0.02	8.77393939393939	-0.02	3.8533044733044766	-0.02	-19.560981240981228	-0.02	-21.341933621933602
15241	OOa	Ooa			0.0004	31.83397142857141	0.0004	67.68611428571448	0.0004	50.486114285714315	0.0004	16.297513997114066	0.0004	16.297513997114066					-0.002	7.661066378066398	-0.002	-35.83893362193359									-0.002	59.998	-0.002	39.797999999999995			-0.002	0.08371428571429179									-0.002	39.998	-0.002	15.798			-0.002	-47.116285714285716									-0.002	20.14527272727274	-0.002	2.5674949494949644			-0.002	-67.50393362193361									-0.002	16.14527272727274	-0.002	4.367494949494959			-0.002	-68.20393362193361																																																																
17977	EEa	Eea			0.0005	31.83447142857141					-0.002	16.295513997114067	-0.002	16.295513997114067			0.0005	68.11407142857142	0.0005	7.661566378066397	0.0005	-35.83843362193359																																													-0.002	-42.20393362193362	-0.002	-67.50593362193361													-0.002	-58.20393362193362	-0.002	-68.20593362193361																									-0.002	61.377999999999986	-0.002	47.377999999999986	-0.002	53.57799999999999	-0.002	41.60657142857142									-0.002	34.10527272727273	-0.002	21.18463780663785	-0.002	18.27035209235215	-0.002	5.156066378066421									-0.002	8.77193939393939	-0.002	3.851304473304477	-0.002	-19.562981240981227	-0.002	-21.3439336219336
18527	eii	Eii	0.0006666666666666666	77.46727561327569	0	31.83447142857141					0.0006666666666666666	16.296180663780735	0.0006666666666666666	16.296180663780735			-0.002	68.11207142857143	-0.002	7.659566378066398	-0.002	-35.84043362193359																																																																																													-0.002	53.575999999999986	-0.002	41.60457142857142													-0.002	18.268352092352153	-0.002	5.154066378066421													-0.002	-19.564981240981226	-0.002	-21.3459336219336
19351	EEa	Eea			0.0005	31.834971428571407					-0.002	16.294180663780736	-0.002	16.294180663780736			0.0005	68.11257142857143	0.0005	7.660066378066397	0.0005	-35.83993362193359																																													-0.002	-42.205933621933625	-0.002	-67.5079336219336													-0.002	-58.205933621933625	-0.002	-68.2079336219336																									-0.002	61.37599999999998	-0.002	47.37599999999998	-0.002	53.573999999999984	-0.002	41.602571428571416									-0.002	34.103272727272724	-0.002	21.18263780663785	-0.002	18.266352092352154	-0.002	5.152066378066421									-0.002	8.769939393939389	-0.002	3.849304473304477	-0.002	-19.566981240981224	-0.002	-21.3479336219336
TOTAL				77.46727561327569		31.834971428571407		67.68611428571448		50.486114285714315		16.294180663780736		16.294180663780736		100		68.11257142857143		7.660066378066397		-35.83993362193359		100		100		100		100		59.998		39.797999999999995		32		0.08371428571429179		100		100		100		100		39.998		15.798		-10		-47.116285714285716		100		100		100		100		20.14527272727274		2.5674949494949644		-42.205933621933625		-67.5079336219336		100		100		100		100		16.14527272727274		4.367494949494959		-58.205933621933625		-68.2079336219336		100		100		100		100		100		100		100		100		100		100		100		100		61.37599999999998		47.37599999999998		53.573999999999984		41.602571428571416		100		100		100		100		34.103272727272724		21.18263780663785		18.266352092352154		5.152066378066421		100		100		100		100		8.769939393939389		3.849304473304477		-19.566981240981224		-21.3479336219336
