trialnum	Generated	Heard	Id(Bk)Syl1	now	Id(Bk)	now	*F1	now	*F3	now	*F4	now	*F5	now	*B1	now	*B2	now	*B3	now	*B5	now	*F1_B1	now	*F1..._B1	now	*F1_B2	now	*F1..._B2	now	*F1_B3	now	*F1..._B3	now	*F1_B5	now	*F1..._B5	now	*F3_B1	now	*F3..._B1	now	*F3_B2	now	*F3..._B2	now	*F3_B3	now	*F3..._B3	now	*F3_B5	now	*F3..._B5	now	*F4_B1	now	*F4..._B1	now	*F4_B2	now	*F4..._B2	now	*F4_B3	now	*F4..._B3	now	*F4_B5	now	*F4..._B5	now	*F5_B1	now	*F5..._B1	now	*F5_B2	now	*F5..._B2	now	*F5_B3	now	*F5..._B3	now	*F5_B5	now	*F5..._B5	now	*_B1F1	now	*_B1...F1	now	*_B1F3	now	*_B1...F3	now	*_B1F4	now	*_B1...F4	now	*_B1F5	now	*_B1...F5	now	*_B2F1	now	*_B2...F1	now	*_B2F3	now	*_B2...F3	now	*_B2F4	now	*_B2...F4	now	*_B2F5	now	*_B2...F5	now	*_B3F1	now	*_B3...F1	now	*_B3F3	now	*_B3...F3	now	*_B3F4	now	*_B3...F4	now	*_B3F5	now	*_B3...F5	now	*_B5F1	now	*_B5...F1	now	*_B5F3	now	*_B5...F3	now	*_B5F4	now	*_B5...F4	now	*_B5F5	now	*_B5...F5	now
				0		0		140		140		140		140		140		140		140		140		100		120		100		120		100		120		100		120		100		120		100		120		100		120		100		120		100		120		100		120		100		120		100		120		100		120		100		120		100		120		100		120		100		120		100		120		100		120		100		120		100		120		100		120		100		120		100		120		100		120		100		120		100		120		100		120		100		120		100		120		100		120		100		120
0	Apriori	Id(Bk)Syl1>>Id(Bk)	40	40																																																																																																																																																		
1	yio	uio	2	42	2	2			2	142	2	142	2	142							-2	138																											2	122			2	122											2	122			2	122																																																																													-2	98	-2	118
2	oIo	OiO	2	44	2	4	-2	138	-2	140	-2	140	-2	140	2	142	2	142	2	142	2	140																																																																																																																																
5	OiO	oio	2	46	2	6	2	140	2	142	2	142	2	142					-2	140	-2	138																																																									-2	98	-2	118	-2	98	-2	118																																													-2	98	-2	118													-2	96	-2	116
7	Eo	eO	2	48	2	8	-2	138	-2	140	-2	140	-2	140			2	144	2	142	2	140																																																																																																																																
10	OaO	OAO			2	10			-2	138	-2	138	-2	138							2	142													2	102	2	122													2	102	2	124													2	102	2	124													2	100	2	120																																																	2	102	2	122	2	102	2	122	2	102	2	122	2	98	2	118
10	Apriori	Id(Bk)Syl1>>Id(Bk)	2	50																																																																																																																																																			
11	OAy	oau	2	52	2	12	2	140	2	140	2	140	2	140					-2	140	-2	140																																																																																																																																
13	aEi	Aei	2	54	2	14			-2	138	-2	138	-2	138			2	146	2	142	2	142																																																																																													2	102	2	122													2	100	2	120													2	100	2	120
14	Ao	AO			2	16	-2	138	-2	136	-2	136	-2	136					2	144	2	144																									2	102	2	124	2	104	2	126									2	102	2	124	2	104	2	126									2	100	2	120	2	102	2	122																																																																
14	Apriori	Id(Bk)Syl1>>Id(Bk)	2	56																																																																																																																																																			
16	eyO	euo			2	18	2	140	2	138	2	138	2	138					-2	142	-2	142																																											-2	122	-2	102	-2	124											-2	118	-2	100	-2	120																																																																
16	Apriori	Id(Bk)Syl1>>Id(Bk)	2	58																																																																																																																																																			
18	AOO	aoo	2	60	2	20	2	142	2	140	2	140	2	140					-2	140	-2	140																																																																																																																																
20	iuo	iyO			2	22	-2	140	-2	138	-2	138	-2	138					2	142	2	142																																																											2	120	2	102	2	122																																																																
20	Apriori	Id(Bk)Syl1>>Id(Bk)	2	62																																																																																																																																																			
23	OAO	oao	2	64	2	24	2	142	2	140	2	140	2	140					-2	140	-2	140																																																																																																																																
24	oyi	Oyi	2	66	2	26	-2	140	-2	138	-2	138	-2	138					2	142	2	142																																																																																																					2	102	2	122	2	102	2	122	2	102	2	122					2	104	2	124	2	104	2	124	2	102	2	122
25	iyO	iuo			2	28	2	142	2	140	2	140	2	140					-2	140	-2	140																																																											-2	118	-2	100	-2	120																																																																
25	Apriori	Id(Bk)Syl1>>Id(Bk)	2	68																																																																																																																																																			
26	aio	AiO	2	70	2	30	-2	140	-2	138	-2	138	-2	138					2	142	2	142																																																									2	102	2	120	2	102	2	122																																																													2	104	2	124
29	AoA	AOA			2	32	-2	138	-2	136	-2	136	-2	136					2	144	2	144																									2	104	2	126	2	106	2	128									2	104	2	124	2	104	2	126									2	104	2	122	2	104	2	124																																					2	104	2	124	2	104	2	124	2	104	2	124					2	106	2	126	2	106	2	126	2	106	2	126
29	Apriori	Id(Bk)Syl1>>Id(Bk)	2	72																																																																																																																																																			
32	AeO	aeo	2	74	2	34	2	140	2	138	2	138	2	138					-2	142	-2	142																																									-2	102	-2	122	-2	102	-2	124									-2	102	-2	120	-2	102	-2	122																																																									-2	104	-2	124	-2	104	-2	124
35	iOy	iou			2	36	2	142	2	140	2	140	2	140					-2	140	-2	140																																																									-2	100	-2	118	-2	100	-2	120																																																																
35	Apriori	Id(Bk)Syl1>>Id(Bk)	2	76																																																																																																																																																			
36	eu	ey			2	38			-2	138	-2	138	-2	138							2	142																																													2	104	2	126													2	102	2	122																																																																
36	Apriori	Id(Bk)Syl1>>Id(Bk)	2	78																																																																																																																																																			
38	Aye	aue	2	80	2	40			2	140	2	140	2	140							-2	140																																																																																																																									-2	102	-2	122	-2	102	-2	122
40	eai	eAi			2	42			-2	138	-2	138	-2	138							2	142																																													2	106	2	128													2	104	2	124																																																													2	104	2	124
40	Apriori	Id(Bk)Syl1>>Id(Bk)	2	82																																																																																																																																																			
43	iA	ia			2	44			2	140	2	140	2	140							-2	140																																																													-2	102	-2	122																																																																
43	Apriori	Id(Bk)Syl1>>Id(Bk)	2	84																																																																																																																																																			
44	Aye	aue	2	86	2	46			2	142	2	142	2	142							-2	138																																																																																																																									-2	100	-2	120	-2	102	-2	122
45	aie	Aie	2	88	2	48			-2	140	-2	140	-2	140							2	140																																																																																																																											2	122	2	104	2	124
47	aoi	AOi	2	90	2	50	-2	140	-2	138	-2	138	-2	138					2	142	2	142																																																																																																													2	106	2	126													2	106	2	126
48	yAo	uao	2	92	2	52			2	140	2	140	2	140							-2	140																									2	106	2	128	2	108	2	130									2	104	2	124	2	108	2	130									2	102	2	120	2	104	2	124																																																																
51	uii	yii	2	94	2	54			-2	138	-2	138	-2	138							2	142																																																																																																																													2	108	2	128
56	yyo	yyO			2	56	-2	138	-2	136	-2	136	-2	136					2	144	2	144																									2	108	2	130	2	110	2	132									2	106	2	126	2	110	2	132									2	104	2	122	2	106	2	126																																																																
56	Apriori	Id(Bk)Syl1>>Id(Bk)	2	96																																																																																																																																																			
57	yei	uei	2	98	2	58			2	138	2	138	2	138							-2	142																																																																																																																									-2	98	-2	120	-2	106	-2	126
59	aae	AAe	2	100	2	60			-2	136	-2	136	-2	136							2	144																																																																																																																									2	100	2	122	2	108	2	128
61	eyA	eua			2	62			2	138	2	138	2	138							-2	142																																													-2	108	-2	130													-2	104	-2	124																																																																
61	Apriori	Id(Bk)Syl1>>Id(Bk)	2	102																																																																																																																																																			
66	OA	oa	2	104	2	64	2	140	2	140	2	140	2	140					-2	142	-2	140																																																																																																																																
67	OAA	oaa	2	106	2	66	2	142	2	142	2	142	2	142					-2	140	-2	138																																																																																																																																
68	oee	Oee	2	108	2	68	-2	140	-2	140	-2	140	-2	140					2	142	2	140																																																																																																									2	106	2	126	2	108	2	128									2	102	2	124	2	110	2	130
69	Oee	oee	2	110	2	70	2	142	2	142	2	142	2	142					-2	140	-2	138																																																																																																									-2	104	-2	124	-2	106	-2	126									-2	100	-2	122	-2	108	-2	128
70	oeu	Oey	2	112	2	72	-2	140	-2	140	-2	140	-2	140					2	142	2	140																																													2	110	2	132													2	106	2	126																																									2	106	2	126	2	108	2	128									2	102	2	124	2	110	2	130
71	oeu	Oey	2	114	2	74	-2	138	-2	138	-2	138	-2	138					2	144	2	142																																													2	112	2	134													2	108	2	128																																									2	108	2	128	2	110	2	130									2	104	2	126	2	112	2	132
73	eAO	eao			2	76	2	140	2	140	2	140	2	140					-2	142	-2	140																																											-2	124	-2	110	-2	132											-2	120	-2	106	-2	126																																																																
73	Apriori	Id(Bk)Syl1>>Id(Bk)	2	116																																																																																																																																																			
75	Oue	oue	2	118	2	78	2	142	2	142	2	142	2	142					-2	140	-2	138													2	104	2	124													2	112	2	134													2	112	2	134													2	108	2	128																																											-2	126			-2	128											-2	124			-2	130
77	iai	iAi			2	80			-2	140	-2	140	-2	140							2	140																																																													2	110	2	130																																																													2	114	2	132
77	Apriori	Id(Bk)Syl1>>Id(Bk)	2	120																																																																																																																																																			
78	yei	uei	2	122	2	82			2	142	2	142	2	142							-2	138																																																																																																																									-2	102	-2	122	-2	112	-2	130
80	uei	yei	2	124	2	84			-2	140	-2	140	-2	140							2	140																																																																																																																									2	104	2	124	2	114	2	132
82	Ou	ou	2	126	2	86	2	144	2	142	2	142	2	142					-2	138	-2	138													2	106	2	126													2	114	2	136													2	114	2	136													2	112	2	132																																																																
86	uue	yye	2	128	2	88			-2	140	-2	140	-2	140							2	140																																																																																																																									2	106	2	126	2	116	2	134
87	AOe	aoe	2	130	2	90	2	146	2	142	2	142	2	142					-2	136	-2	138																																																																																																									-2	106	-2	124	-2	108	-2	126									-2	104	-2	124	-2	114	-2	132
88	eao	eAO			2	92	-2	144	-2	140	-2	140	-2	140					2	138	2	140																																											2	126	2	116	2	138											2	122	2	114	2	134																																																																
88	Apriori	Id(Bk)Syl1>>Id(Bk)	2	132																																																																																																																																																			
90	Ae	ae	2	134	2	94			2	142	2	142	2	142							-2	138																																																																																																																									-2	102	-2	122	-2	112	-2	130
91	oai	OAi	2	136	2	96	-2	142	-2	140	-2	140	-2	140					2	140	2	140																																																																																																															2	128													2	114	2	132
94	ioo	iOO			2	98	-2	140	-2	138	-2	138	-2	138					2	142	2	142																																																									2	106	2	124	2	116	2	136																																																																
94	Apriori	Id(Bk)Syl1>>Id(Bk)	2	138																																																																																																																																																			
95	oau	OAy	2	140	2	100	-2	138	-2	136	-2	136	-2	136					2	144	2	144																																																																																																																																
96	yOO	uoo	2	142	2	102	2	140	2	138	2	138	2	138					-2	142	-2	142																																																																																																																																
98	yio	yiO			2	104	-2	138	-2	136	-2	136	-2	136					2	144	2	144																											2	132			2	138											2	128			2	140									2	108	2	126	2	118	2	138																																																																
98	Apriori	Id(Bk)Syl1>>Id(Bk)	2	144																																																																																																																																																			
100	aeA	aea			2	106			2	138	2	138	2	138							-2	142																																													-2	114	-2	138													-2	116	-2	136																																																							2	128								
100	Apriori	Id(Bk)Syl1>>Id(Bk)	2	146																																																																																																																																																			
101	Aye	aue	2	148	2	108			2	140	2	140	2	140							-2	140																																																																																																																									-2	100	-2	120	-2	112	-2	130
103	ey	eu			2	110			2	142	2	142	2	142							-2	138																																													-2	112	-2	136													-2	114	-2	134																																																																
103	Apriori	Id(Bk)Syl1>>Id(Bk)	2	150																																																																																																																																																			
104	iaa	iAA			2	112			-2	140	-2	140	-2	140							2	140																																																													2	116	2	136																																																																
104	Apriori	Id(Bk)Syl1>>Id(Bk)	2	152																																																																																																																																																			
105	eOa	eOA			2	114			-2	138	-2	138	-2	138							2	142													2	108	2	128													2	116	2	140													2	114	2	138													2	118	2	138																																																																
105	Apriori	Id(Bk)Syl1>>Id(Bk)	2	154																																																																																																																																																			
107	uyi	uui			2	116			2	140	2	140	2	140							-2	140																																																																																																																					2	108	2	130	2	102	2	122			-2	128
107	Apriori	Id(Bk)Syl1>>Id(Bk)	2	156																																																																																																																																																			
108	Oue	Oye			2	118			-2	138	-2	138	-2	138							2	142													2	110	2	130													2	118	2	142													2	116	2	140													2	120	2	140																																																									2	104	2	124	2	114	2	130
108	Apriori	Id(Bk)Syl1>>Id(Bk)	2	158																																																																																																																																																			
112	aye	aue			2	120			2	140	2	140	2	140							-2	140																																																																																																																					2	110	2	132			-2	122			-2	128
112	Apriori	Id(Bk)Syl1>>Id(Bk)	2	160																																																																																																																																																			
113	uOi	uoi			2	122	2	140	2	142	2	142	2	142					-2	142	-2	138																																																																																																													-2	106	-2	126	2	104	2	124	2	112	2	134	2	106	2	124			-2	126
113	Apriori	Id(Bk)Syl1>>Id(Bk)	2	162																																																																																																																																																			
114	Aoo	AOO			2	124	-2	138	-2	140	-2	140	-2	140					2	144	2	140																									2	110	2	134	2	120	2	144									2	108	2	130	2	118	2	142									2	110	2	128	2	122	2	142																																																																
114	Apriori	Id(Bk)Syl1>>Id(Bk)	2	164																																																																																																																																																			
116	iA	ia			2	126			2	142	2	142	2	142							-2	138																																																													-2	120	-2	140																																																																
116	Apriori	Id(Bk)Syl1>>Id(Bk)	2	166																																																																																																																																																			
119	aOi	aoi			2	128	2	140	2	144	2	144	2	144					-2	142	-2	136																																																																																																													-2	104	-2	124	2	106	2	126	2	114	2	136	2	108	2	126			-2	124
119	Apriori	Id(Bk)Syl1>>Id(Bk)	2	168																																																																																																																																																			
121	oOa	ooa			2	130	2	142	2	146	2	146	2	146					-2	140	-2	134													2	112	2	132													2	122	2	146													2	120	2	144													2	122	2	142																																	2	102	2	122	2	106	2	126	2	108	2	126	2	106	2	126	2	108	2	128	2	116	2	138	2	110	2	128	2	116	2	126
121	Apriori	Id(Bk)Syl1>>Id(Bk)	2	170																																																																																																																																																			
126	iau	iAy			2	132			-2	144	-2	144	-2	144							2	136																																																													2	124	2	144																																																																
126	Apriori	Id(Bk)Syl1>>Id(Bk)	2	172																																																																																																																																																			
127	eey	eeu			2	134			2	146	2	146	2	146							-2	134																																													-2	118	-2	142													-2	122	-2	142																																																																
127	Apriori	Id(Bk)Syl1>>Id(Bk)	2	174																																																																																																																																																			
128	eeo	eeO			2	136	-2	140	-2	144	-2	144	-2	144					2	142	2	136																																									2	110	2	132	2	120	2	144									2	112	2	130	2	124	2	144																																																																
128	Apriori	Id(Bk)Syl1>>Id(Bk)	2	176																																																																																																																																																			
132	euI	eyi			2	138			-2	142	-2	142	-2	142	2	144	2	148	2	144	2	138																																			2	122			2	122			2	134	2	122	2	146			2	122			2	122			2	132	2	126	2	146																																																																
132	Apriori	Id(Bk)Syl1>>Id(Bk)	2	178																																																																																																																																																			
139	ueO	ueo			2	140	2	142	2	144	2	144	2	144					-2	142	-2	136																																									-2	108	-2	132	-2	120	-2	144									-2	110	-2	130	-2	124	-2	144																																																			2	130			2	140								
139	Apriori	Id(Bk)Syl1>>Id(Bk)	2	180																																																																																																																																																			
141	iey	ieu			2	142			2	146	2	146	2	146							-2	134																																													-2	118	-2	142													-2	122	-2	142																																																																
141	Apriori	Id(Bk)Syl1>>Id(Bk)	2	182																																																																																																																																																			
145	euE	eye			2	144			-2	144	-2	144	-2	144			2	150	2	144	2	136																																							2	124			2	134	2	120	2	144							2	124			2	132	2	124	2	144																																																																
145	Apriori	Id(Bk)Syl1>>Id(Bk)	2	184																																																																																																																																																			
147	iu	iy			2	146			-2	142	-2	142	-2	142							2	138																																																													2	126	2	146																																																																
147	Apriori	Id(Bk)Syl1>>Id(Bk)	2	186																																																																																																																																																			
152	iyy	iuu			2	148			2	144	2	144	2	144							-2	136																																																													-2	124	-2	144																																																																
152	Apriori	Id(Bk)Syl1>>Id(Bk)	2	188																																																																																																																																																			
153	eoe	eOe			2	150	-2	140	-2	142	-2	142	-2	142					2	146	2	138																																									2	110	2	136	2	122	2	146									2	112	2	134	2	126	2	146																																									2	110	2	128	2	108	2	128									2	112	2	130	2	118	2	128
153	Apriori	Id(Bk)Syl1>>Id(Bk)	2	190																																																																																																																																																			
175	iyi	iui			2	152			2	144	2	144	2	144							-2	136																																																													-2	124	-2	144																																																													-2	116	-2	126
175	Apriori	Id(Bk)Syl1>>Id(Bk)	2	192																																																																																																																																																			
337	eOi	eoi			2	154	2	142	2	146	2	146	2	146					-2	144	-2	134																																									-2	108	-2	134	-2	120	-2	144									-2	110	-2	132	-2	122	-2	142																																													-2	106	-2	126													-2	114	-2	124
337	Apriori	Id(Bk)Syl1>>Id(Bk)	2	194																																																																																																																																																			
366	yea	yeA			2	156			-2	144	-2	144	-2	144							2	136																															2	148													2	122	2	146													2	124	2	144																																																																
366	Apriori	Id(Bk)Syl1>>Id(Bk)	2	196																																																																																																																																																			
TOTAL				196		156		142		144		144		144		144		150		144		136		100		120		100		120		100		120		112		132		100		120		100		120		110		134		122		148		100		122		100		124		108		134		122		146		100		122		100		124		110		132		124		144		100		120		100		120		100		120		100		120		100		120		100		120		100		120		102		122		102		122		106		126		110		128		106		126		108		130		116		140		112		130		114		124
