trialnum	Generated	Heard	Id(Bk)Syl1	now	Id(Bk)	now	*F1	now	*F3	now	*F4	now	*F5	now	*B1	now	*B2	now	*B3	now	*B5	now	*F1_B1	now	*F1..._B1	now	*F1_B2	now	*F1..._B2	now	*F1_B3	now	*F1..._B3	now	*F1_B5	now	*F1..._B5	now	*F3_B1	now	*F3..._B1	now	*F3_B2	now	*F3..._B2	now	*F3_B3	now	*F3..._B3	now	*F3_B5	now	*F3..._B5	now	*F4_B1	now	*F4..._B1	now	*F4_B2	now	*F4..._B2	now	*F4_B3	now	*F4..._B3	now	*F4_B5	now	*F4..._B5	now	*F5_B1	now	*F5..._B1	now	*F5_B2	now	*F5..._B2	now	*F5_B3	now	*F5..._B3	now	*F5_B5	now	*F5..._B5	now	*_B1F1	now	*_B1...F1	now	*_B1F3	now	*_B1...F3	now	*_B1F4	now	*_B1...F4	now	*_B1F5	now	*_B1...F5	now	*_B2F1	now	*_B2...F1	now	*_B2F3	now	*_B2...F3	now	*_B2F4	now	*_B2...F4	now	*_B2F5	now	*_B2...F5	now	*_B3F1	now	*_B3...F1	now	*_B3F3	now	*_B3...F3	now	*_B3F4	now	*_B3...F4	now	*_B3F5	now	*_B3...F5	now	*_B5F1	now	*_B5...F1	now	*_B5F3	now	*_B5...F3	now	*_B5F4	now	*_B5...F4	now	*_B5F5	now	*_B5...F5	now
				0		0		61.34		83.53999999999999		131.14		179.18		50.0		60.98		108.64		205.0		50.0		50.0		50.0		50.0		52.3		54.3		56.7		62.34		50.0		50.0		50.0		50.0		57.2		62.68		70.42		87.4		50.0		50.0		50.0		50.0		62.68		68.64		87.72		106.14		50.0		50.0		50.0		50.0		68.0		73.53999999999999		104.24000000000001		121.94		50.0		50.0		50.0		50.0		50.0		50.0		50.0		50.0		50.0		50.0		50.0		50.0		52.7		54.0		54.8		56.56		50.0		50.0		50.0		50.0		58.14		60.98		65.42		69.4		50.0		50.0		50.0		50.0		68.42		73.52		86.9		95.22
1	OAy	Oau			3.6	3.6			3.6	87.13999999999999	3.6	134.73999999999998	3.6	182.78							-2	203.0													-2	54.7	-2	60.34													-2	68.42	-2	85.4													-2	85.72	-2	104.14													-2	102.24000000000001	-2	119.94																																																																
1	Apriori	Id(Bk)Syl1>>Id(Bk)	3.6	3.6																																																																																																																																																			
2	Oei	oei	3.3333333333333335	6.933333333333334	0	3.6	3.3333333333333335	64.67333333333333	3.3333333333333335	90.47333333333331	3.3333333333333335	138.07333333333332	3.3333333333333335	186.11333333333334					-2	106.64	-2	201.0																																																																																																									-2	56.14	-2	58.98	-2	63.42	-2	67.4									-2	66.42	-2	71.52	-2	84.9	-2	93.22
3	ee	Ee	7.5	14.433333333333334	0	3.6					7.5	145.57333333333332	7.5	193.61333333333334			-2	58.98	-2	104.64	-2	199.0																																																																																									-2	50.7	-2	52.0	-2	52.8	-2	54.56									-2	54.14	-2	56.98	-2	61.42	-2	65.4									-2	64.42	-2	69.52	-2	82.9	-2	91.22
4	eei	Eei	7.5	21.933333333333334	0	3.6					7.5	153.07333333333332	7.5	201.11333333333334			-2	56.98	-2	102.64	-2	197.0																																																																																									-2	48.7	-2	50.0	-2	50.8	-2	52.56									-2	52.14	-2	54.98	-2	59.42	-2	63.400000000000006									-2	62.42	-2	67.52	-2	80.9	-2	89.22
5	oIE	Oie	1.3333333333333333	23.266666666666666	0	3.6	-2	62.67333333333333	-2	88.47333333333331	-2	151.07333333333332	-2	199.11333333333334	1.3333333333333333	51.333333333333336	1.3333333333333333	58.31333333333333	1.3333333333333333	103.97333333333333	1.3333333333333333	198.33333333333334																																																																																																																																
6	eO	Eo	1.0	24.266666666666666	0	3.6	1.0	63.67333333333333	1.0	89.47333333333331	1.0	152.07333333333332	1.0	200.11333333333334			-2	56.31333333333333	-2	101.97333333333333	-2	196.33333333333334																																																																																																																																
7	iyy	iuu			1.2	4.8			1.2	90.67333333333332	1.2	153.2733333333333	1.2	201.31333333333333							-2	194.33333333333334																																																													-2	100.24000000000001	-2	117.94																																																																
8	aIa	Aia	2.3333333333333335	26.599999999999998	0	4.8			-2	88.67333333333332	-2	151.2733333333333	-2	199.31333333333333	2.3333333333333335	53.66666666666667	2.3333333333333335	58.64666666666667	2.3333333333333335	104.30666666666666	2.3333333333333335	196.66666666666669																															-2	83.4															-2	102.14													-2	98.24000000000001	-2	115.94																																																																
9	Oey	oeu	4.666666666666667	31.266666666666666	0	4.8	4.666666666666667	68.34	4.666666666666667	93.33999999999999	4.666666666666667	155.93999999999997	4.666666666666667	203.98					-2	102.30666666666666	-2	194.66666666666669																																													-2	83.72	-2	100.14													-2	96.24000000000001	-2	113.94																																									-2	50.14	-2	52.98	-2	57.42	-2	61.400000000000006									-2	60.42	-2	65.52	-2	78.9	-2	87.22
10	oaE	oae			3.2	8.0					-2	153.93999999999997	-2	201.98			3.2	61.84666666666667	3.2	105.50666666666666	3.2	197.86666666666667																																																																																																											-2	50.98			-2	59.400000000000006									-2	58.42	-2	63.519999999999996	-2	76.9	-2	85.22
11	yye	yue			4.4	12.4			4.4	97.74	4.4	158.33999999999997	4.4	206.38							-2	195.86666666666667																													-2	66.42	-2	81.4													-2	81.72	-2	98.14													-2	94.24000000000001	-2	111.94																																																									-2	56.42	-2	61.519999999999996	-2	74.9	-2	83.22
12	EEE	Eee			5.6	18.0					-2	156.33999999999997	-2	204.38			5.6	67.44666666666667	5.6	111.10666666666665	5.6	201.46666666666667																																																																																									-2	46.7	-2	48.0	-2	48.8	-2	50.56									-2	48.14	-2	48.98	-2	55.42	-2	57.400000000000006									-2	54.42	-2	59.519999999999996	-2	72.9	-2	81.22
13	uI	ui			1.0	19.0							-2	202.38	1.0	54.66666666666667	1.0	68.44666666666667	1.0	112.10666666666665	1.0	202.46666666666667																																																																																																																													-2	70.9	-2	79.22
15	iiO	iio			2.0	21.0	2.0	70.34	2.0	99.74	2.0	158.33999999999997	2.0	204.38					-2	110.10666666666665	-2	200.46666666666667																																																									-2	66.0	-2	71.53999999999999	-2	92.24000000000001	-2	109.94																																																																
16	uEI	yei	1.0	32.266666666666666	0	21.0			-2	97.74	-2	156.33999999999997	-2	202.38	1.0	55.66666666666667	1.0	69.44666666666667	1.0	111.10666666666665	1.0	201.46666666666667																																																																																																																																
19	AOi	Aoi			6.0	27.0	6.0	76.34	6.0	103.74	6.0	162.33999999999997	6.0	208.38					-2	109.10666666666665	-2	199.46666666666667																									-2	55.2	-2	60.68	-2	64.42	-2	79.4									-2	60.68	-2	66.64	-2	79.72	-2	96.14									-2	64.0	-2	69.53999999999999	-2	90.24000000000001	-2	107.94																																													-2	53.42	-2	55.400000000000006													-2	68.9	-2	77.22
20	uEE	uee			2.4	29.4					-2	160.33999999999997	-2	206.38			2.4	71.84666666666668	2.4	111.50666666666666	2.4	201.86666666666667																																																																																																																									-2	52.42	-2	57.519999999999996	-2	66.9	-2	75.22
21	oIo	Oio	4.666666666666667	36.93333333333333	0	29.4	-2	74.34	-2	101.74	-2	158.33999999999997	-2	204.38	4.666666666666667	60.333333333333336	4.666666666666667	76.51333333333335	4.666666666666667	116.17333333333333	4.666666666666667	206.53333333333333											-2	52.3			-2	58.34											-2	58.68			-2	77.4											-2	64.64			-2	94.14									-2	62.0	-2	67.53999999999999	-2	88.24000000000001	-2	105.94																																																																
23	uuu	yuu	6.0	42.93333333333333	0	29.4			-2	99.74	-2	156.33999999999997	-2	202.38							6.0	212.53333333333333																													-2	62.42	-2	75.4													-2	77.72	-2	92.14													-2	86.24000000000001	-2	103.94																																																																
25	yyi	yui			3.6	33.0			3.6	103.33999999999999	3.6	159.93999999999997	3.6	205.98							-2	210.53333333333333																													-2	60.42	-2	73.4													-2	75.72	-2	90.14													-2	84.24000000000001	-2	101.94																																																													-2	64.9	-2	73.22
26	eA	ea			2.0	35.0			2.0	105.33999999999999	2.0	161.93999999999997	2.0	207.98							-2	208.53333333333333																																													-2	73.72	-2	88.14													-2	82.24000000000001	-2	99.94																																																																
27	EaE	Eae			4.0	39.0					-2	159.93999999999997	-2	205.98			4.0	80.51333333333335	4.0	120.17333333333333	4.0	212.53333333333333																																																																																											-2	46.0			-2	48.56											-2	46.98			-2	53.400000000000006									-2	50.42	-2	55.519999999999996	-2	62.900000000000006	-2	71.22
29	AiO	Aio			3.3333333333333335	42.333333333333336	3.3333333333333335	77.67333333333333	3.3333333333333335	108.67333333333332	3.3333333333333335	163.2733333333333	3.3333333333333335	209.31333333333333					-2	118.17333333333333	-2	210.53333333333333																											-2	56.68			-2	71.4											-2	62.64			-2	86.14									-2	60.0	-2	65.53999999999999	-2	80.24000000000001	-2	97.94																																																																
30	Oyy	ouu	0.6666666666666666	43.599999999999994	0	42.333333333333336	0.6666666666666666	78.34	0.6666666666666666	109.33999999999999	0.6666666666666666	163.93999999999997	0.6666666666666666	209.98					-2	116.17333333333333	-2	208.53333333333333																																																																																																																																
31	uuI	yui	3.6666666666666665	47.26666666666666	0	42.333333333333336			-2	107.33999999999999	-2	161.93999999999997	-2	207.98	3.6666666666666665	64.0	3.6666666666666665	84.18000000000002	3.6666666666666665	119.84	3.6666666666666665	212.2																													-2	58.42	-2	69.4													-2	71.72	-2	84.14													-2	78.24000000000001	-2	95.94																																																													-2	60.900000000000006	-2	69.22
32	Aii	aii	1.2	48.46666666666666	0	42.333333333333336			1.2	108.53999999999999	1.2	163.13999999999996	1.2	209.17999999999998							-2	210.2																																																																																																																													-2	58.900000000000006	-2	67.22
33	OeO	oeo	6.0	54.46666666666666	0	42.333333333333336	6.0	84.34	6.0	114.53999999999999	6.0	169.13999999999996	6.0	215.17999999999998					-2	117.84	-2	208.2																																									-2	58.68	-2	60.64	-2	69.72	-2	82.14									-2	58.0	-2	63.53999999999999	-2	76.24000000000001	-2	93.94																																									-2	46.14	-2	44.98	-2	51.42	-2	51.400000000000006									-2	48.42	-2	53.519999999999996	-2	56.900000000000006	-2	65.22
35	aE	ae			2.4	44.733333333333334					-2	167.13999999999996	-2	213.17999999999998			2.4	86.58000000000003	2.4	120.24000000000001	2.4	210.6																																																																																																																									-2	46.42	-2	51.519999999999996	-2	54.900000000000006	-2	63.22
36	ouE	Oue	6.4	60.86666666666666	0	44.733333333333334	-2	82.34	-2	112.53999999999999	-2	165.13999999999996	-2	211.17999999999998			6.4	92.98000000000003	6.4	126.64000000000001	6.4	217.0													-2	52.7	-2	56.34													-2	56.42	-2	67.4													-2	67.72	-2	80.14													-2	74.24000000000001	-2	91.94																																																									-2	44.42	-2	49.519999999999996	-2	52.900000000000006	-2	61.22
37	eOA	Eoa	1.0	61.86666666666666	0	44.733333333333334	1.0	83.34	1.0	113.53999999999999	1.0	166.13999999999996	1.0	212.17999999999998			-2	90.98000000000003	-2	124.64000000000001	-2	215.0																																																																																																																																
38	AyA	Aua			2.8	47.53333333333333			2.8	116.33999999999999	2.8	168.93999999999997	2.8	214.98							-2	213.0																													-2	54.42	-2	65.4													-2	65.72	-2	78.14													-2	72.24000000000001	-2	89.94																																																																
39	Eoo	eoo	4.0	65.86666666666666	0	47.53333333333333					-2	166.93999999999997	-2	212.98			4.0	94.98000000000003	4.0	128.64000000000001	4.0	217.0																																									-2	56.68	-2	58.64	-2	63.72	-2	76.14									-2	56.0	-2	61.53999999999999	-2	70.24000000000001	-2	87.94																																																																
40	Ay	au	0.4	66.26666666666667	0	47.53333333333333			0.4	116.74	0.4	167.33999999999997	0.4	213.38							-2	215.0																																																																																																																																
41	iOA	ioa			2.0	49.53333333333333	2.0	85.34	2.0	118.74	2.0	169.33999999999997	2.0	215.38					-2	126.64000000000001	-2	213.0																																																									-2	54.0	-2	59.53999999999999	-2	68.24000000000001	-2	85.94																																																																
42	ouI	Oui	4.666666666666667	70.93333333333334	0	49.53333333333333	-2	83.34	-2	116.74	-2	167.33999999999997	-2	213.38	4.666666666666667	68.66666666666667	4.666666666666667	99.6466666666667	4.666666666666667	131.30666666666667	4.666666666666667	217.66666666666666													-2	50.7	-2	54.34													-2	52.42	-2	63.400000000000006													-2	61.72	-2	74.14													-2	66.24000000000001	-2	83.94																																																													-2	50.900000000000006	-2	59.22
43	yey	ueu	3.6	74.53333333333333	0	49.53333333333333			3.6	120.33999999999999	3.6	170.93999999999997	3.6	216.98							-2	215.66666666666666																																													-2	59.72	-2	72.14													-2	64.24000000000001	-2	81.94																																																									-2	42.42	-2	47.519999999999996	-2	48.900000000000006	-2	57.22
44	EEo	eeo	4.0	78.53333333333333	0	49.53333333333333					-2	168.93999999999997	-2	214.98			4.0	103.6466666666667	4.0	135.30666666666667	4.0	219.66666666666666																																									-2	54.68	-2	56.64	-2	57.72	-2	70.14									-2	52.0	-2	57.53999999999999	-2	62.24000000000001	-2	79.94																																																																
45	yyi	uui	1.2	79.73333333333333	0	49.53333333333333			1.2	121.53999999999999	1.2	170.13999999999996	1.2	216.17999999999998							-2	217.66666666666666																																																																																																																													-2	46.900000000000006	-2	55.22
46	iiA	iia			1.2	50.733333333333334			1.2	122.74	1.2	171.33999999999995	1.2	217.37999999999997							-2	215.66666666666666																																																													-2	60.24000000000001	-2	77.94																																																																
47	AOi	Aoi			6.0	56.733333333333334	6.0	89.34	6.0	128.74	6.0	177.33999999999995	6.0	223.37999999999997					-2	133.30666666666667	-2	213.66666666666666																									-2	53.2	-2	54.68	-2	50.42	-2	61.400000000000006									-2	52.68	-2	54.64	-2	55.72	-2	68.14									-2	50.0	-2	55.53999999999999	-2	58.24000000000001	-2	75.94																																													-2	49.42	-2	49.400000000000006													-2	44.900000000000006	-2	53.22
48	EuI	eui	2.6666666666666665	82.4	0	56.733333333333334					-2	175.33999999999995	-2	221.37999999999997	2.6666666666666665	71.33333333333334	2.6666666666666665	106.31333333333338	2.6666666666666665	135.97333333333333	2.6666666666666665	216.33333333333331																																													-2	53.72	-2	66.14													-2	56.24000000000001	-2	73.94																																																													-2	42.900000000000006	-2	51.22
49	ooI	Ooi	8.0	90.4	0	56.733333333333334	-2	87.34	-2	126.74000000000001	-2	173.33999999999995	-2	219.37999999999997	8.0	79.33333333333334	8.0	114.31333333333338	8.0	143.97333333333333	8.0	224.33333333333331									-2	50.3	-2	50.3	-2	48.7	-2	52.34									-2	51.2	-2	52.68	-2	48.42	-2	59.400000000000006									-2	50.68	-2	52.64	-2	51.72	-2	64.14									-2	48.0	-2	53.53999999999999	-2	54.24000000000001	-2	71.94																																													-2	47.42	-2	47.400000000000006													-2	40.900000000000006	-2	49.22
50	Ayi	Aui			3.6	60.333333333333336			3.6	130.34	3.6	176.93999999999994	3.6	222.97999999999996							-2	222.33333333333331																													-2	46.42	-2	57.400000000000006													-2	49.72	-2	62.14													-2	52.24000000000001	-2	69.94																																																													-2	38.900000000000006	-2	47.22
51	Ae	ae	2.0	92.4	0	60.333333333333336			2.0	132.34	2.0	178.93999999999994	2.0	224.97999999999996							-2	220.33333333333331																																																																																																																									-2	40.42	-2	45.519999999999996	-2	36.900000000000006	-2	45.22
52	oEE	Oee	1.6	94.0	0	60.333333333333336	-2	85.34	-2	130.34	-2	176.93999999999994	-2	222.97999999999996			1.6	115.91333333333337	1.6	145.57333333333332	1.6	221.9333333333333																																																																																																																																
53	yie	uie	1.6	95.6	0	60.333333333333336			1.6	131.94	1.6	178.53999999999994	1.6	224.57999999999996							-2	219.9333333333333																																																																																																																											-2	43.519999999999996	-2	34.900000000000006	-2	43.22
54	aau	Aau	6.0	101.6	0	60.333333333333336			-2	129.94	-2	176.53999999999994	-2	222.57999999999996							6.0	225.9333333333333																													-2	44.42	-2	55.400000000000006													-2	47.72	-2	60.14													-2	50.24000000000001	-2	67.94																																																																
55	eOA	Eoa	1.0	102.6	0	60.333333333333336	1.0	86.34	1.0	130.94	1.0	177.53999999999994	1.0	223.57999999999996			-2	113.91333333333337	-2	143.57333333333332	-2	223.9333333333333																																																																																																																																
56	yAi	uai	1.2	103.8	0	60.333333333333336			1.2	132.14	1.2	178.73999999999992	1.2	224.77999999999994							-2	221.9333333333333																																																																																																																													-2	32.900000000000006	-2	41.22
57	uIo	yio	3.6666666666666665	107.46666666666667	0	60.333333333333336			-2	130.14	-2	176.73999999999992	-2	222.77999999999994	3.6666666666666665	83.00000000000001	3.6666666666666665	117.58000000000004	3.6666666666666665	147.23999999999998	3.6666666666666665	225.59999999999997																											-2	50.68			-2	53.400000000000006											-2	50.64			-2	58.14									-2	46.0	-2	51.53999999999999	-2	48.24000000000001	-2	65.94																																																																
58	OAy	oau	0.6666666666666666	108.13333333333334	0	60.333333333333336	0.6666666666666666	87.00666666666667	0.6666666666666666	130.80666666666664	0.6666666666666666	177.40666666666658	0.6666666666666666	223.4466666666666					-2	145.23999999999998	-2	223.59999999999997																																																																																																																																
59	uIo	yio	3.6666666666666665	111.80000000000001	0	60.333333333333336			-2	128.80666666666664	-2	175.40666666666658	-2	221.4466666666666	3.6666666666666665	86.66666666666669	3.6666666666666665	121.24666666666671	3.6666666666666665	148.90666666666664	3.6666666666666665	227.26666666666662																											-2	48.68			-2	51.400000000000006											-2	48.64			-2	56.14									-2	44.0	-2	49.53999999999999	-2	46.24000000000001	-2	63.94																																																																
60	iOA	ioa			2.0	62.333333333333336	2.0	89.00666666666667	2.0	130.80666666666664	2.0	177.40666666666658	2.0	223.4466666666666					-2	146.90666666666664	-2	225.26666666666662																																																									-2	42.0	-2	47.53999999999999	-2	44.24000000000001	-2	61.94																																																																
61	OyO	Ouo			4.666666666666667	67.0	4.666666666666667	93.67333333333335	4.666666666666667	135.4733333333333	4.666666666666667	182.07333333333324	4.666666666666667	228.11333333333326					-2	144.90666666666664	-2	223.26666666666662											-2	48.3	-2	46.7	-2	50.34											-2	46.68	-2	42.42	-2	49.400000000000006											-2	46.64	-2	45.72	-2	54.14											-2	45.53999999999999	-2	42.24000000000001	-2	59.94																																																																
63	uuE	yue	5.2	117.00000000000001	0	67.0			-2	133.4733333333333	-2	180.07333333333324	-2	226.11333333333326			5.2	126.44666666666672	5.2	150.10666666666663	5.2	228.4666666666666																													-2	40.42	-2	47.400000000000006													-2	43.72	-2	52.14													-2	40.24000000000001	-2	57.94																																																									-2	38.42	-2	41.519999999999996	-2	30.900000000000006	-2	39.22
64	yiy	yiu			2.0	69.0			2.0	135.4733333333333	2.0	182.07333333333324	2.0	228.11333333333326							-2	226.4666666666666																															-2	45.400000000000006															-2	50.14													-2	38.24000000000001	-2	55.94																																																																
65	Iaa	iaa	1.0	118.00000000000001	0	69.0							-2	226.11333333333326	1.0	87.66666666666669	1.0	127.44666666666672	1.0	151.10666666666663	1.0	227.4666666666666																																																													-2	36.24000000000001	-2	53.94																																																																
67	II	ii	0.3333333333333333	118.33333333333334	0	69.0							-2	224.11333333333326	0.3333333333333333	88.00000000000001	0.3333333333333333	127.78000000000004	0.3333333333333333	151.43999999999997	0.3333333333333333	227.79999999999995																																																																																																																																
68	yeA	uea	3.6	121.93333333333334	0	69.0			3.6	139.0733333333333	3.6	185.67333333333323	3.6	227.71333333333325							-2	225.79999999999995																																													-2	41.72	-2	48.14													-2	34.24000000000001	-2	51.94																																																									-2	36.42	-2	39.519999999999996	-2	28.900000000000006	-2	37.22
69	AiA	aia	2.0	123.93333333333334	0	69.0			2.0	141.0733333333333	2.0	187.67333333333323	2.0	229.71333333333325							-2	223.79999999999995																																																													-2	32.24000000000001	-2	49.94																																																													-2	26.900000000000006	-2	35.22
70	oIE	oie			2.6666666666666665	71.66666666666667					-2	185.67333333333323	-2	227.71333333333325	2.6666666666666665	90.66666666666669	2.6666666666666665	130.44666666666672	2.6666666666666665	154.10666666666663	2.6666666666666665	226.4666666666666																																																																																																											-2	42.98	-2	45.42	-2	45.400000000000006											-2	37.519999999999996	-2	24.900000000000006	-2	33.22
71	oaI	oai			1.3333333333333333	73.0							-2	225.71333333333325	1.3333333333333333	92.00000000000001	1.3333333333333333	131.78000000000006	1.3333333333333333	155.43999999999997	1.3333333333333333	227.79999999999995																																																																																																															-2	43.400000000000006													-2	22.900000000000006	-2	31.22
72	eOe	Eoe	4.333333333333333	128.26666666666668	0	73.0	4.333333333333333	98.00666666666667	4.333333333333333	145.40666666666664	4.333333333333333	190.00666666666658	4.333333333333333	230.0466666666666			-2	129.78000000000006	-2	153.43999999999997	-2	225.79999999999995																																																																																											-2	44.0			-2	46.56									-2	44.14	-2	40.98	-2	43.42	-2	41.400000000000006									-2	34.42	-2	35.519999999999996	-2	20.900000000000006	-2	29.22
73	aIE	Aie	1.0	129.26666666666668	0	73.0			-2	143.40666666666664	-2	188.00666666666658	-2	228.0466666666666	1.0	93.00000000000001	1.0	130.78000000000006	1.0	154.43999999999997	1.0	226.79999999999995																																																																																																																																
74	uu	yu	6.0	135.26666666666668	0	73.0			-2	141.40666666666664	-2	186.00666666666658	-2	226.0466666666666							6.0	232.79999999999995																													-2	38.42	-2	43.400000000000006													-2	39.72	-2	46.14													-2	30.24000000000001	-2	47.94																																																																
75	iAO	iao			1.6666666666666667	74.66666666666667	1.6666666666666667	99.67333333333335	1.6666666666666667	143.0733333333333	1.6666666666666667	187.67333333333323	1.6666666666666667	227.71333333333325					-2	152.43999999999997	-2	230.79999999999995																																																											-2	43.53999999999999	-2	28.24000000000001	-2	45.94																																																																
76	uEI	uei			2.0	76.66666666666667					-2	185.67333333333323	-2	225.71333333333325	2.0	95.00000000000001	2.0	132.78000000000006	2.0	154.43999999999997	2.0	232.79999999999995																																																																																																																									-2	32.42	-2	33.519999999999996	-2	18.900000000000006	-2	27.22
77	iOO	ioo			2.0	78.66666666666667	2.0	101.67333333333335	2.0	145.0733333333333	2.0	187.67333333333323	2.0	227.71333333333325					-2	152.43999999999997	-2	230.79999999999995																																																									-2	40.0	-2	41.53999999999999	-2	26.24000000000001	-2	43.94																																																																
78	Aee	aee	2.0	137.26666666666668	0	78.66666666666667			2.0	147.0733333333333	2.0	189.67333333333323	2.0	229.71333333333325							-2	228.79999999999995																																																																																																																									-2	30.42	-2	31.519999999999996	-2	16.900000000000006	-2	25.22
79	yy	uu	0.4	137.66666666666669	0	78.66666666666667			0.4	147.4733333333333	0.4	190.07333333333324	0.4	230.11333333333326							-2	226.79999999999995																																																																																																																																
80	aaa	Aaa	6.0	143.66666666666669	0	78.66666666666667			-2	145.4733333333333	-2	188.07333333333324	-2	228.11333333333326							6.0	232.79999999999995																													-2	36.42	-2	41.400000000000006													-2	37.72	-2	44.14													-2	24.24000000000001	-2	41.94																																																																
81	IEo	ieo	3.3333333333333335	147.00000000000003	0	78.66666666666667					-2	186.07333333333324	-2	226.11333333333326	3.3333333333333335	98.33333333333334	3.3333333333333335	136.1133333333334	3.3333333333333335	155.7733333333333	3.3333333333333335	236.1333333333333																																									-2	48.68	-2	44.64	-2	35.72	-2	42.14									-2	38.0	-2	39.53999999999999	-2	22.24000000000001	-2	39.94																																																																
82	iey	ieu			2.0	80.66666666666667			2.0	147.4733333333333	2.0	188.07333333333324	2.0	228.11333333333326							-2	234.1333333333333																																													-2	33.72	-2	40.14													-2	20.24000000000001	-2	37.94																																																																
83	eOA	eoa			3.3333333333333335	84.0	3.3333333333333335	105.00666666666667	3.3333333333333335	150.80666666666664	3.3333333333333335	191.40666666666658	3.3333333333333335	231.4466666666666					-2	153.7733333333333	-2	232.1333333333333																																									-2	46.68	-2	42.64	-2	31.72	-2	38.14									-2	36.0	-2	37.53999999999999	-2	18.24000000000001	-2	35.94																																																																
84	OOy	oou	0.6666666666666666	147.66666666666669	0	84.0	0.6666666666666666	105.67333333333335	0.6666666666666666	151.4733333333333	0.6666666666666666	192.07333333333324	0.6666666666666666	232.11333333333326					-2	151.7733333333333	-2	230.1333333333333																																																																																																																																
85	IaE	iae	2.6666666666666665	150.33333333333334	0	84.0					-2	190.07333333333324	-2	230.11333333333326	2.6666666666666665	101.00000000000001	2.6666666666666665	138.78000000000006	2.6666666666666665	154.43999999999997	2.6666666666666665	232.79999999999995																																																													-2	16.24000000000001	-2	33.94																																																									-2	28.42	-2	29.519999999999996	-2	14.900000000000006	-2	23.22
86	yyA	uua	0.4	150.73333333333335	0	84.0			0.4	151.8733333333333	0.4	190.47333333333324	0.4	230.51333333333326							-2	230.79999999999995																																																																																																																																
87	EE	Ee			5.6	89.6					-2	188.47333333333324	-2	228.51333333333326			5.6	144.38000000000005	5.6	160.03999999999996	5.6	236.39999999999995																																																																																									-2	44.7	-2	42.0	-2	46.8	-2	44.56									-2	42.14	-2	38.98	-2	41.42	-2	39.400000000000006									-2	26.42	-2	27.519999999999996	-2	12.900000000000006	-2	21.22
90	OyA	Oua			3.6	93.19999999999999			3.6	155.4733333333333	3.6	192.07333333333324	3.6	232.11333333333326							-2	234.39999999999995													-2	44.7	-2	48.34													-2	34.42	-2	39.400000000000006													-2	29.72	-2	36.14													-2	14.240000000000009	-2	31.939999999999998																																																																
91	AiA	aia	2.0	152.73333333333335	0	93.19999999999999			2.0	157.4733333333333	2.0	194.07333333333324	2.0	234.11333333333326							-2	232.39999999999995																																																													-2	12.240000000000009	-2	29.939999999999998																																																													-2	10.900000000000006	-2	19.22
92	ooo	Ooo	10.0	162.73333333333335	0	93.19999999999999	-2	103.67333333333335	-2	155.4733333333333	-2	192.07333333333324	-2	232.11333333333326					10.0	170.03999999999996	10.0	242.39999999999995									-2	48.3	-2	46.3	-2	42.7	-2	46.34									-2	49.2	-2	44.68	-2	32.42	-2	37.400000000000006									-2	44.68	-2	40.64	-2	27.72	-2	34.14									-2	34.0	-2	35.53999999999999	-2	10.240000000000009	-2	27.939999999999998																																																																
93	OOy	Oou			6.0	99.19999999999999	6.0	109.67333333333335	6.0	161.4733333333333	6.0	198.07333333333324	6.0	238.11333333333326					-2	168.03999999999996	-2	240.39999999999995									-2	46.3	-2	44.3	-2	40.7	-2	44.34									-2	47.2	-2	42.68	-2	30.42	-2	35.400000000000006									-2	42.68	-2	38.64	-2	25.72	-2	32.14									-2	32.0	-2	33.53999999999999	-2	8.240000000000009	-2	25.939999999999998																																																																
94	yOe	yoe			7.333333333333333	106.53333333333332	7.333333333333333	117.00666666666667	7.333333333333333	168.80666666666664	7.333333333333333	205.40666666666658	7.333333333333333	245.4466666666666					-2	166.03999999999996	-2	238.39999999999995																									-2	45.2	-2	40.68	-2	28.42	-2	33.400000000000006									-2	40.68	-2	36.64	-2	23.72	-2	30.14									-2	30.0	-2	31.539999999999992	-2	6.240000000000009	-2	23.939999999999998																																									-2	40.14	-2	36.98	-2	39.42	-2	37.400000000000006									-2	24.42	-2	25.519999999999996	-2	8.900000000000006	-2	17.22
95	aaE	aae			2.4	108.93333333333332					-2	203.40666666666658	-2	243.4466666666666			2.4	146.78000000000006	2.4	168.43999999999997	2.4	240.79999999999995																																																																																																																									-2	22.42	-2	23.519999999999996	-2	6.900000000000006	-2	15.219999999999999
96	EEE	Eee			5.6	114.53333333333332					-2	201.40666666666658	-2	241.4466666666666			5.6	152.38000000000005	5.6	174.03999999999996	5.6	246.39999999999995																																																																																									-2	42.7	-2	40.0	-2	44.8	-2	42.56									-2	38.14	-2	34.98	-2	37.42	-2	35.400000000000006									-2	20.42	-2	21.519999999999996	-2	4.900000000000006	-2	13.219999999999999
97	yOe	uoe	3.3333333333333335	166.0666666666667	0	114.53333333333332	3.3333333333333335	120.34	3.3333333333333335	172.14	3.3333333333333335	204.73999999999992	3.3333333333333335	244.77999999999994					-2	172.03999999999996	-2	244.39999999999995																																																																																																									-2	36.14	-2	32.98	-2	35.42	-2	33.400000000000006									-2	18.42	-2	19.519999999999996	-2	2.9000000000000057	-2	11.219999999999999
99	Ay	Au			2.8	117.33333333333331			2.8	174.94	2.8	207.53999999999994	2.8	247.57999999999996							-2	242.39999999999995																													-2	26.42	-2	31.400000000000006													-2	21.72	-2	28.14													-2	4.240000000000009	-2	21.939999999999998																																																																
100	auE	aue			2.4	119.73333333333332					-2	205.53999999999994	-2	245.57999999999996			2.4	154.78000000000006	2.4	174.43999999999997	2.4	244.79999999999995																																																																																																																									-2	16.42	-2	17.519999999999996	-2	0.9000000000000057	-2	9.219999999999999
101	oou	Oou	10.0	176.0666666666667	0	119.73333333333332	-2	118.34	-2	172.94	-2	203.53999999999994	-2	243.57999999999996					10.0	184.43999999999997	10.0	254.79999999999995									-2	44.3	-2	42.3	-2	38.7	-2	42.34									-2	43.2	-2	38.68	-2	24.42	-2	29.400000000000006									-2	38.68	-2	34.64	-2	19.72	-2	26.14									-2	28.0	-2	29.539999999999992	-2	2.240000000000009	-2	19.939999999999998																																																																
103	yAe	yae			4.4	124.13333333333333			4.4	177.34	4.4	207.93999999999994	4.4	247.97999999999996							-2	252.79999999999995																													-2	22.42	-2	27.400000000000006													-2	17.72	-2	24.14													-2	0.2400000000000091	-2	17.939999999999998																																																									-2	14.420000000000002	-2	15.519999999999996	-2	-1.0999999999999943	-2	7.219999999999999
104	Ayi	aui	1.2	177.26666666666668	0	124.13333333333333			1.2	178.54	1.2	209.13999999999993	1.2	249.17999999999995							-2	250.79999999999995																																																																																																																													-2	-3.0999999999999943	-2	5.219999999999999
105	yAy	yau			2.8	126.93333333333332			2.8	181.34	2.8	211.93999999999994	2.8	251.97999999999996							-2	248.79999999999995																													-2	20.42	-2	25.400000000000006													-2	15.719999999999999	-2	22.14													-2	-1.759999999999991	-2	15.939999999999998																																																																
106	aIu	aiu			1.6666666666666667	128.6							-2	249.97999999999996	1.6666666666666667	102.66666666666669	1.6666666666666667	156.44666666666672	1.6666666666666667	186.10666666666663	1.6666666666666667	250.4666666666666																																																													-2	-3.759999999999991	-2	13.939999999999998																																																													-2	-5.099999999999994	-2	3.219999999999999
107	uIo	yio	3.6666666666666665	180.93333333333334	0	128.6			-2	179.34	-2	209.93999999999994	-2	247.97999999999996	3.6666666666666665	106.33333333333336	3.6666666666666665	160.11333333333337	3.6666666666666665	189.77333333333328	3.6666666666666665	254.13333333333327																											-2	36.68			-2	23.400000000000006											-2	32.64			-2	20.14									-2	26.0	-2	27.539999999999992	-2	-5.759999999999991	-2	11.939999999999998																																																																
108	Aye	aue	2.0	182.93333333333334	0	128.6			2.0	181.34	2.0	211.93999999999994	2.0	249.97999999999996							-2	252.13333333333327																																																																																																																									-2	12.420000000000002	-2	13.519999999999996	-2	-7.099999999999994	-2	1.2199999999999989
109	eO	eo			3.3333333333333335	131.93333333333334	3.3333333333333335	121.67333333333333	3.3333333333333335	184.67333333333335	3.3333333333333335	215.27333333333328	3.3333333333333335	253.3133333333333					-2	187.77333333333328	-2	250.13333333333327																																									-2	36.68	-2	30.64	-2	13.719999999999999	-2	18.14									-2	24.0	-2	25.539999999999992	-2	-7.759999999999991	-2	9.939999999999998																																																																
110	oIu	oiu			2.3333333333333335	134.26666666666668							-2	251.3133333333333	2.3333333333333335	108.66666666666669	2.3333333333333335	162.44666666666672	2.3333333333333335	190.10666666666663	2.3333333333333335	252.4666666666666																																																													-2	-9.759999999999991	-2	7.939999999999998																																													-2	33.42	-2	31.400000000000006													-2	-9.099999999999994	-2	-0.7800000000000011
111	yeA	uea	3.6	186.53333333333333	0	134.26666666666668			3.6	188.27333333333334	3.6	218.87333333333328	3.6	254.9133333333333							-2	250.4666666666666																																													-2	11.719999999999999	-2	16.14													-2	-11.759999999999991	-2	5.939999999999998																																																									-2	10.420000000000002	-2	11.519999999999996	-2	-11.099999999999994	-2	-2.780000000000001
112	uoa	yoa	10.0	196.53333333333333	0	134.26666666666668			-2	186.27333333333334	-2	216.87333333333328	-2	252.9133333333333							10.0	260.4666666666666																									-2	41.2	-2	34.68	-2	18.42	-2	21.400000000000006									-2	34.68	-2	28.64	-2	9.719999999999999	-2	14.14									-2	22.0	-2	23.539999999999992	-2	-13.759999999999991	-2	3.9399999999999977																																																																
113	yee	uee	2.0	198.53333333333333	0	134.26666666666668			2.0	188.27333333333334	2.0	218.87333333333328	2.0	254.9133333333333							-2	258.4666666666666																																																																																																																									-2	8.420000000000002	-2	9.519999999999996	-2	-13.099999999999994	-2	-4.780000000000001
114	OeO	Oeo			4.666666666666667	138.93333333333334	4.666666666666667	126.34	4.666666666666667	192.94	4.666666666666667	223.53999999999994	4.666666666666667	259.58					-2	188.10666666666663	-2	256.4666666666666											-2	40.3			-2	40.34											-2	32.68			-2	19.400000000000006									-2	32.68	-2	26.64	-2	7.719999999999999	-2	12.14									-2	20.0	-2	21.539999999999992	-2	-15.759999999999991	-2	1.9399999999999977																																																																
115	aE	ae			2.4	141.33333333333334					-2	221.53999999999994	-2	257.58			2.4	164.84666666666672	2.4	190.50666666666663	2.4	258.86666666666656																																																																																																																									-2	6.420000000000002	-2	7.519999999999996	-2	-15.099999999999994	-2	-6.780000000000001
116	Oee	oee	3.3333333333333335	201.86666666666667	0	141.33333333333334	3.3333333333333335	129.67333333333335	3.3333333333333335	196.27333333333334	3.3333333333333335	224.87333333333328	3.3333333333333335	260.9133333333333					-2	188.50666666666663	-2	256.86666666666656																																																																																																									-2	34.14	-2	30.979999999999997	-2	31.42	-2	29.400000000000006									-2	4.420000000000002	-2	5.519999999999996	-2	-17.099999999999994	-2	-8.780000000000001
117	yO	yo			4.666666666666667	146.0	4.666666666666667	134.34	4.666666666666667	200.94	4.666666666666667	229.53999999999994	4.666666666666667	265.58					-2	186.50666666666663	-2	254.86666666666656																									-2	39.2	-2	30.68	-2	16.42	-2	17.400000000000006									-2	30.68	-2	24.64	-2	5.719999999999999	-2	10.14									-2	18.0	-2	19.539999999999992	-2	-17.75999999999999	-2	-0.060000000000002274																																																																
118	auo	Auo	8.0	209.86666666666667	0	146.0			-2	198.94	-2	227.53999999999994	-2	263.58							8.0	262.86666666666656																											-2	28.68	-2	14.420000000000002	-2	15.400000000000006											-2	22.64	-2	3.719999999999999	-2	8.14											-2	17.539999999999992	-2	-19.75999999999999	-2	-2.0600000000000023																																																																
119	IoE	ioe	4.666666666666667	214.53333333333333	0	146.0					-2	225.53999999999994	-2	261.58	4.666666666666667	113.33333333333336	4.666666666666667	169.51333333333338	4.666666666666667	191.1733333333333	4.666666666666667	267.53333333333325																																																									-2	16.0	-2	15.539999999999992	-2	-21.75999999999999	-2	-4.060000000000002																																									-2	32.14	-2	28.979999999999997	-2	29.42	-2	27.400000000000006									-2	2.4200000000000017	-2	3.519999999999996	-2	-19.099999999999994	-2	-10.780000000000001
120	iyy	iuu			1.2	147.2			1.2	200.14	1.2	226.73999999999992	1.2	262.78							-2	265.53333333333325																																																													-2	-23.75999999999999	-2	-6.060000000000002																																																																
121	eOi	eoi			4.666666666666667	151.86666666666665	4.666666666666667	139.00666666666666	4.666666666666667	204.80666666666664	4.666666666666667	231.40666666666658	4.666666666666667	267.44666666666666					-2	189.1733333333333	-2	263.53333333333325																																									-2	28.68	-2	20.64	-2	1.7199999999999989	-2	6.140000000000001									-2	14.0	-2	13.539999999999992	-2	-25.75999999999999	-2	-8.060000000000002																																													-2	27.42	-2	25.400000000000006													-2	-21.099999999999994	-2	-12.780000000000001
122	oEI	oei			3.3333333333333335	155.2					-2	229.40666666666658	-2	265.44666666666666	3.3333333333333335	116.66666666666669	3.3333333333333335	172.84666666666672	3.3333333333333335	192.50666666666663	3.3333333333333335	266.86666666666656																																																																																																									-2	30.14	-2	26.979999999999997	-2	25.42	-2	23.400000000000006									-2	0.4200000000000017	-2	1.519999999999996	-2	-23.099999999999994	-2	-14.780000000000001
123	AOO	aoo	0.6666666666666666	215.2	0	155.2	0.6666666666666666	139.67333333333332	0.6666666666666666	205.4733333333333	0.6666666666666666	230.07333333333324	0.6666666666666666	266.11333333333334					-2	190.50666666666663	-2	264.86666666666656																																																																																																																																
124	oII	oii			1.6666666666666667	156.86666666666665							-2	264.11333333333334	1.6666666666666667	118.33333333333336	1.6666666666666667	174.51333333333338	1.6666666666666667	192.1733333333333	1.6666666666666667	266.53333333333325																																																																																																													-2	23.42	-2	21.400000000000006													-2	-25.099999999999994	-2	-16.78
125	AAe	aae	2.0	217.2	0	156.86666666666665			2.0	207.4733333333333	2.0	232.07333333333324	2.0	266.11333333333334							-2	264.53333333333325																																																																																																																									-2	-1.5799999999999983	-2	-0.480000000000004	-2	-27.099999999999994	-2	-18.78
126	oEE	oee			4.0	160.86666666666665					-2	230.07333333333324	-2	264.11333333333334			4.0	178.51333333333338	4.0	196.1733333333333	4.0	268.53333333333325																																																																																																									-2	28.14	-2	24.979999999999997	-2	21.42	-2	19.400000000000006									-2	-3.5799999999999983	-2	-2.480000000000004	-2	-29.099999999999994	-2	-20.78
127	yOi	yoi			6.0	166.86666666666665	6.0	145.67333333333332	6.0	213.4733333333333	6.0	236.07333333333324	6.0	270.11333333333334					-2	194.1733333333333	-2	266.53333333333325																									-2	37.2	-2	26.68	-2	12.420000000000002	-2	13.400000000000006									-2	26.68	-2	18.64	-2	-0.28000000000000114	-2	4.140000000000001									-2	12.0	-2	11.539999999999992	-2	-27.75999999999999	-2	-10.060000000000002																																													-2	19.42	-2	17.400000000000006													-2	-31.099999999999994	-2	-22.78
129	EI	ei	0.6666666666666666	217.86666666666665	0	166.86666666666665					-2	234.07333333333324	-2	268.11333333333334	0.6666666666666666	119.00000000000003	0.6666666666666666	179.18000000000004	0.6666666666666666	194.83999999999995	0.6666666666666666	267.19999999999993																																																																																																																																
130	Iaa	iaa	1.0	218.86666666666665	0	166.86666666666665							-2	266.11333333333334	1.0	120.00000000000003	1.0	180.18000000000004	1.0	195.83999999999995	1.0	268.19999999999993																																																													-2	-29.75999999999999	-2	-12.060000000000002																																																																
131	Oee	oee	3.3333333333333335	222.2	0	166.86666666666665	3.3333333333333335	149.00666666666666	3.3333333333333335	216.80666666666664	3.3333333333333335	237.40666666666658	3.3333333333333335	269.44666666666666					-2	193.83999999999995	-2	266.19999999999993																																																																																																									-2	26.14	-2	22.979999999999997	-2	17.42	-2	15.400000000000006									-2	-5.579999999999998	-2	-4.480000000000004	-2	-33.099999999999994	-2	-24.78
132	IE	ie	0.6666666666666666	222.86666666666665	0	166.86666666666665					-2	235.40666666666658	-2	267.44666666666666	0.6666666666666666	120.6666666666667	0.6666666666666666	180.8466666666667	0.6666666666666666	194.5066666666666	0.6666666666666666	266.8666666666666																																																																																																																																
133	oua	Oua	6.0	228.86666666666665	0	166.86666666666665	-2	147.00666666666666	-2	214.80666666666664	-2	233.40666666666658	-2	265.44666666666666					6.0	200.5066666666666	6.0	272.8666666666666													-2	36.7	-2	38.34													-2	10.420000000000002	-2	11.400000000000006													-2	-2.280000000000001	-2	2.1400000000000006													-2	-31.75999999999999	-2	-14.060000000000002																																																																
136	OOe	Ooe			8.666666666666666	175.5333333333333	8.666666666666666	155.67333333333332	8.666666666666666	223.4733333333333	8.666666666666666	242.07333333333324	8.666666666666666	274.11333333333334					-2	198.5066666666666	-2	270.8666666666666									-2	42.3	-2	38.3	-2	34.7	-2	36.34									-2	35.2	-2	24.68	-2	8.420000000000002	-2	9.400000000000006									-2	24.68	-2	16.64	-2	-4.280000000000001	-2	0.14000000000000057									-2	10.0	-2	9.539999999999992	-2	-33.75999999999999	-2	-16.060000000000002																																									-2	24.14	-2	20.979999999999997	-2	15.420000000000002	-2	13.400000000000006									-2	-7.579999999999998	-2	-6.480000000000004	-2	-35.099999999999994	-2	-26.78
138	aIE	aie			1.6666666666666667	177.19999999999996					-2	240.07333333333324	-2	272.11333333333334	1.6666666666666667	122.33333333333337	1.6666666666666667	182.51333333333335	1.6666666666666667	200.17333333333326	1.6666666666666667	272.5333333333333																																																																																																																											-2	-8.480000000000004	-2	-37.099999999999994	-2	-28.78
139	aEI	aei			2.0	179.19999999999996					-2	238.07333333333324	-2	270.11333333333334	2.0	124.33333333333337	2.0	184.51333333333335	2.0	202.17333333333326	2.0	274.5333333333333																																																																																																																									-2	-9.579999999999998	-2	-10.480000000000004	-2	-39.099999999999994	-2	-30.78
140	AyO	Auo			3.6666666666666665	182.86666666666662	3.6666666666666665	159.33999999999997	3.6666666666666665	227.13999999999996	3.6666666666666665	241.7399999999999	3.6666666666666665	273.78000000000003					-2	200.17333333333326	-2	272.5333333333333																											-2	22.68	-2	6.420000000000002	-2	7.400000000000006											-2	14.64	-2	-6.280000000000001	-2	-1.8599999999999994											-2	7.539999999999992	-2	-35.75999999999999	-2	-18.060000000000002																																																																
141	EuI	eui	2.6666666666666665	231.5333333333333	0	182.86666666666662					-2	239.7399999999999	-2	271.78000000000003	2.6666666666666665	127.00000000000004	2.6666666666666665	187.18	2.6666666666666665	202.83999999999992	2.6666666666666665	275.2																																													-2	-8.280000000000001	-2	-3.8599999999999994													-2	-37.75999999999999	-2	-20.060000000000002																																																													-2	-41.099999999999994	-2	-32.78
142	ei	Ei	4.5	236.0333333333333	0	182.86666666666662					4.5	244.2399999999999	4.5	276.28000000000003			-2	185.18	-2	200.83999999999992	-2	273.2																																																																																													-2	42.8	-2	40.56													-2	13.420000000000002	-2	11.400000000000006													-2	-43.099999999999994	-2	-34.78
143	Iuu	iuu	1.0	237.0333333333333	0	182.86666666666662							-2	274.28000000000003	1.0	128.00000000000006	1.0	186.18	1.0	201.83999999999992	1.0	274.2																																																													-2	-39.75999999999999	-2	-22.060000000000002																																																																
144	eA	Ea	1.2	238.2333333333333	0	182.86666666666662			1.2	228.33999999999995	1.2	245.43999999999988	1.2	275.48			-2	184.18	-2	199.83999999999992	-2	272.2																																																																																																																																
146	oIu	Oiu	3.0	241.2333333333333	0	182.86666666666662	-2	157.33999999999997	-2	226.33999999999995	-2	243.43999999999988	-2	273.48	3.0	131.00000000000006	3.0	187.18	3.0	202.83999999999992	3.0	275.2															-2	34.34															-2	5.400000000000006															-2	-5.859999999999999													-2	-41.75999999999999	-2	-24.060000000000002																																																																
147	eyi	eui			2.8	185.66666666666663			2.8	229.13999999999996	2.8	246.2399999999999	2.8	276.28000000000003							-2	273.2																																													-2	-10.280000000000001	-2	-7.859999999999999													-2	-43.75999999999999	-2	-26.060000000000002																																																													-2	-45.099999999999994	-2	-36.78
149	Iuo	iuo	1.3333333333333333	242.56666666666663	0	185.66666666666663							-2	274.28000000000003	1.3333333333333333	132.3333333333334	1.3333333333333333	188.51333333333335	1.3333333333333333	204.17333333333326	1.3333333333333333	274.5333333333333																																																											-2	5.539999999999992	-2	-45.75999999999999	-2	-28.060000000000002																																																																
150	ey	Eu	1.2	243.76666666666662	0	185.66666666666663			1.2	230.33999999999995	1.2	247.43999999999988	1.2	275.48			-2	186.51333333333335	-2	202.17333333333326	-2	272.5333333333333																																																																																																																																
151	eAy	Eau	1.2	244.9666666666666	0	185.66666666666663			1.2	231.53999999999994	1.2	248.63999999999987	1.2	276.68			-2	184.51333333333335	-2	200.17333333333326	-2	270.5333333333333																																																																																																																																
152	EIo	eio	2.6666666666666665	247.63333333333327	0	185.66666666666663					-2	246.63999999999987	-2	274.68	2.6666666666666665	135.00000000000006	2.6666666666666665	187.18	2.6666666666666665	202.83999999999992	2.6666666666666665	273.2																																											-2	12.64			-2	-9.86									-2	8.0	-2	3.539999999999992	-2	-47.75999999999999	-2	-30.060000000000002																																																																
154	Ioo	ioo	1.6666666666666667	249.29999999999993	0	185.66666666666663							-2	272.68	1.6666666666666667	136.6666666666667	1.6666666666666667	188.84666666666666	1.6666666666666667	204.50666666666658	1.6666666666666667	274.8666666666667																																																									-2	6.0	-2	1.539999999999992	-2	-49.75999999999999	-2	-32.06																																																																
155	yOA	yoa			4.666666666666667	190.3333333333333	4.666666666666667	162.00666666666663	4.666666666666667	236.2066666666666	4.666666666666667	251.30666666666653	4.666666666666667	277.3466666666667					-2	202.50666666666658	-2	272.8666666666667																									-2	33.2	-2	20.68	-2	4.420000000000002	-2	3.4000000000000057									-2	22.68	-2	10.64	-2	-12.280000000000001	-2	-11.86									-2	4.0	-2	-0.46000000000000796	-2	-51.75999999999999	-2	-34.06																																																																
156	Iuo	iuo	1.3333333333333333	250.63333333333327	0	190.3333333333333							-2	275.3466666666667	1.3333333333333333	138.00000000000006	1.3333333333333333	190.18	1.3333333333333333	203.83999999999992	1.3333333333333333	274.2																																																											-2	-2.460000000000008	-2	-53.75999999999999	-2	-36.06																																																																
158	Iuu	iuu	1.0	251.63333333333327	0	190.3333333333333							-2	273.3466666666667	1.0	139.00000000000006	1.0	191.18	1.0	204.83999999999992	1.0	275.2																																																													-2	-55.75999999999999	-2	-38.06																																																																
159	ey	Eu	1.2	252.83333333333326	0	190.3333333333333			1.2	237.40666666666658	1.2	252.50666666666652	1.2	274.5466666666667			-2	189.18	-2	202.83999999999992	-2	273.2																																																																																																																																
160	ooE	ooe			4.0	194.3333333333333					-2	250.50666666666652	-2	272.5466666666667			4.0	193.18	4.0	206.83999999999992	4.0	277.2																																																																																																									-2	22.14	-2	18.979999999999997	-2	11.420000000000002	-2	9.400000000000006									-2	-11.579999999999998	-2	-12.480000000000004	-2	-47.099999999999994	-2	-38.78
161	yyi	yui			3.6	197.93333333333328			3.6	241.00666666666658	3.6	254.1066666666665	3.6	276.1466666666667							-2	275.2																													-2	2.4200000000000017	-2	1.4000000000000057													-2	-14.280000000000001	-2	-13.86													-2	-57.75999999999999	-2	-40.06																																																													-2	-49.099999999999994	-2	-40.78
162	Ay	au	0.4	253.23333333333326	0	197.93333333333328			0.4	241.40666666666658	0.4	254.50666666666652	0.4	276.5466666666667							-2	273.2																																																																																																																																
163	yyA	yua			2.8	200.7333333333333			2.8	244.2066666666666	2.8	257.3066666666665	2.8	279.3466666666667							-2	271.2																													-2	0.4200000000000017	-2	-0.5999999999999943													-2	-16.28	-2	-15.86													-2	-59.75999999999999	-2	-42.06																																																																
164	Eau	eau	2.4	255.63333333333327	0	200.7333333333333					-2	255.3066666666665	-2	277.3466666666667			2.4	195.58	2.4	209.23999999999992	2.4	273.59999999999997																																													-2	-18.28	-2	-17.86													-2	-61.75999999999999	-2	-44.06																																																																
165	aEa	aea			4.0	204.7333333333333					-2	253.3066666666665	-2	275.3466666666667			4.0	199.58	4.0	213.23999999999992	4.0	277.59999999999997																																													-2	-20.28	-2	-19.86													-2	-63.75999999999999	-2	-46.06																																																									-2	-13.579999999999998	-2	-14.480000000000004	-2	-51.099999999999994	-2	-42.78
168	eOy	eou			3.3333333333333335	208.06666666666663	3.3333333333333335	165.33999999999997	3.3333333333333335	247.53999999999994	3.3333333333333335	256.6399999999998	3.3333333333333335	278.68					-2	211.23999999999992	-2	275.59999999999997																																									-2	20.68	-2	8.64	-2	-22.28	-2	-21.86									-2	2.0	-2	-4.460000000000008	-2	-65.75999999999999	-2	-48.06																																																																
170	IuE	iue	2.6666666666666665	258.29999999999995	0	208.06666666666663					-2	254.63999999999982	-2	276.68	2.6666666666666665	141.6666666666667	2.6666666666666665	202.24666666666667	2.6666666666666665	213.90666666666658	2.6666666666666665	278.26666666666665																																																													-2	-67.75999999999999	-2	-50.06																																																									-2	-15.579999999999998	-2	-16.480000000000004	-2	-53.099999999999994	-2	-44.78
171	iAA	iaa			1.2	209.26666666666662			1.2	248.73999999999992	1.2	255.8399999999998	1.2	277.88							-2	276.26666666666665																																																													-2	-69.75999999999999	-2	-52.06																																																																
172	oau	Oau	6.0	264.29999999999995	0	209.26666666666662	-2	163.33999999999997	-2	246.73999999999992	-2	253.8399999999998	-2	275.88					6.0	219.90666666666658	6.0	282.26666666666665													-2	32.7	-2	32.34													-2	-1.5799999999999983	-2	-2.5999999999999943													-2	-24.28	-2	-23.86													-2	-71.75999999999999	-2	-54.06																																																																
173	yAO	yao			3.6666666666666665	212.93333333333328	3.6666666666666665	167.00666666666663	3.6666666666666665	250.40666666666658	3.6666666666666665	257.5066666666665	3.6666666666666665	279.5466666666667					-2	217.90666666666658	-2	280.26666666666665																											-2	18.68	-2	-3.5799999999999983	-2	-4.599999999999994											-2	6.640000000000001	-2	-26.28	-2	-25.86											-2	-6.460000000000008	-2	-73.75999999999999	-2	-56.06																																																																
174	iAi	iai			2.0	214.93333333333328			2.0	252.40666666666658	2.0	259.5066666666665	2.0	281.5466666666667							-2	278.26666666666665																																																													-2	-75.75999999999999	-2	-58.06																																																													-2	-55.099999999999994	-2	-46.78
175	uuo	yuo	8.0	272.29999999999995	0	214.93333333333328			-2	250.40666666666658	-2	257.5066666666665	-2	279.5466666666667							8.0	286.26666666666665																											-2	16.68	-2	-5.579999999999998	-2	-6.599999999999994											-2	4.640000000000001	-2	-28.28	-2	-27.86											-2	-8.460000000000008	-2	-77.75999999999999	-2	-60.06																																																																
176	iOy	iou			2.0	216.93333333333328	2.0	169.00666666666663	2.0	252.40666666666658	2.0	259.5066666666665	2.0	281.5466666666667					-2	215.90666666666658	-2	284.26666666666665																																																									-2	0.0	-2	-10.460000000000008	-2	-79.75999999999999	-2	-62.06																																																																
177	uou	you	10.0	282.29999999999995	0	216.93333333333328			-2	250.40666666666658	-2	257.5066666666665	-2	279.5466666666667							10.0	294.26666666666665																									-2	31.200000000000003	-2	14.68	-2	-7.579999999999998	-2	-8.599999999999994									-2	18.68	-2	2.6400000000000006	-2	-30.28	-2	-29.86									-2	-2.0	-2	-12.460000000000008	-2	-81.75999999999999	-2	-64.06																																																																
178	yyA	yua			2.8	219.7333333333333			2.8	253.2066666666666	2.8	260.3066666666665	2.8	282.3466666666667							-2	292.26666666666665																													-2	-9.579999999999998	-2	-10.599999999999994													-2	-32.28	-2	-31.86													-2	-83.75999999999999	-2	-66.06																																																																
179	eyi	Eui	2.8	285.09999999999997	0	219.7333333333333			2.8	256.0066666666666	2.8	263.1066666666665	2.8	285.1466666666667			-2	200.24666666666667	-2	213.90666666666658	-2	290.26666666666665																																																																																															-2	38.56															-2	7.400000000000006													-2	-57.099999999999994	-2	-48.78
181	Oyi	Oui			4.4	224.1333333333333			4.4	260.4066666666666	4.4	267.5066666666665	4.4	289.5466666666667							-2	288.26666666666665													-2	30.700000000000003	-2	30.340000000000003													-2	-11.579999999999998	-2	-12.599999999999994													-2	-34.28	-2	-33.86													-2	-85.75999999999999	-2	-68.06																																																													-2	-59.099999999999994	-2	-50.78
182	EE	ee	0.8	285.9	0	224.1333333333333					-2	265.5066666666665	-2	287.5466666666667			0.8	201.04666666666668	0.8	214.7066666666666	0.8	289.06666666666666																																																																																																																																
183	yyy	uuu	0.4	286.29999999999995	0	224.1333333333333			0.4	260.80666666666656	0.4	265.90666666666647	0.4	287.94666666666666							-2	287.06666666666666																																																																																																																																
184	oau	Oau	6.0	292.29999999999995	0	224.1333333333333	-2	167.00666666666663	-2	258.80666666666656	-2	263.90666666666647	-2	285.94666666666666					6.0	220.7066666666666	6.0	293.06666666666666													-2	28.700000000000003	-2	28.340000000000003													-2	-13.579999999999998	-2	-14.599999999999994													-2	-36.28	-2	-35.86													-2	-87.75999999999999	-2	-70.06																																																																
185	Aye	Aue			4.4	228.5333333333333			4.4	263.20666666666654	4.4	268.30666666666644	4.4	290.34666666666664							-2	291.06666666666666																													-2	-15.579999999999998	-2	-16.599999999999994													-2	-38.28	-2	-37.86													-2	-89.75999999999999	-2	-72.06																																																									-2	-17.58	-2	-18.480000000000004	-2	-61.099999999999994	-2	-52.78
187	iEo	ieo			1.3333333333333333	229.86666666666665					-2	266.30666666666644	-2	288.34666666666664			1.3333333333333333	202.38000000000002	1.3333333333333333	222.03999999999994	1.3333333333333333	292.4																																									-2	16.68	-2	0.6400000000000006	-2	-40.28	-2	-39.86					1.3333333333333333	51.333333333333336	1.3333333333333333	51.333333333333336			1.3333333333333333	-11.126666666666674			1.3333333333333333	-70.72666666666667																																																																
188	uA	ua			0.18181818181818182	230.04848484848483			0.18181818181818182	263.3884848484847	0.18181818181818182	266.48848484848463	0.18181818181818182	288.5284848484848							-2	290.4																																																																																																																					0.18181818181818182	50.18181818181818	0.18181818181818182	50.18181818181818	0.18181818181818182	-17.398181818181815	0.18181818181818182	-18.29818181818182	0.18181818181818182	-60.918181818181814	0.18181818181818182	-52.59818181818182
190	eyO	euo			2.6666666666666665	232.7151515151515	2.6666666666666665	169.6733333333333	2.6666666666666665	266.0551515151514	2.6666666666666665	269.1551515151513	2.6666666666666665	291.1951515151515					-2	220.03999999999994	-2	288.4																																											-2	-1.3599999999999994	-2	-42.28	-2	-41.86											-2	-13.126666666666674	-2	-91.75999999999999	-2	-72.72666666666667																																																																
191	eI	ei			0.09090909090909091	232.80606060606058							-2	289.1951515151515	0.09090909090909091	141.7575757575758	0.09090909090909091	202.47090909090912	0.09090909090909091	220.13090909090903	0.09090909090909091	288.49090909090904																																	0.09090909090909091	50.09090909090909	0.09090909090909091	50.09090909090909	0.09090909090909091	50.09090909090909	0.09090909090909091	50.09090909090909	0.09090909090909091	16.77090909090909	0.09090909090909091	-1.2690909090909086	0.09090909090909091	-42.18909090909091	0.09090909090909091	-41.769090909090906	0.09090909090909091	50.09090909090909	0.09090909090909091	50.09090909090909	0.09090909090909091	51.42424242424243	0.09090909090909091	51.42424242424243	0.09090909090909091	-1.9090909090909092	0.09090909090909091	-13.035757575757582	0.09090909090909091	-91.6690909090909	0.09090909090909091	-72.63575757575758																																																																
192	eII	eii			0.09090909090909091	232.89696969696968							-2	287.1951515151515	0.09090909090909091	141.8484848484849	0.09090909090909091	202.5618181818182	0.09090909090909091	220.22181818181812	0.09090909090909091	288.5818181818181																																	0.09090909090909091	50.18181818181819	0.09090909090909091	50.18181818181819	0.09090909090909091	50.18181818181819	0.09090909090909091	50.18181818181819	0.09090909090909091	16.86181818181818	0.09090909090909091	-1.1781818181818178	0.09090909090909091	-42.098181818181814	0.09090909090909091	-41.67818181818181	0.09090909090909091	50.18181818181819	0.09090909090909091	50.18181818181819	0.09090909090909091	51.51515151515152	0.09090909090909091	51.51515151515152	0.09090909090909091	-1.8181818181818183	0.09090909090909091	-12.94484848484849	0.09090909090909091	-91.5781818181818	0.09090909090909091	-72.54484848484849																																																																
193	AEa	Aea			0.19047619047619047	233.08744588744588					-2	267.1551515151513	-2	285.1951515151515			0.19047619047619047	202.75229437229441	0.19047619047619047	220.41229437229433	0.19047619047619047	288.7722943722943																					0.19047619047619047	50.19047619047619	0.19047619047619047	50.19047619047619	0.19047619047619047	31.390476190476193	0.19047619047619047	14.87047619047619	0.19047619047619047	-15.389523809523808	0.19047619047619047	-16.409523809523805					0.19047619047619047	50.37229437229438	0.19047619047619047	50.37229437229438	0.19047619047619047	17.05229437229437	0.19047619047619047	-0.9877056277056273			0.19047619047619047	-41.48770562770562					0.19047619047619047	51.70562770562771	0.19047619047619047	51.70562770562771	0.19047619047619047	-1.6277056277056279	0.19047619047619047	-12.7543722943723			0.19047619047619047	-72.3543722943723																																																																
194	uy	uu			0.18181818181818182	233.26926406926407			0.18181818181818182	266.2369696969696	0.18181818181818182	267.3369696969695	0.18181818181818182	285.3769696969697							-2	286.7722943722943																																																																																																																					0.18181818181818182	50.36363636363636	0.18181818181818182	50.36363636363636	0.18181818181818182	-17.21636363636363	0.18181818181818182	-18.116363636363637	0.18181818181818182	-60.736363636363635	0.18181818181818182	-52.41636363636364
195	aEa	aea			4.0	237.26926406926407					-2	265.3369696969695	-2	283.3769696969697			4.0	206.75229437229441	4.0	224.41229437229433	4.0	290.7722943722943																																													-2	-44.098181818181814	-2	-43.48770562770562													-2	-93.5781818181818	-2	-74.3543722943723																																																									-2	-19.21636363636363	-2	-20.116363636363637	-2	-62.736363636363635	-2	-54.41636363636364
196	Ay	au	0.4	292.69999999999993	0	237.26926406926407			0.4	266.6369696969696	0.4	265.7369696969695	0.4	283.7769696969697							-2	288.7722943722943																																																																																																																																
198	eOe	eoe			6.0	243.26926406926407	6.0	175.6733333333333	6.0	272.6369696969696	6.0	271.7369696969695	6.0	289.7769696969697					-2	222.41229437229433	-2	286.7722943722943																																									-2	15.05229437229437	-2	-2.987705627705627	-2	-46.098181818181814	-2	-45.48770562770562									-2	-3.6277056277056277	-2	-14.7543722943723	-2	-95.5781818181818	-2	-76.3543722943723																																									-2	20.14	-2	16.979999999999997	-2	9.420000000000002	-2	5.400000000000006									-2	-21.21636363636363	-2	-22.116363636363637	-2	-64.73636363636363	-2	-56.41636363636364
199	AoE	Aoe			1.4285714285714286	244.69783549783548					-2	269.7369696969695	-2	287.7769696969697			1.4285714285714286	208.18086580086583	1.4285714285714286	223.84086580086574	1.4285714285714286	288.20086580086576																							1.4285714285714286	51.61904761904762			1.4285714285714286	16.299047619047617			1.4285714285714286	-14.980952380952376							1.4285714285714286	51.80086580086581			1.4285714285714286	-1.5591341991341985			1.4285714285714286	-44.05913419913419							1.4285714285714286	53.13419913419914			1.4285714285714286	-13.325800865800872			1.4285714285714286	-74.92580086580087																																									-2	18.14	-2	14.979999999999997	-2	7.420000000000002	-2	3.4000000000000057									-2	-23.21636363636363	-2	-24.116363636363637	-2	-66.73636363636363	-2	-58.41636363636364
201	EAO	Eao			0.14814814814814814	244.84598364598364	0.14814814814814814	175.82148148148144	0.14814814814814814	272.7851178451177	0.14814814814814814	269.88511784511763	0.14814814814814814	287.9251178451178					-2	221.84086580086574	-2	286.20086580086576																																																																																			0.14814814814814814	50.148148148148145	0.14814814814814814	50.148148148148145	0.14814814814814814	50.148148148148145	0.14814814814814814	42.84814814814815	0.14814814814814814	40.148148148148145	0.14814814814814814	42.94814814814814	0.14814814814814814	38.70814814814815			0.14814814814814814	50.148148148148145	0.14814814814814814	50.148148148148145	0.14814814814814814	50.148148148148145	0.14814814814814814	18.28814814814815	0.14814814814814814	15.128148148148146	0.14814814814814814	7.56814814814815	0.14814814814814814	3.5481481481481536			0.14814814814814814	50.148148148148145	0.14814814814814814	50.511784511784505	0.14814814814814814	50.511784511784505	0.14814814814814814	-23.068215488215483	0.14814814814814814	-23.96821548821549	0.14814814814814814	-66.58821548821548	0.14814814814814814	-58.268215488215496
203	iiy	iiu			1.2	246.04598364598363			1.2	273.9851178451177	1.2	271.0851178451176	1.2	289.1251178451178							-2	284.20086580086576																																																													-2	-97.5781818181818	-2	-76.92580086580087																																																																
204	iEa	iea			0.8	246.84598364598364					-2	269.0851178451176	-2	287.1251178451178			0.8	208.98086580086584	0.8	222.64086580086575	0.8	285.00086580086577																																													-2	-48.098181818181814	-2	-46.05913419913419					0.8	52.50562770562771	0.8	53.93419913419914	0.8	-2.827705627705628	0.8	-12.525800865800871			0.8	-76.12580086580087																																																																
205	EEo	Eeo			8.8	255.64598364598365					-2	267.0851178451176	-2	285.1251178451178			8.8	217.78086580086585	8.8	231.44086580086577	8.8	293.8008658008658																																									-2	13.05229437229437	-2	-3.5591341991341983	-2	-50.098181818181814	-2	-48.05913419913419									-2	-4.827705627705628	-2	-14.525800865800871	-2	-99.5781818181818	-2	-78.12580086580087																									-2	40.84814814814815	-2	38.148148148148145	-2	40.94814814814814	-2	36.70814814814815									-2	16.28814814814815	-2	13.128148148148146	-2	5.56814814814815	-2	1.5481481481481536									-2	-25.068215488215483	-2	-25.96821548821549	-2	-68.58821548821548	-2	-60.268215488215496
206	uiO	uio			1.3333333333333333	256.979316979317	1.3333333333333333	177.15481481481478	1.3333333333333333	275.318451178451	1.3333333333333333	268.41845117845094	1.3333333333333333	286.4584511784511					-2	229.44086580086577	-2	291.8008658008658																																																									-2	-6.827705627705628	-2	-16.52580086580087	-2	-101.5781818181818	-2	-80.12580086580087																																																			1.3333333333333333	51.48148148148148			1.3333333333333333	51.84511784511784			1.3333333333333333	-24.634882154882156				
207	yAe	yae			4.4	261.37931697931697			4.4	279.718451178451	4.4	272.8184511784509	4.4	290.8584511784511							-2	289.8008658008658																													-2	-17.38952380952381	-2	-16.980952380952374													-2	-52.098181818181814	-2	-50.05913419913419													-2	-103.5781818181818	-2	-82.12580086580087																																																									-2	-27.068215488215483	-2	-26.634882154882156	-2	-70.58821548821548	-2	-62.268215488215496
208	yeO	ueo	4.666666666666667	297.3666666666666	0	261.37931697931697	4.666666666666667	181.82148148148144	4.666666666666667	284.3851178451177	4.666666666666667	277.4851178451176	4.666666666666667	295.5251178451178					-2	227.44086580086577	-2	287.8008658008658																																									-2	11.05229437229437	-2	-5.559134199134198	-2	-54.098181818181814	-2	-52.05913419913419									-2	-8.827705627705628	-2	-18.52580086580087	-2	-105.5781818181818	-2	-84.12580086580087																																																									-2	-29.068215488215483	-2	-28.634882154882156	-2	-72.58821548821548	-2	-64.2682154882155
209	OE	Oe			0.13793103448275862	261.5172480137997					-2	275.4851178451176	-2	293.5251178451178			0.13793103448275862	217.91879683534862	0.13793103448275862	227.57879683534853	0.13793103448275862	287.9387968353485					0.13793103448275862	50.13793103448276	0.13793103448275862	50.13793103448276	0.13793103448275862	42.43793103448276	0.13793103448275862	38.43793103448276	0.13793103448275862	28.83793103448276	0.13793103448275862	28.47793103448276					0.13793103448275862	50.32840722495895	0.13793103448275862	51.75697865353038	0.13793103448275862	31.52840722495895	0.13793103448275862	16.436978653530375	0.13793103448275862	-17.25159277504105	0.13793103448275862	-16.843021346469616					0.13793103448275862	50.51022540677714	0.13793103448275862	51.93879683534857	0.13793103448275862	11.190225406777127	0.13793103448275862	-5.421203164651439	0.13793103448275862	-53.96025078369905	0.13793103448275862	-51.92120316465143					0.13793103448275862	52.64355874011047	0.13793103448275862	54.0721301686819	0.13793103448275862	-8.68977459322287	0.13793103448275862	-18.387869831318113	0.13793103448275862	-105.44025078369904	0.13793103448275862	-83.98786983131811																																																																
211	uEa	uea			4.0	265.5172480137997					-2	273.4851178451176	-2	291.5251178451178			4.0	221.91879683534862	4.0	231.57879683534853	4.0	291.9387968353485																																													-2	-55.96025078369905	-2	-53.92120316465143													-2	-107.44025078369904	-2	-85.98786983131811																																																									-2	-31.068215488215483	-2	-30.634882154882156	-2	-74.58821548821548	-2	-66.2682154882155
212	oIu	oiu			2.3333333333333335	267.850581347133							-2	289.5251178451178	2.3333333333333335	144.18181818181824	2.3333333333333335	224.25213016868196	2.3333333333333335	233.91213016868187	2.3333333333333335	294.2721301686818																																																													-2	-109.44025078369904	-2	-87.98786983131811																																													-2	3.5681481481481496	-2	-0.4518518518518464													-2	-76.58821548821548	-2	-68.2682154882155
213	yuE	yue			0.8571428571428571	268.70772420427585					-2	271.4851178451176	-2	287.5251178451178			0.8571428571428571	225.10927302582482	0.8571428571428571	234.76927302582473	0.8571428571428571	295.12927302582466																							0.8571428571428571	52.614121510673236			0.8571428571428571	17.294121510673232			0.8571428571428571	-15.985878489326758							0.8571428571428571	52.79593969249142			0.8571428571428571	-4.564060307508583			0.8571428571428571	-53.064060307508576							0.8571428571428571	54.929273025824756			0.8571428571428571	-17.530726974175256			0.8571428571428571	-87.13072697417525																																																									-2	-33.068215488215486	-2	-32.634882154882156	-2	-78.58821548821548	-2	-70.2682154882155
214	eAe	eae			3.6	272.30772420427587			3.6	287.9851178451177	3.6	275.0851178451176	3.6	291.1251178451178							-2	293.12927302582466																																													-2	-57.96025078369905	-2	-55.064060307508576													-2	-111.44025078369904	-2	-89.13072697417525																																																									-2	-35.068215488215486	-2	-34.634882154882156	-2	-80.58821548821548	-2	-72.2682154882155
215	eAi	eai			2.8	275.1077242042759			2.8	290.7851178451177	2.8	277.88511784511763	2.8	293.9251178451178							-2	291.12927302582466																																													-2	-59.96025078369905	-2	-57.064060307508576													-2	-113.44025078369904	-2	-91.13072697417525																																																													-2	-82.58821548821548	-2	-74.2682154882155
216	aIo	aio			2.3333333333333335	277.4410575376092							-2	291.9251178451178	2.3333333333333335	146.5151515151516	2.3333333333333335	227.44260635915816	2.3333333333333335	237.10260635915807	2.3333333333333335	293.462606359158																																																									-2	-10.68977459322287	-2	-19.530726974175256	-2	-115.44025078369904	-2	-93.13072697417525																																																													-2	-84.58821548821548	-2	-76.2682154882155
217	AAA	Aaa			2.8	280.2410575376092			2.8	293.58511784511774	2.8	280.68511784511765	2.8	294.72511784511784							-2	291.462606359158																													-2	-19.25159277504105	-2	-17.98587848932676													-2	-61.96025078369905	-2	-59.064060307508576													-2	-117.44025078369904	-2	-95.13072697417525																																																																
218	eIa	eia			0.09523809523809523	280.3362956328473							-2	292.72511784511784	0.09523809523809523	146.6103896103897	0.09523809523809523	227.53784445439626	0.09523809523809523	237.19784445439618	0.09523809523809523	291.55784445439605																																	0.09523809523809523	50.27705627705628	0.09523809523809523	50.27705627705628	0.09523809523809523	50.60546350201523	0.09523809523809523	52.89117778772952	0.09523809523809523	11.285463502015222	0.09523809523809523	-4.468822212270488	0.09523809523809523	-61.86501268846096	0.09523809523809523	-58.96882221227048	0.09523809523809523	50.27705627705628	0.09523809523809523	50.27705627705628	0.09523809523809523	52.738796835348566	0.09523809523809523	55.02451112106285	0.09523809523809523	-10.594536497984775	0.09523809523809523	-19.43548887893716			0.09523809523809523	-95.03548887893714																																																																
220	uE	ue			2.4	282.73629563284726					-2	278.68511784511765	-2	290.72511784511784			2.4	229.93784445439627	2.4	239.59784445439618	2.4	293.957844454396																																																																																																																									-2	-37.068215488215486	-2	-36.634882154882156	-2	-86.58821548821548	-2	-78.2682154882155
222	yiy	uiu	2.0	299.3666666666666	0	282.73629563284726			2.0	295.58511784511774	2.0	280.68511784511765	2.0	292.72511784511784							-2	291.957844454396																																																													-2	-119.44025078369904	-2	-97.03548887893714																																																													-2	-88.58821548821548	-2	-80.2682154882155
231	oII	oii			1.6666666666666667	284.40296229951394							-2	290.72511784511784	1.6666666666666667	148.27705627705635	1.6666666666666667	231.60451112106293	1.6666666666666667	241.26451112106284	1.6666666666666667	293.6245111210627																																																																																																													-2	1.5681481481481496	-2	-2.4518518518518464													-2	-90.58821548821548	-2	-82.2682154882155
235	Eao	eao	3.2	302.5666666666666	0	284.40296229951394					-2	278.68511784511765	-2	288.72511784511784			3.2	234.80451112106292	3.2	244.46451112106283	3.2	296.8245111210627																																											-2	-6.468822212270488	-2	-63.86501268846096	-2	-60.96882221227048											-2	-21.43548887893716	-2	-121.44025078369904	-2	-99.03548887893714																																																																
236	oyi	oui			0.2857142857142857	284.6886765852282			0.2857142857142857	295.870832130832	0.2857142857142857	278.9708321308319	0.2857142857142857	289.0108321308321							-2	294.8245111210627																																																																																																					0.2857142857142857	50.43386243386243	0.2857142857142857	50.43386243386243	0.2857142857142857	16.573862433862434	0.2857142857142857	13.413862433862432	0.2857142857142857	1.8538624338624352							0.2857142857142857	50.79749879749879	0.2857142857142857	52.130832130832125	0.2857142857142857	-36.7825012025012	0.2857142857142857	-36.34916786916787			-2	-84.2682154882155
240	OAO	Oao			4.666666666666667	289.3553432518949	4.666666666666667	186.4881481481481	4.666666666666667	300.5374987974987	4.666666666666667	283.6374987974986	4.666666666666667	293.6774987974988					-2	242.46451112106283	-2	292.8245111210627											-2	36.43793103448276	-2	26.83793103448276	-2	26.47793103448276											-2	15.294121510673232	-2	-21.25159277504105	-2	-19.98587848932676											-2	-8.468822212270489	-2	-65.86501268846095	-2	-62.96882221227048											-2	-23.43548887893716	-2	-123.44025078369904	-2	-101.03548887893714																																																																
242	oaE	Oae	6.4	308.9666666666666	0	289.3553432518949	-2	184.4881481481481	-2	298.5374987974987	-2	281.6374987974986	-2	291.6774987974988			6.4	241.20451112106292	6.4	248.86451112106283	6.4	299.2245111210627													-2	24.83793103448276	-2	24.47793103448276													-2	-23.25159277504105	-2	-21.98587848932676													-2	-67.86501268846095	-2	-64.96882221227048													-2	-125.44025078369904	-2	-103.03548887893714																																																									-2	-38.7825012025012	-2	-38.34916786916787	-2	-92.58821548821548	-2	-86.2682154882155
245	iiO	iio			2.0	291.3553432518949	2.0	186.4881481481481	2.0	300.5374987974987	2.0	283.6374987974986	2.0	293.6774987974988					-2	246.86451112106283	-2	297.2245111210627																																																									-2	-12.594536497984775	-2	-25.43548887893716	-2	-127.44025078369904	-2	-105.03548887893714																																																																
251	eiO	eio			2.6666666666666665	294.0220099185616	2.6666666666666665	189.15481481481476	2.6666666666666665	303.2041654641654	2.6666666666666665	286.3041654641653	2.6666666666666665	296.3441654641655					-2	244.86451112106283	-2	295.2245111210627																																											-2	-10.468822212270489			-2	-66.96882221227048									-2	-14.594536497984775	-2	-27.43548887893716	-2	-129.44025078369904	-2	-107.03548887893714																																																																
253	yIo	yio			0.07142857142857142	294.09343848999015							-2	294.3441654641655	0.07142857142857142	148.34848484848493	0.07142857142857142	241.2759396924915	0.07142857142857142	244.93593969249142	0.07142857142857142	295.29593969249123																	0.07142857142857142	50.07142857142857	0.07142857142857142	50.07142857142857	0.07142857142857142	50.39983579638752	0.07142857142857142	52.685550082101805	0.07142857142857142	31.599835796387524	0.07142857142857142	15.365550082101803	0.07142857142857142	-23.180164203612478	0.07142857142857142	-21.914449917898185	0.07142857142857142	50.34848484848485	0.07142857142857142	50.34848484848485	0.07142857142857142	50.6768920734438	0.07142857142857142	52.96260635915809	0.07142857142857142	11.356892073443793	0.07142857142857142	-10.397393640841917	0.07142857142857142	-67.79358411703238	0.07142857142857142	-66.89739364084191	0.07142857142857142	50.34848484848485	0.07142857142857142	50.34848484848485	0.07142857142857142	52.810225406777136	0.07142857142857142	55.09593969249142			0.07142857142857142	-27.364060307508588			0.07142857142857142	-106.96406030750857																																																																
256	OEa	Oea			0.14814814814814814	294.2415866381383					-2	284.3041654641653	-2	292.3441654641655			0.14814814814814814	241.42408784063966	0.14814814814814814	245.08408784063957	0.14814814814814814	295.4440878406394					0.14814814814814814	50.28607918263091	0.14814814814814814	50.28607918263091	0.14814814814814814	42.586079182630904	0.14814814814814814	36.586079182630904	0.14814814814814814	24.98607918263091	0.14814814814814814	24.62607918263091					0.14814814814814814	50.547983944535666	0.14814814814814814	52.83369823024995	0.14814814814814814	31.747983944535672	0.14814814814814814	15.513698230249952	0.14814814814814814	-23.03201605546433	0.14814814814814814	-21.766301769750036					0.14814814814814814	50.82504022159195	0.14814814814814814	53.11075450730623	0.14814814814814814	11.505040221591942	0.14814814814814814	-10.249245492693769			0.14814814814814814	-66.74924549269376					0.14814814814814814	52.95837355492528	0.14814814814814814	55.244087840639565	0.14814814814814814	-14.446388349836626	0.14814814814814814	-27.21591215936044			0.14814814814814814	-106.81591215936042																																																																
270	eIa	eia			0.09523809523809523	294.3368247333764							-2	290.3441654641655	0.09523809523809523	148.44372294372303	0.09523809523809523	241.51932593587776	0.09523809523809523	245.17932593587767	0.09523809523809523	295.53932593587746																																	0.09523809523809523	50.443722943722946	0.09523809523809523	50.443722943722946	0.09523809523809523	50.92027831683004	0.09523809523809523	53.20599260254433	0.09523809523809523	11.600278316830037	0.09523809523809523	-10.154007397455674	0.09523809523809523	-67.69834602179428	0.09523809523809523	-66.65400739745566	0.09523809523809523	50.443722943722946	0.09523809523809523	50.443722943722946	0.09523809523809523	53.053611650163376	0.09523809523809523	55.33932593587766	0.09523809523809523	-14.351150254598531	0.09523809523809523	-27.120674064122344			0.09523809523809523	-106.72067406412232																																																																
310	aoI	aoi			1.6666666666666667	296.00349140004306							-2	288.3441654641655	1.6666666666666667	150.1103896103897	1.6666666666666667	243.18599260254442	1.6666666666666667	246.84599260254433	1.6666666666666667	297.20599260254414																																																																																																													-2	-0.1461375661375648	-2	-4.451851851851846													-2	-94.58821548821548	-2	-88.2682154882155
453	oAi	oai			0.2857142857142857	296.28920568575734			0.2857142857142857	303.48987974987966	0.2857142857142857	284.5898797498796	0.2857142857142857	288.62987974987976							-2	295.20599260254414																																																																																																					0.2857142857142857	50.719576719576715	0.2857142857142857	50.719576719576715	0.2857142857142857	16.85957671957672	0.2857142857142857	13.699576719576719	0.2857142857142857	0.1395767195767209							0.2857142857142857	51.083213083213074	0.2857142857142857	52.41654641654641	0.2857142857142857	-38.49678691678692	0.2857142857142857	-38.06345358345359			-2	-90.2682154882155
475	Oyi	Oui			4.4	300.6892056857573			4.4	307.88987974987964	4.4	288.98987974987955	4.4	293.02987974987974							-2	293.20599260254414													-2	22.98607918263091	-2	22.62607918263091													-2	-25.03201605546433	-2	-23.766301769750036													-2	-69.69834602179428	-2	-68.65400739745566													-2	-131.44025078369904	-2	-108.72067406412232																																																													-2	-96.58821548821548	-2	-92.2682154882155
501	auo	Auo	8.0	316.9666666666666	0	300.6892056857573			-2	305.88987974987964	-2	286.98987974987955	-2	291.02987974987974							8.0	301.20599260254414																											-2	13.513698230249952	-2	-27.03201605546433	-2	-25.766301769750036											-2	-12.154007397455674	-2	-71.69834602179428	-2	-70.65400739745566											-2	-29.120674064122344	-2	-133.44025078369904	-2	-110.72067406412232																																																																
513	OAy	Oau			3.6	304.28920568575734			3.6	309.48987974987966	3.6	290.5898797498796	3.6	294.62987974987976							-2	299.20599260254414													-2	20.98607918263091	-2	20.62607918263091													-2	-29.03201605546433	-2	-27.766301769750036													-2	-73.69834602179428	-2	-72.65400739745566													-2	-135.44025078369904	-2	-112.72067406412232																																																																
1065	ueu	yeu	1.1428571428571428	318.10952380952375	0	304.28920568575734			-2	307.48987974987966	-2	288.5898797498796	-2	292.62987974987976							1.1428571428571428	300.3488497454013																															-2	-29.766301769750036																																																																																									1.1428571428571428	-37.35392977392977	1.1428571428571428	-36.92059644059644	1.1428571428571428	-95.44535834535834	1.1428571428571428	-91.12535834535836
1317	AAi	Aai			3.6	307.88920568575736			3.6	311.0898797498797	3.6	292.1898797498796	3.6	296.2298797498798							-2	298.3488497454013																													-2	-31.03201605546433	-2	-31.766301769750036													-2	-75.69834602179428	-2	-74.65400739745566													-2	-137.44025078369904	-2	-114.72067406412232																																																													-2	-97.44535834535834	-2	-93.12535834535836
1414	uoi	yoi	7.5	325.60952380952375	0	307.88920568575736			-2	309.0898797498797	-2	290.1898797498796	-2	294.2298797498798							7.5	305.8488497454013																									-2	29.747983944535672	-2	11.513698230249952	-2	-33.032016055464325	-2	-33.76630176975004									-2	9.600278316830037	-2	-14.154007397455674	-2	-77.69834602179428	-2	-76.65400739745566									-2	-16.35115025459853	-2	-31.120674064122344	-2	-139.44025078369904	-2	-116.72067406412232																																																															7.5	-85.62535834535836
1419	oiA	oia			0.6666666666666666	308.55587235242405			0.6666666666666666	309.75654641654637	0.6666666666666666	290.8565464165463	0.6666666666666666	294.89654641654647							-2	303.8488497454013																																																													-2	-141.44025078369904	-2	-118.72067406412232																																							0.6666666666666666	51.38624338624338			0.6666666666666666	14.366243386243385											0.6666666666666666	53.083213083213074			0.6666666666666666	-36.25392977392978				
1553	Eyy	Euu			0.08695652173913043	308.6428288741632			0.08695652173913043	309.8435029382855	0.08695652173913043	290.9435029382854	0.08695652173913043	294.9835029382856							-2	301.8488497454013																																																																																					0.08695652173913043	50.23510466988728	0.08695652173913043	50.23510466988728	0.08695652173913043	40.93510466988728	0.08695652173913043	38.23510466988728	0.08695652173913043	41.035104669887275	0.08695652173913043	36.79510466988728					0.08695652173913043	50.80653324131585	0.08695652173913043	51.47319990798251	0.08695652173913043	16.946533241315848	0.08695652173913043	14.453199907982516	0.08695652173913043	0.22653324131585134	0.08695652173913043	-4.364895330112716					0.08695652173913043	51.17016960495221	0.08695652173913043	53.17016960495221	0.08695652173913043	-37.26697325219064	0.08695652173913043	-36.166973252190644	0.08695652173913043	-97.35840182361922	0.08695652173913043	-85.53840182361924
2094	iiA	iia			1.2	309.84282887416316			1.2	311.0435029382855	1.2	292.1435029382854	1.2	296.1835029382856							-2	299.8488497454013																																																													-2	-143.44025078369904	-2	-120.72067406412232																																																																
TOTAL				325.60952380952375		309.84282887416316		189.15481481481476		311.0435029382855		292.1435029382854		296.1835029382856		150.1103896103897		243.18599260254442		246.84599260254433		299.8488497454013		50.0		50.0		50.28607918263091		50.28607918263091		42.586079182630904		36.586079182630904		20.98607918263091		20.62607918263091		50.07142857142857		50.07142857142857		50.547983944535666		52.83369823024995		29.747983944535672		11.513698230249952		-33.032016055464325		-33.76630176975004		50.443722943722946		50.443722943722946		50.92027831683004		53.20599260254433		9.600278316830037		-14.154007397455674		-77.69834602179428		-76.65400739745566		50.443722943722946		50.443722943722946		53.053611650163376		55.33932593587766		-16.35115025459853		-31.120674064122344		-143.44025078369904		-120.72067406412232		50.0		50.0		50.0		50.0		50.0		50.0		50.0		50.0		50.0		50.148148148148145		50.23510466988728		50.23510466988728		40.93510466988728		38.23510466988728		41.035104669887275		36.79510466988728		50.0		50.148148148148145		50.80653324131585		51.47319990798251		16.946533241315848		14.453199907982516		0.22653324131585134		-4.364895330112716		50.0		51.48148148148148		51.17016960495221		53.17016960495221		-37.26697325219064		-36.166973252190644		-97.35840182361922		-85.53840182361924
