trialnum	Generated	Heard	Id(Bk)Syl1	now	Id(Bk)	now	*F1	now	*F3	now	*F4	now	*F5	now	*B1	now	*B2	now	*B3	now	*B5	now	*F1_B1	now	*F1..._B1	now	*F1_B2	now	*F1..._B2	now	*F1_B3	now	*F1..._B3	now	*F1_B5	now	*F1..._B5	now	*F3_B1	now	*F3..._B1	now	*F3_B2	now	*F3..._B2	now	*F3_B3	now	*F3..._B3	now	*F3_B5	now	*F3..._B5	now	*F4_B1	now	*F4..._B1	now	*F4_B2	now	*F4..._B2	now	*F4_B3	now	*F4..._B3	now	*F4_B5	now	*F4..._B5	now	*F5_B1	now	*F5..._B1	now	*F5_B2	now	*F5..._B2	now	*F5_B3	now	*F5..._B3	now	*F5_B5	now	*F5..._B5	now	*_B1F1	now	*_B1...F1	now	*_B1F3	now	*_B1...F3	now	*_B1F4	now	*_B1...F4	now	*_B1F5	now	*_B1...F5	now	*_B2F1	now	*_B2...F1	now	*_B2F3	now	*_B2...F3	now	*_B2F4	now	*_B2...F4	now	*_B2F5	now	*_B2...F5	now	*_B3F1	now	*_B3...F1	now	*_B3F3	now	*_B3...F3	now	*_B3F4	now	*_B3...F4	now	*_B3F5	now	*_B3...F5	now	*_B5F1	now	*_B5...F1	now	*_B5F3	now	*_B5...F3	now	*_B5F4	now	*_B5...F4	now	*_B5F5	now	*_B5...F5	now
				0		0		55.53		66.45		90.45		114.85		50.0		55.87		79.32		126.98		50.0		50.0		50.0		50.0		51.02		52.0		53.37		56.33		50.0		50.0		50.0		50.0		53.34		56.019999999999996		60.05		68.38		50.0		50.0		50.0		50.0		55.99		58.79		68.43		77.16		50.0		50.0		50.0		50.0		58.66		61.17		76.77		84.59		50.0		50.0		50.0		50.0		50.0		50.0		50.0		50.0		50.0		50.0		50.0		50.0		51.27		52.12		52.46		53.7		50.0		50.0		50.0		50.0		54.4		55.97		58.37		60.79		50.0		50.0		50.0		50.0		60.07		63.239999999999995		70.11		74.93
0	Apriori	Id(Bk)Syl1>>Id(Bk)	40	40																																																																																																																																																		
1	AiO	Aio			2	2	2	57.53	2	68.45	2	92.45	2	116.85					-2	77.32	-2	124.98																											-2	54.019999999999996			-2	66.38											-2	56.79			-2	75.16									-2	56.66	-2	59.17	-2	74.77	-2	82.59																																																																
1	Apriori	Id(Bk)Syl1>>Id(Bk)	2	42																																																																																																																																																			
2	eAA	eaa			2	4			2	70.45	2	94.45	2	118.85							-2	122.98																																													-2	66.43	-2	73.16													-2	72.77	-2	80.59																																																																
2	Apriori	Id(Bk)Syl1>>Id(Bk)	2	44																																																																																																																																																			
3	ua	ya	2	46	0	4			-2	68.45	-2	92.45	-2	116.85							2	124.98																													-2	58.05	-2	64.38													-2	64.43	-2	71.16													-2	70.77	-2	78.59																																																																
4	Oei	oei	2	48	0	4	2	59.53	2	70.45	2	94.45	2	118.85					-2	75.32	-2	122.98																																																																																																									-2	52.4	-2	53.97	-2	56.37	-2	58.79									-2	58.07	-2	61.239999999999995	-2	68.11	-2	72.93
5	IoE	ioe	2	50	0	4					-2	92.45	-2	116.85	2	52.0	2	57.87	2	77.32	2	124.98																																																									-2	54.66	-2	57.17	-2	68.77	-2	76.59																																									-2	50.4	-2	51.97	-2	54.37	-2	56.79									-2	56.07	-2	59.239999999999995	-2	66.11	-2	70.93
6	AAi	aai	2	52	0	4			2	72.45	2	94.45	2	118.85							-2	122.98																																																																																																																													-2	64.11	-2	68.93
7	Oyi	Oui			2	6			2	74.45	2	96.45	2	120.85							-2	120.98													-2	51.37	-2	54.33													-2	56.05	-2	62.379999999999995													-2	62.43000000000001	-2	69.16													-2	66.77	-2	74.59																																																													-2	62.11	-2	66.93
8	EI	ei	2	54	0	6					-2	94.45	-2	118.85	2	54.0	2	59.87	2	79.32	2	122.98																																																																																																																																
9	iAy	iau			2	8			2	76.45	2	96.45	2	120.85							-2	120.98																																																													-2	64.77	-2	72.59																																																																
10	EI	Ei			2	10							-2	118.85	2	56.0	2	61.87	2	81.32	2	122.98																																																																																													-2	50.46	-2	51.7													-2	52.37	-2	54.79													-2	60.11	-2	64.93
11	Oey	oeu	2	56	0	10	2	61.53	2	78.45	2	98.45	2	120.85					-2	79.32	-2	120.98																																													-2	60.43000000000001	-2	67.16													-2	62.769999999999996	-2	70.59																																									-2	48.4	-2	49.97	-2	50.37	-2	52.79									-2	54.07	-2	57.239999999999995	-2	58.11	-2	62.93000000000001
12	oIo	oio			2	12							-2	118.85	2	58.0	2	63.87	2	81.32	2	122.98																																																									-2	52.66	-2	55.17	-2	60.769999999999996	-2	68.59																																													-2	48.37	-2	50.79													-2	56.11	-2	60.93000000000001
13	OA	Oa			2	14			2	80.45	2	100.45	2	120.85							-2	120.98													-2	49.37	-2	52.33													-2	54.05	-2	60.379999999999995													-2	58.43000000000001	-2	65.16													-2	58.769999999999996	-2	66.59																																																																
14	oua	Oua	2	58	0	14	-2	59.53	-2	78.45	-2	98.45	-2	118.85					2	83.32	2	122.98													-2	47.37	-2	50.33													-2	52.05	-2	58.379999999999995													-2	56.43000000000001	-2	63.16													-2	56.769999999999996	-2	64.59																																																																
15	ey	eu			2	16			2	80.45	2	100.45	2	120.85							-2	120.98																																													-2	54.43000000000001	-2	61.16													-2	54.769999999999996	-2	62.59																																																																
16	Aiy	Aiu			2	18			2	82.45	2	102.45	2	122.85							-2	118.98																															-2	56.379999999999995															-2	59.16													-2	52.769999999999996	-2	60.59																																																																
17	AOO	Aoo			2	20	2	61.53	2	84.45	2	104.45	2	124.85					-2	81.32	-2	116.98																									-2	51.34	-2	52.019999999999996	-2	50.05	-2	54.379999999999995									-2	53.99	-2	54.79	-2	52.43000000000001	-2	57.16									-2	50.66	-2	53.17	-2	50.769999999999996	-2	58.59																																																																
17	Apriori	Id(Bk)Syl1>>Id(Bk)	2	60																																																																																																																																																			
18	EuI	eui	2	62	0	20					-2	102.45	-2	122.85	2	60.0	2	65.87	2	83.32	2	118.98																																													-2	50.43000000000001	-2	55.16													-2	48.769999999999996	-2	56.59																																																													-2	54.11	-2	58.93000000000001
19	auI	aui			2	22							-2	120.85	2	62.0	2	67.87	2	85.32	2	120.98																																																																																																																													-2	52.11	-2	56.93000000000001
20	AOi	aoi	2	64	0	22	2	63.53	2	86.45	2	104.45	2	122.85					-2	83.32	-2	118.98																																																																																																													-2	46.37	-2	48.79													-2	50.11	-2	54.93000000000001
21	eAy	eau			2	24			2	88.45	2	106.45	2	124.85							-2	116.98																																													-2	48.43000000000001	-2	53.16													-2	46.769999999999996	-2	54.59																																																																
24	EI	Ei			2	26							-2	122.85	2	64.0	2	69.87	2	85.32	2	118.98																																																																																													-2	48.46	-2	49.7													-2	44.37	-2	46.79													-2	48.11	-2	52.93000000000001
24	Apriori	Id(Bk)Syl1>>Id(Bk)	2	66																																																																																																																																																			
25	OAi	Oai			2	28			2	90.45	2	108.45	2	124.85							-2	116.98													-2	45.37	-2	48.33													-2	48.05	-2	52.379999999999995													-2	46.43000000000001	-2	51.16													-2	44.769999999999996	-2	52.59																																																													-2	46.11	-2	50.93000000000001
25	Apriori	Id(Bk)Syl1>>Id(Bk)	2	68																																																																																																																																																			
26	EEu	eeu	2	70	0	28					-2	106.45	-2	122.85			2	71.87	2	87.32	2	118.98																																													-2	44.43000000000001	-2	49.16													-2	42.769999999999996	-2	50.59																																																																
27	aoI	Aoi	2	72	0	28			-2	88.45	-2	104.45	-2	120.85	2	66.0	2	73.87	2	89.32	2	120.98																									-2	49.34	-2	50.019999999999996	-2	46.05	-2	50.379999999999995									-2	51.99	-2	52.79	-2	42.43000000000001	-2	47.16									-2	48.66	-2	51.17	-2	40.769999999999996	-2	48.59																																													-2	42.37	-2	44.79													-2	44.11	-2	48.93000000000001
28	Ae	ae	2	74	0	28			2	90.45	2	106.45	2	122.85							-2	118.98																																																																																																																									-2	52.07	-2	55.239999999999995	-2	42.11	-2	46.93000000000001
29	aau	Aau	2	76	0	28			-2	88.45	-2	104.45	-2	120.85							2	120.98																													-2	44.05	-2	48.379999999999995													-2	40.43000000000001	-2	45.16													-2	38.769999999999996	-2	46.59																																																																
30	eye	eue			2	30			2	90.45	2	106.45	2	122.85							-2	118.98																																													-2	38.43000000000001	-2	43.16													-2	36.769999999999996	-2	44.59																																																									-2	50.07	-2	53.239999999999995	-2	40.11	-2	44.93000000000001
31	Iao	iao	2	78	0	30							-2	120.85	2	68.0	2	75.87	2	91.32	2	120.98																																																											-2	49.17	-2	34.769999999999996	-2	42.59																																																																
32	yiy	uiu	2	80	0	30			2	92.45	2	108.45	2	122.85							-2	118.98																																																													-2	32.769999999999996	-2	40.59																																																													-2	38.11	-2	42.93000000000001
33	IuI	iui	2	82	0	30							-2	120.85	2	70.0	2	77.87	2	93.32	2	120.98																																																													-2	30.769999999999996	-2	38.59																																																													-2	36.11	-2	40.93000000000001
34	Eao	eao	2	84	0	30					-2	106.45	-2	118.85			2	79.87	2	95.32	2	122.98																																											-2	50.79	-2	36.43000000000001	-2	41.16											-2	47.17	-2	28.769999999999996	-2	36.59																																																																
35	uuI	uui			2	32							-2	116.85	2	72.0	2	81.87	2	97.32	2	124.98																																																																																																																													-2	34.11	-2	38.93000000000001
36	eiy	Eiu	2	86	0	32			2	94.45	2	108.45	2	118.85			-2	79.87	-2	95.32	-2	122.98																																																													-2	26.769999999999996	-2	34.59																													-2	46.46	-2	47.7													-2	40.37	-2	42.79													-2	32.11	-2	36.93000000000001
38	eAi	Eai	2	88	0	32			2	96.45	2	110.45	2	120.85			-2	77.87	-2	93.32	-2	120.98																																																																																															-2	45.7															-2	40.79													-2	30.11	-2	34.93000000000001
39	EuE	eue	2	90	0	32					-2	108.45	-2	118.85			2	79.87	2	95.32	2	122.98																																													-2	34.43000000000001	-2	39.16													-2	24.769999999999996	-2	32.59																																																									-2	48.07	-2	51.239999999999995	-2	28.11	-2	32.93000000000001
40	yiA	yia			2	34			2	98.45	2	110.45	2	120.85							-2	120.98																															-2	46.379999999999995															-2	37.16													-2	22.769999999999996	-2	30.590000000000003																																																																
41	OAe	Oae			2	36			2	100.45	2	112.45	2	122.85							-2	118.98													-2	43.37	-2	46.33													-2	42.05	-2	44.379999999999995													-2	32.43000000000001	-2	35.16													-2	20.769999999999996	-2	28.590000000000003																																																									-2	46.07	-2	49.239999999999995	-2	26.11	-2	30.930000000000007
42	aoa	Aoa	2	92	0	36			-2	98.45	-2	110.45	-2	120.85							2	120.98																									-2	47.34	-2	48.019999999999996	-2	40.05	-2	42.379999999999995									-2	49.99	-2	48.79	-2	30.430000000000007	-2	33.16									-2	46.66	-2	45.17	-2	18.769999999999996	-2	26.590000000000003																																																																
44	AA	Aa			2	38			2	100.45	2	112.45	2	122.85							-2	118.98																													-2	38.05	-2	40.379999999999995													-2	28.430000000000007	-2	31.159999999999997													-2	16.769999999999996	-2	24.590000000000003																																																																
45	EuI	eui	2	94	0	38					-2	110.45	-2	120.85	2	74.0	2	81.87	2	97.32	2	120.98																																													-2	26.430000000000007	-2	29.159999999999997													-2	14.769999999999996	-2	22.590000000000003																																																													-2	24.11	-2	28.930000000000007
46	eiy	eiu			2	40			2	102.45	2	112.45	2	122.85							-2	118.98																																															-2	27.159999999999997													-2	12.769999999999996	-2	20.590000000000003																																																																
47	auI	Aui	2	96	0	40			-2	100.45	-2	110.45	-2	120.85	2	76.0	2	83.87	2	99.32	2	120.98																													-2	36.05	-2	38.379999999999995													-2	24.430000000000007	-2	25.159999999999997													-2	10.769999999999996	-2	18.590000000000003																																																													-2	22.11	-2	26.930000000000007
48	Eua	eua	2	98	0	40					-2	108.45	-2	118.85			2	85.87	2	101.32	2	122.98																																													-2	22.430000000000007	-2	23.159999999999997													-2	8.769999999999996	-2	16.590000000000003																																																																
49	OAi	Oai			2	42			2	102.45	2	110.45	2	120.85							-2	120.98													-2	41.37	-2	44.33													-2	34.05	-2	36.379999999999995													-2	20.430000000000007	-2	21.159999999999997													-2	6.769999999999996	-2	14.590000000000003																																																													-2	20.11	-2	24.930000000000007
50	iyA	iua			2	44			2	104.45	2	112.45	2	122.85							-2	118.98																																																													-2	4.769999999999996	-2	12.590000000000003																																																																
51	Ea	ea	2	100	0	44					-2	110.45	-2	120.85			2	87.87	2	103.32	2	120.98																																													-2	18.430000000000007	-2	19.159999999999997													-2	2.769999999999996	-2	10.590000000000003																																																																
53	EIa	Eia			2	46							-2	118.85	2	78.0	2	89.87	2	105.32	2	122.98																																																													-2	0.769999999999996	-2	8.590000000000003																													-2	44.46	-2	43.7													-2	38.37	-2	38.79													-2	18.11	-2	22.930000000000007
54	yyO	yuo			2	48	2	65.53	2	106.45	2	112.45	2	120.85					-2	103.32	-2	120.98																											-2	46.019999999999996	-2	32.05	-2	34.379999999999995											-2	46.79	-2	16.430000000000007	-2	17.159999999999997											-2	43.17	-2	0	-2	6.590000000000003																																																																
55	iyy	iuu			2	50			2	108.45	2	114.45	2	122.85							-2	118.98																																																													-2	0	-2	4.590000000000003																																																																
57	uIu	yiu	2	102	0	50			-2	106.45	-2	112.45	-2	120.85	2	80.0	2	91.87	2	105.32	2	120.98																															-2	32.379999999999995															-2	15.159999999999997													-2	0	-2	2.5900000000000034																																																																
58	uIE	uie			2	52					-2	110.45	-2	118.85	2	82.0	2	93.87	2	107.32	2	122.98																																																																																																																											-2	47.239999999999995	-2	16.11	-2	20.930000000000007
59	AAy	Aau			2	54			2	108.45	2	112.45	2	120.85							-2	120.98																													-2	30.049999999999997	-2	30.379999999999995													-2	14.430000000000007	-2	13.159999999999997													-2	0	-2	0.5900000000000034																																																																
60	OAy	Oau			2	56			2	110.45	2	114.45	2	122.85							-2	118.98													-2	39.37	-2	42.33													-2	28.049999999999997	-2	28.379999999999995													-2	12.430000000000007	-2	11.159999999999997													-2	0	-2	0																																																																
61	uIE	yie	2	104	0	56			-2	108.45	-2	112.45	-2	120.85	2	84.0	2	95.87	2	109.32	2	120.98																																																																																																																																
62	EuE	Eue			2	58					-2	110.45	-2	118.85			2	97.87	2	111.32	2	122.98																																																																																											-2	50.12			-2	41.7											-2	47.97			-2	36.79									-2	44.07	-2	45.239999999999995	-2	14.11	-2	18.930000000000007
63	yeA	uea	2	106	0	58			2	110.45	2	112.45	2	120.85							-2	120.98																																													-2	10.430000000000007	-2	9.159999999999997													-2	0	-2	0																																																									-2	42.07	-2	43.239999999999995	-2	12.11	-2	16.930000000000007
64	oIE	oie			2	60					-2	110.45	-2	118.85	2	86.0	2	99.87	2	113.32	2	122.98																																																																																																											-2	45.97	-2	36.37	-2	34.79											-2	41.239999999999995	-2	10.11	-2	14.930000000000007
65	AOA	Aoa			2	62	2	67.53	2	112.45	2	112.45	2	120.85					-2	111.32	-2	120.98																									-2	45.34	-2	44.019999999999996	-2	26.049999999999997	-2	26.379999999999995									-2	47.99	-2	44.79	-2	8.430000000000007	-2	7.159999999999997									-2	44.66	-2	41.17	-2	0	-2	0																																																																
66	EE	Ee			2	64					-2	110.45	-2	118.85			2	101.87	2	113.32	2	122.98																																																																																									-2	49.27	-2	48.12	-2	42.46	-2	39.7									-2	46.4	-2	43.97	-2	34.37	-2	32.79									-2	40.07	-2	39.239999999999995	-2	8.11	-2	12.930000000000007
67	yOO	uoo	2	108	0	64	2	69.53	2	114.45	2	112.45	2	120.85					-2	111.32	-2	120.98																																																																																																																																
68	aEE	aee			2	66					-2	110.45	-2	118.85			2	103.87	2	113.32	2	122.98																																																																																																																									-2	38.07	-2	37.239999999999995	-2	6.109999999999999	-2	10.930000000000007
70	yAA	uaa	2	110	0	66			2	116.45	2	112.45	2	120.85							-2	120.98																																																																																																																																
71	OOA	Ooa			2	68	2	71.53	2	118.45	2	114.45	2	122.85					-2	111.32	-2	118.98									-2	49.02	-2	50.0	-2	37.37	-2	40.33									-2	43.34	-2	42.019999999999996	-2	24.049999999999997	-2	24.379999999999995									-2	45.99	-2	42.79	-2	6.430000000000007	-2	5.159999999999997									-2	42.66	-2	39.17	-2	0	-2	0																																																																
72	EIo	eio	2	112	0	68					-2	112.45	-2	120.85	2	88.0	2	105.87	2	113.32	2	120.98																																											-2	40.79			-2	3.1599999999999966									-2	40.66	-2	37.17	-2	0	-2	0																																																																
73	EEI	Eei			2	70					-2	110.45	-2	118.85	2	90.0	2	107.87	2	115.32	2	122.98																																																																																									-2	47.27	-2	46.12	-2	40.46	-2	37.7									-2	44.4	-2	41.97	-2	32.37	-2	30.79									-2	36.07	-2	35.239999999999995	-2	4.109999999999999	-2	8.930000000000007
74	AOy	aou	2	114	0	70	2	73.53	2	120.45	2	112.45	2	120.85					-2	113.32	-2	120.98																																																																																																																																
75	au	Au	2	116	0	70			-2	118.45	-2	110.45	-2	118.85							2	122.98																													-2	22.049999999999997	-2	22.379999999999995													-2	4.430000000000007	-2	1.1599999999999966													-2	0	-2	0																																																																
76	aaI	aai			2	72							-2	116.85	2	92.0	2	109.87	2	115.32	2	124.98																																																																																																																													-2	2.1099999999999994	-2	6.930000000000007
77	eAO	Eao	2	118	0	72	2	75.53	2	120.45	2	112.45	2	118.85			-2	107.87	-2	113.32	-2	122.98																																																																																																																																
78	iyA	iua			2	74			2	122.45	2	114.45	2	120.85							-2	120.98																																																													-2	0	-2	0																																																																
79	yOe	yoe			2	76	2	77.53	2	124.45	2	116.45	2	122.85					-2	111.32	-2	118.98																									-2	41.34	-2	40.019999999999996	-2	20.049999999999997	-2	20.379999999999995									-2	43.99	-2	38.79	-2	2.430000000000007	-2	0									-2	38.66	-2	35.17	-2	0	-2	0																																									-2	42.4	-2	39.97	-2	30.369999999999997	-2	28.79									-2	34.07	-2	33.239999999999995	-2	0.10999999999999943	-2	4.930000000000007
80	aa	Aa	2	120	0	76			-2	122.45	-2	114.45	-2	120.85							2	120.98																													-2	18.049999999999997	-2	18.379999999999995													-2	0.4300000000000068	-2	0													-2	0	-2	0																																																																
81	uuo	yuo	2	122	0	76			-2	120.45	-2	112.45	-2	118.85							2	122.98																											-2	38.019999999999996	-2	16.049999999999997	-2	16.379999999999995											-2	36.79	-2	0	-2	0											-2	33.17	-2	0	-2	0																																																																
82	oyi	oui			2	78			2	122.45	2	114.45	2	120.85							-2	120.98																																																																																																					2	52.0	2	52.0	2	44.4	2	41.97	2	32.37							2	52.0	2	52.0	2	36.07	2	35.239999999999995			-2	2.930000000000007
83	iI	ii			2	80							-2	118.85	2	94.0	2	109.87	2	113.32	2	122.98																																																	2	52.0	2	52.0	2	52.0	2	52.0	2	40.66	2	35.17	2	2	2	2																																																																
84	yOA	yoa			2	82	2	79.53	2	124.45	2	116.45	2	120.85					-2	111.32	-2	120.98																									-2	39.34	-2	36.019999999999996	-2	14.049999999999997	-2	14.379999999999995									-2	41.99	-2	34.79	-2	0	-2	0									-2	38.66	-2	33.17	-2	0	-2	0																																																																
86	OoE	Ooe			2	84					-2	114.45	-2	118.85			2	111.87	2	113.32	2	122.98							2	52.0			2	52.0			2	42.33							2	52.0			2	38.019999999999996			2	16.379999999999995							2	52.0			2	36.79			2	2							2	54.0			2	35.17			2	2																																									-2	42.4	-2	39.97	-2	30.369999999999997	-2	26.79									-2	34.07	-2	33.239999999999995	-2	0	-2	0.9300000000000068
86	Apriori	Id(Bk)Syl1>>Id(Bk)	2	124																																																																																																																																																			
87	Oye	Oue			2	86			2	126.45	2	116.45	2	120.85							-2	120.98													-2	35.37	-2	40.33													-2	12.049999999999997	-2	14.379999999999995													-2	0	-2	0													-2	0	-2	0																																																									-2	32.07	-2	31.239999999999995	-2	0	-2	0
87	Apriori	Id(Bk)Syl1>>Id(Bk)	2	126																																																																																																																																																			
88	aoa	Aoa	2	128	0	86			-2	124.45	-2	114.45	-2	118.85							2	122.98																									-2	37.34	-2	36.019999999999996	-2	10.049999999999997	-2	12.379999999999995									-2	39.99	-2	34.79	-2	0	-2	0									-2	36.66	-2	33.17	-2	0	-2	0																																																																
89	EAA	Eaa			2	88			2	126.45	2	116.45	2	120.85							-2	120.98																																																																																					2	52.0	2	52.0	2	49.27	2	48.12	2	42.46	2	39.7					2	54.0	2	54.0	2	44.4	2	41.97	2	32.37	2	28.79					2	54.0	2	54.0	2	34.07	2	33.239999999999995	2	2	2	2
91	iI	ii			2	90							-2	118.85	2	96.0	2	113.87	2	115.32	2	122.98																																																	2	54.0	2	54.0	2	54.0	2	56.0	2	38.66	2	35.17	2	2	2	2																																																																
91	Apriori	Id(Bk)Syl1>>Id(Bk)	2	130																																																																																																																																																			
99	AOA	Aoa			2	92	2	81.53	2	128.45	2	118.45	2	120.85					-2	113.32	-2	120.98																									-2	35.34	-2	34.019999999999996	-2	8.049999999999997	-2	10.379999999999995									-2	37.99	-2	32.79	-2	0	-2	0									-2	36.66	-2	33.17	-2	0	-2	0																																																																
99	Apriori	Id(Bk)Syl1>>Id(Bk)	2	132																																																																																																																																																			
101	oaE	oae			2	94					-2	116.45	-2	118.85			2	115.87	2	115.32	2	122.98																																																																																																											-2	39.97			-2	26.79									-2	32.07	-2	31.239999999999995	-2	0	-2	0
101	Apriori	Id(Bk)Syl1>>Id(Bk)	2	134																																																																																																																																																			
125	auE	aue			2	96					-2	114.45	-2	116.85			2	117.87	2	117.32	2	124.98																																																																																																																									-2	30.07	-2	29.239999999999995	-2	0	-2	0
125	Apriori	Id(Bk)Syl1>>Id(Bk)	2	136																																																																																																																																																			
163	uiy	uiu			2	98			2	130.45	2	116.45	2	118.85							-2	122.98																																																													-2	0	-2	0																																																							2	56.0			2	31.239999999999995				
163	Apriori	Id(Bk)Syl1>>Id(Bk)	2	138																																																																																																																																																			
168	OoE	Ooe			2	100					-2	114.45	-2	116.85			2	119.87	2	119.32	2	124.98							2	54.0			2	54.0			2	42.33							2	54.0			2	36.019999999999996			2	12.379999999999995							2	54.0			2	34.79			2	2							2	58.0			2	35.17			2	2																																									-2	42.4	-2	37.97	-2	30.369999999999997	-2	24.79									-2	28.07	-2	29.239999999999995	-2	0	-2	0
168	Apriori	Id(Bk)Syl1>>Id(Bk)	2	140																																																																																																																																																			
238	uOi	uoi			2	102	2	83.53	2	132.45	2	116.45	2	118.85					-2	117.32	-2	122.98																																																																																																													-2	28.369999999999997	-2	22.79	2	52.0	2	52.0	2	56.0	2	58.0	2	30.07	2	31.239999999999995			-2	0
238	Apriori	Id(Bk)Syl1>>Id(Bk)	2	142																																																																																																																																																			
284	eoE	eoe			2	104					-2	114.45	-2	116.85			2	121.87	2	119.32	2	124.98																																							2	56.0			2	36.79			2	4							2	60.0			2	37.17			2	4																																									-2	40.4	-2	35.97	-2	26.369999999999997	-2	20.79									-2	28.07	-2	29.239999999999995	-2	0	-2	0
284	Apriori	Id(Bk)Syl1>>Id(Bk)	2	144																																																																																																																																																			
1663	AiA	Aia			2	106			2	134.45	2	116.45	2	118.85							-2	122.98																															-2	10.379999999999995															-2	2													-2	0	-2	2																																																																
1663	Apriori	Id(Bk)Syl1>>Id(Bk)	2	146																																																																																																																																																			
1682	uuE	uue			2	108					-2	114.45	-2	116.85			2	123.87	2	121.32	2	124.98																																																																																																																									-2	26.07	-2	27.239999999999995	-2	0	-2	0
1682	Apriori	Id(Bk)Syl1>>Id(Bk)	2	148																																																																																																																																																			
6513	aAe	aae			0.2	108.2			0.2	134.64999999999998	0.2	114.65	0.2	117.05							-0.2	124.78																																																																																																																					0.2	56.2	0.2	58.2			-0.2	27.039999999999996			-0.2	0
6513	Apriori	Id(Bk)Syl1>>Id(Bk)	0.19999999999998863	148.2																																																																																																																																																			
12079	yEa	yea			0.02	108.22					-0.02	114.63000000000001	-0.02	117.03			0.02	123.89	0.02	121.33999999999999	0.02	124.8																					0.02	50.02	0.02	54.02	0.02	35.36000000000001	0.02	36.04	0.02	8.069999999999997	0.02	10.399999999999995					0.02	50.02	0.02	56.02	0.02	38.010000000000005	0.02	36.81			0.02	2.02					0.02	54.02	0.02	60.02	0.02	36.68	0.02	37.190000000000005			0.02	2.02																																																																
12079	Apriori	Id(Bk)Syl1>>Id(Bk)	0.020000000000010232	148.22																																																																																																																																																			
15375	uiy	uiu			0.002	108.222			0.002	134.652	0.002	114.632	0.002	117.032							-0.002	124.798																																																													-0.002	0	-0.002	2.0180000000000002																																																							0.002	58.202000000000005			0.002	27.041999999999994				
15375	Apriori	Id(Bk)Syl1>>Id(Bk)	0.001999999999981128	148.22199999999998																																																																																																																																																			
19908	aEI	aei			0.002	108.22399999999999					-0.002	114.63000000000001	-0.002	117.03	0.002	96.002	0.002	123.892	0.002	121.34199999999998	0.002	124.8																																																																																																																									-0.002	26.068	-0.002	27.039999999999996	-0.002	0	-0.002	0
19908	Apriori	Id(Bk)Syl1>>Id(Bk)	0.0020000000000095497	148.224																																																																																																																																																			
TOTAL				148.224		108.22399999999999		83.53		134.652		114.63000000000001		117.03		96.002		123.892		121.34199999999998		124.8		50.0		50.0		50.0		54.0		49.02		54.0		35.37		42.33		50.0		50.0		50.02		54.02		35.36000000000001		36.04		8.069999999999997		10.399999999999995		50.0		50.0		50.02		56.02		38.010000000000005		36.81		0		2.02		54.0		54.0		54.02		60.02		36.68		37.190000000000005		0		2.0180000000000002		50.0		50.0		50.0		50.0		50.0		50.0		50.0		50.0		50.0		50.0		52.0		52.0		49.27		48.12		42.46		39.7		50.0		50.0		54.0		54.0		40.4		35.97		26.369999999999997		20.79		52.0		52.0		56.2		58.202000000000005		26.068		27.039999999999996		0		0
