trialnum	Generated	Heard	Id(Bk)Syl1	now	Id(Bk)	now	*F1	now	*F3	now	*F4	now	*F5	now	*B1	now	*B2	now	*B3	now	*B5	now	*F1_B1	now	*F1..._B1	now	*F1_B2	now	*F1..._B2	now	*F1_B3	now	*F1..._B3	now	*F1_B5	now	*F1..._B5	now	*F3_B1	now	*F3..._B1	now	*F3_B2	now	*F3..._B2	now	*F3_B3	now	*F3..._B3	now	*F3_B5	now	*F3..._B5	now	*F4_B1	now	*F4..._B1	now	*F4_B2	now	*F4..._B2	now	*F4_B3	now	*F4..._B3	now	*F4_B5	now	*F4..._B5	now	*F5_B1	now	*F5..._B1	now	*F5_B2	now	*F5..._B2	now	*F5_B3	now	*F5..._B3	now	*F5_B5	now	*F5..._B5	now	*_B1F1	now	*_B1...F1	now	*_B1F3	now	*_B1...F3	now	*_B1F4	now	*_B1...F4	now	*_B1F5	now	*_B1...F5	now	*_B2F1	now	*_B2...F1	now	*_B2F3	now	*_B2...F3	now	*_B2F4	now	*_B2...F4	now	*_B2F5	now	*_B2...F5	now	*_B3F1	now	*_B3...F1	now	*_B3F3	now	*_B3...F3	now	*_B3F4	now	*_B3...F4	now	*_B3F5	now	*_B3...F5	now	*_B5F1	now	*_B5...F1	now	*_B5F3	now	*_B5...F3	now	*_B5F4	now	*_B5...F4	now	*_B5F5	now	*_B5...F5	now
				0		0		61.3		83.36		130.95999999999998		180.44		50.0		60.7		108.02000000000001		203.1		50.0		50.0		50.0		50.0		52.12		54.38		56.58		62.48		50.0		50.0		50.0		50.0		56.64		62.5		69.94		86.74000000000001		50.0		50.0		50.0		50.0		61.94		67.92		86.08		104.2		50.0		50.0		50.0		50.0		67.52		72.9		102.88		119.64		50.0		50.0		50.0		50.0		50.0		50.0		50.0		50.0		50.0		50.0		50.0		50.0		52.4		53.64		54.76		56.78		50.0		50.0		50.0		50.0		58.4		61.04		66.22		70.52		50.0		50.0		50.0		50.0		69.18		74.7		88.46000000000001		97.52000000000001
0	Apriori	Id(Bk)Syl1>>Id(Bk)	20	20																																																																																																																																																		
1	Oy	Ou			2	2			2	85.36	2	132.95999999999998	2	182.44							-2	201.1													-2	54.58	-2	60.48													-2	67.94	-2	84.74000000000001													-2	84.08	-2	102.2													-2	100.88	-2	117.64																																																																
1	Apriori	Id(Bk)Syl1>>Id(Bk)	2	22																																																																																																																																																			
2	yAy	yau			2	4			2	87.36	2	134.95999999999998	2	184.44							-2	199.1																													-2	65.94	-2	82.74000000000001													-2	82.08	-2	100.2													-2	98.88	-2	115.64																																																																
2	Apriori	Id(Bk)Syl1>>Id(Bk)	2	24																																																																																																																																																			
3	OAy	oau	2	26	0	4	2	63.3	2	89.36	2	136.95999999999998	2	186.44					-2	106.02000000000001	-2	197.1																																																																																																																																
4	yy	uu	2	28	0	4			2	91.36	2	138.95999999999998	2	188.44							-2	195.1																																																																																																																																
5	yOO	yoo			2	6	2	65.3	2	93.36	2	140.95999999999998	2	190.44					-2	104.02000000000001	-2	193.1																									-2	54.64	-2	60.5	-2	63.94	-2	80.74000000000001									-2	59.94	-2	65.92	-2	80.08	-2	98.2									-2	65.52	-2	70.9	-2	96.88	-2	113.64																																																																
6	OeA	Oea			2	8			2	95.36	2	142.95999999999998	2	192.44							-2	191.1															-2	58.48															-2	78.74000000000001													-2	78.08	-2	96.2													-2	94.88	-2	111.64																																																																
7	EuI	eui	2	30	0	8					-2	140.95999999999998	-2	190.44	2	52.0	2	62.7	2	106.02000000000001	2	193.1																																													-2	76.08	-2	94.2													-2	92.88	-2	109.64																																																													-2	86.46000000000001	-2	95.52000000000001
8	eOO	Eoo	2	32	0	8	2	67.3	2	97.36	2	142.95999999999998	2	192.44			-2	60.7	-2	104.02000000000001	-2	191.1																																																																																																																																
9	II	ii	2	34	0	8							-2	190.44	2	54.0	2	62.7	2	106.02000000000001	2	193.1																																																																																																																																
11	iAA	iaa			2	10			2	99.36	2	144.95999999999998	2	192.44							-2	191.1																																																													-2	90.88	-2	107.64																																																																
12	oaa	Oaa	2	36	0	10	-2	65.3	-2	97.36	-2	142.95999999999998	-2	190.44					2	108.02000000000001	2	193.1													-2	52.58	-2	56.48													-2	61.94	-2	76.74000000000001													-2	74.08	-2	92.2													-2	88.88	-2	105.64																																																																
13	EEo	Eeo			2	12					-2	140.95999999999998	-2	188.44			2	64.7	2	110.02000000000001	2	195.1																																									-2	57.94	-2	63.92	-2	72.08	-2	90.2									-2	63.519999999999996	-2	68.9	-2	86.88	-2	103.64																									-2	50.4	-2	51.64	-2	52.76	-2	54.78									-2	56.4	-2	59.04	-2	64.22	-2	68.52									-2	67.18	-2	72.7	-2	84.46000000000001	-2	93.52000000000001
14	eie	Eie	2	38	0	12					2	142.95999999999998	2	190.44			-2	62.7	-2	108.02000000000001	-2	193.1																																																																																											-2	49.64	-2	50.76	-2	52.78											-2	57.04	-2	62.22	-2	66.52											-2	70.7	-2	82.46000000000001	-2	91.52000000000001
15	iAe	iae			2	14			2	99.36	2	144.95999999999998	2	192.44							-2	191.1																																																													-2	84.88	-2	101.64																																																									-2	65.18	-2	68.7	-2	80.46000000000001	-2	89.52000000000001
16	oEE	Oee	2	40	0	14	-2	63.3	-2	97.36	-2	142.95999999999998	-2	190.44			2	64.7	2	110.02000000000001	2	193.1																																																																																																																																
17	AeO	aeo	2	42	0	14	2	65.3	2	99.36	2	144.95999999999998	2	192.44					-2	108.02000000000001	-2	191.1																																									-2	55.94	-2	61.92	-2	70.08	-2	88.2									-2	61.519999999999996	-2	66.9	-2	82.88	-2	99.64																																																									-2	63.18000000000001	-2	66.7	-2	78.46000000000001	-2	87.52000000000001
18	EoI	eoi	2	44	0	14					-2	142.95999999999998	-2	190.44	2	56.0	2	66.7	2	110.02000000000001	2	193.1																																									-2	53.94	-2	59.92	-2	68.08	-2	86.2									-2	59.519999999999996	-2	64.9	-2	80.88	-2	97.64																																													-2	60.22	-2	64.52													-2	76.46000000000001	-2	85.52000000000001
19	yie	uie	2	46	0	14			2	101.36	2	144.95999999999998	2	192.44							-2	191.1																																																																																																																											-2	64.7	-2	74.46000000000001	-2	83.52000000000001
20	OyO	Ouo			2	16	2	67.3	2	103.36	2	146.95999999999998	2	194.44					-2	108.02000000000001	-2	189.1											-2	52.38	-2	50.58	-2	54.48											-2	58.5	-2	59.94	-2	74.74000000000001											-2	57.92	-2	66.08	-2	84.2											-2	62.900000000000006	-2	78.88	-2	95.64																																																																
21	EuE	eue	2	48	0	16					-2	144.95999999999998	-2	192.44			2	68.7	2	110.02000000000001	2	191.1																																													-2	64.08	-2	82.2													-2	76.88	-2	93.64																																																									-2	61.18000000000001	-2	62.7	-2	72.46000000000001	-2	81.52000000000001
22	uaE	yae	2	50	0	16			-2	101.36	-2	142.95999999999998	-2	190.44			2	70.7	2	112.02000000000001	2	193.1																													-2	57.94	-2	72.74000000000001													-2	62.08	-2	80.2													-2	74.88	-2	91.64																																																									-2	59.18000000000001	-2	60.7	-2	70.46000000000001	-2	79.52000000000001
23	OAi	Oai			2	18			2	103.36	2	144.95999999999998	2	192.44							-2	191.1													-2	48.58	-2	52.48													-2	55.94	-2	70.74000000000001													-2	60.08	-2	78.2													-2	72.88	-2	89.64																																																													-2	68.46000000000001	-2	77.52000000000001
24	EuE	eue	2	52	0	18					-2	142.95999999999998	-2	190.44			2	72.7	2	114.02000000000001	2	193.1																																													-2	58.08	-2	76.2													-2	70.88	-2	87.64																																																									-2	57.18000000000001	-2	58.7	-2	66.46000000000001	-2	75.52000000000001
25	AOi	Aoi			2	20	2	69.3	2	105.36	2	144.95999999999998	2	192.44					-2	112.02000000000001	-2	191.1																									-2	52.64	-2	56.5	-2	53.94	-2	68.74000000000001									-2	51.94	-2	55.92	-2	56.08	-2	74.2									-2	57.519999999999996	-2	60.900000000000006	-2	68.88	-2	85.64																																													-2	58.22	-2	62.519999999999996													-2	64.46000000000001	-2	73.52000000000001
26	aII	aii			2	22							-2	190.44	2	58.0	2	74.7	2	114.02000000000001	2	193.1																																																																																																																													-2	62.46000000000001	-2	71.52000000000001
27	uaE	yae	2	54	0	22			-2	103.36	-2	142.95999999999998	-2	188.44			2	76.7	2	116.02000000000001	2	195.1																													-2	51.94	-2	66.74000000000001													-2	54.08	-2	72.2													-2	66.88	-2	83.64																																																									-2	55.18000000000001	-2	56.7	-2	60.46000000000001	-2	69.52000000000001
28	ey	Eu	2	56	0	22			2	105.36	2	144.95999999999998	2	190.44			-2	74.7	-2	114.02000000000001	-2	193.1																																																																																																																																
29	AAe	Aae			2	24			2	107.36	2	146.95999999999998	2	192.44							-2	191.1																													-2	49.94	-2	64.74000000000001													-2	52.08	-2	70.2													-2	64.88	-2	81.64																																																									-2	53.18000000000001	-2	54.7	-2	58.46000000000001	-2	67.52000000000001
30	iAA	iaa			2	26			2	109.36	2	148.95999999999998	2	194.44							-2	189.1																																																													-2	62.879999999999995	-2	79.64																																																																
33	EI	Ei			2	28							-2	192.44	2	60.0	2	76.7	2	116.02000000000001	2	191.1																																																																																													-2	48.76	-2	50.78													-2	56.22	-2	60.519999999999996													-2	56.46000000000001	-2	65.52000000000001
36	aao	Aao	2	58	0	28			-2	107.36	-2	146.95999999999998	-2	190.44							2	193.1																											-2	54.5	-2	47.94	-2	62.74000000000001											-2	53.92	-2	50.08	-2	68.2											-2	58.900000000000006	-2	60.879999999999995	-2	77.64																																																																
37	yey	yeu			2	30			2	109.36	2	148.95999999999998	2	192.44							-2	191.1																															-2	60.74000000000001													-2	48.08	-2	66.2													-2	58.879999999999995	-2	75.64																																																																
38	yOA	yoa			2	32	2	71.3	2	111.36	2	150.95999999999998	2	194.44					-2	114.02000000000001	-2	189.1																									-2	50.64	-2	52.5	-2	45.94	-2	58.74000000000001									-2	49.94	-2	51.92	-2	46.08	-2	64.2									-2	55.519999999999996	-2	56.900000000000006	-2	56.879999999999995	-2	73.64																																																																
39	oEE	oee			2	34					-2	148.95999999999998	-2	192.44			2	78.7	2	116.02000000000001	2	191.1																																																																																																									-2	54.4	-2	55.04	-2	54.22	-2	58.519999999999996									-2	51.18000000000001	-2	52.7	-2	54.46000000000001	-2	63.52000000000001
40	IEa	iea	2	60	0	34					-2	146.95999999999998	-2	190.44	2	62.0	2	80.7	2	118.02000000000001	2	193.1																																													-2	44.08	-2	62.2													-2	54.879999999999995	-2	71.64																																																																
41	Aey	Aeu			2	36			2	113.36	2	148.95999999999998	2	192.44							-2	191.1																															-2	56.74000000000001													-2	42.08	-2	60.2													-2	52.879999999999995	-2	69.64																																																																
42	Iuu	iuu	2	62	0	36							-2	190.44	2	64.0	2	82.7	2	120.02000000000001	2	193.1																																																													-2	50.879999999999995	-2	67.64																																																																
43	IoE	ioe	2	64	0	36					-2	146.95999999999998	-2	188.44	2	66.0	2	84.7	2	122.02000000000001	2	195.1																																																									-2	53.519999999999996	-2	54.900000000000006	-2	48.879999999999995	-2	65.64																																									-2	52.4	-2	53.04	-2	52.22	-2	56.519999999999996									-2	49.18000000000001	-2	50.7	-2	52.46000000000001	-2	61.52000000000001
44	iO	io			2	38	2	73.3	2	115.36	2	148.95999999999998	2	190.44					-2	120.02000000000001	-2	193.1																																																									-2	51.519999999999996	-2	52.900000000000006	-2	46.879999999999995	-2	63.64																																																																
45	OAi	oai	2	66	0	38	2	75.3	2	117.36	2	150.95999999999998	2	192.44					-2	118.02000000000001	-2	191.1																																																																																																															-2	54.519999999999996													-2	50.46000000000001	-2	59.52000000000001
46	uaa	yaa	2	68	0	38			-2	115.36	-2	148.95999999999998	-2	190.44							2	193.1																													-2	43.94	-2	54.74000000000001													-2	40.08	-2	58.2													-2	44.879999999999995	-2	61.64																																																																
47	eey	eeu			2	40			2	117.36	2	150.95999999999998	2	192.44							-2	191.1																																													-2	38.08	-2	56.2													-2	42.879999999999995	-2	59.64																																																																
49	eAA	eaa			2	42			2	119.36	2	152.95999999999998	2	194.44							-2	189.1																																													-2	36.08	-2	54.2													-2	40.879999999999995	-2	57.64																																																																
50	uII	yii	2	70	0	42			-2	117.36	-2	150.95999999999998	-2	192.44	2	68.0	2	86.7	2	120.02000000000001	2	191.1																																																																																																																																
51	uIE	uie			2	44					-2	148.95999999999998	-2	190.44	2	70.0	2	88.7	2	122.02000000000001	2	193.1																																																																																																																											-2	48.7	-2	48.46000000000001	-2	57.52000000000001
52	yie	uie	2	72	0	44			2	119.36	2	150.95999999999998	2	192.44							-2	191.1																																																																																																																											-2	46.7	-2	46.46000000000001	-2	55.52000000000001
54	Eu	eu	2	74	0	44					-2	148.95999999999998	-2	190.44			2	90.7	2	124.02000000000001	2	193.1																																													-2	34.08	-2	52.2													-2	38.879999999999995	-2	55.64																																																																
55	OOi	ooi	2	76	0	44	2	77.3	2	121.36	2	150.95999999999998	2	192.44					-2	122.02000000000001	-2	191.1																																																																																																													-2	50.22	-2	52.519999999999996													-2	44.46000000000001	-2	53.52000000000001
56	oEI	Oei	2	78	0	44	-2	75.3	-2	119.36	-2	148.95999999999998	-2	190.44	2	72.0	2	92.7	2	124.02000000000001	2	193.1																																																																																																																																
57	Oyy	ouu	2	80	0	44	2	77.3	2	121.36	2	150.95999999999998	2	192.44					-2	122.02000000000001	-2	191.1																																																																																																																																
58	AeO	Aeo			2	46	2	79.3	2	123.36	2	152.95999999999998	2	194.44					-2	120.02000000000001	-2	189.1																											-2	50.5			-2	52.74000000000001									-2	47.94	-2	49.92	-2	32.08	-2	50.2									-2	49.519999999999996	-2	50.900000000000006	-2	36.879999999999995	-2	53.64																																																																
59	ou	Ou	2	82	0	46	-2	77.3	-2	121.36	-2	150.95999999999998	-2	192.44					2	122.02000000000001	2	191.1													-2	46.58	-2	50.48													-2	41.94	-2	50.74000000000001													-2	30.08	-2	48.2													-2	34.879999999999995	-2	51.64																																																																
61	IEa	iea	2	84	0	46					-2	148.95999999999998	-2	190.44	2	74.0	2	94.7	2	124.02000000000001	2	193.1																																													-2	28.08	-2	46.2													-2	32.879999999999995	-2	49.64																																																																
62	Oy	Ou			2	48			2	123.36	2	150.95999999999998	2	192.44							-2	191.1													-2	44.58	-2	48.48													-2	39.94	-2	48.74000000000001													-2	26.08	-2	44.2													-2	30.879999999999995	-2	47.64																																																																
64	uI	yi	2	86	0	48			-2	121.36	-2	148.95999999999998	-2	190.44	2	76.0	2	96.7	2	126.02000000000001	2	193.1																																																																																																																																
65	iyA	iua			2	50			2	123.36	2	150.95999999999998	2	192.44							-2	191.1																																																													-2	28.879999999999995	-2	45.64																																																																
66	yAe	uae	2	88	0	50			2	125.36	2	152.95999999999998	2	194.44							-2	189.1																																																																																																																									-2	47.18000000000001	-2	44.7	-2	42.46000000000001	-2	51.52000000000001
67	oEE	oee			2	52					-2	150.95999999999998	-2	192.44			2	98.7	2	128.02	2	191.1																																																																																																									-2	50.4	-2	51.04	-2	48.22	-2	50.519999999999996									-2	45.18000000000001	-2	42.7	-2	40.46000000000001	-2	49.52000000000001
68	uaa	yaa	2	90	0	52			-2	123.36	-2	148.95999999999998	-2	190.44							2	193.1																													-2	37.94	-2	46.74000000000001													-2	24.08	-2	42.2													-2	26.879999999999995	-2	43.64																																																																
70	eyA	eua			2	54			2	125.36	2	150.95999999999998	2	192.44							-2	191.1																																													-2	22.08	-2	40.2													-2	24.879999999999995	-2	41.64																																																																
71	oa	Oa	2	92	0	54	-2	75.3	-2	123.36	-2	148.95999999999998	-2	190.44					2	130.02	2	193.1													-2	42.58	-2	46.48													-2	35.94	-2	44.74000000000001													-2	20.08	-2	38.2													-2	22.879999999999995	-2	39.64																																																																
73	OyA	Oua			2	56			2	125.36	2	150.95999999999998	2	192.44							-2	191.1													-2	40.58	-2	44.48													-2	33.94	-2	42.74000000000001													-2	18.08	-2	36.2													-2	20.879999999999995	-2	37.64																																																																
74	auE	aue			2	58					-2	148.95999999999998	-2	190.44			2	100.7	2	132.02	2	193.1																																																																																																																									-2	43.18000000000001	-2	40.7	-2	38.46000000000001	-2	47.52000000000001
75	AAe	aae	2	94	0	58			2	127.36	2	150.95999999999998	2	192.44							-2	191.1																																																																																																																									-2	41.18000000000001	-2	38.7	-2	36.46000000000001	-2	45.52000000000001
76	Eo	eo	2	96	0	58					-2	148.95999999999998	-2	190.44			2	102.7	2	134.02	2	193.1																																									-2	45.94	-2	47.92	-2	16.08	-2	34.2									-2	47.519999999999996	-2	48.900000000000006	-2	18.879999999999995	-2	35.64																																																																
77	yiO	yio			2	60	2	77.3	2	129.36	2	150.95999999999998	2	192.44					-2	132.02	-2	191.1																											-2	48.5			-2	40.74000000000001											-2	45.92			-2	32.2									-2	45.519999999999996	-2	46.900000000000006	-2	16.879999999999995	-2	33.64																																																																
78	eey	eeu			2	62			2	131.36	2	152.95999999999998	2	194.44							-2	189.1																																													-2	14.079999999999998	-2	30.200000000000003													-2	14.879999999999995	-2	31.64																																																																
79	uIo	yio	2	98	0	62			-2	129.36	-2	150.95999999999998	-2	192.44	2	78.0	2	104.7	2	134.02	2	191.1																											-2	46.5			-2	38.74000000000001											-2	43.92			-2	28.200000000000003									-2	43.519999999999996	-2	44.900000000000006	-2	12.879999999999995	-2	29.64																																																																
80	Ioo	ioo	2	100	0	62							-2	190.44	2	80.0	2	106.7	2	136.02	2	193.1																																																									-2	41.519999999999996	-2	42.900000000000006	-2	10.879999999999995	-2	27.64																																																																
81	Ae	ae	2	102	0	62			2	131.36	2	152.95999999999998	2	192.44							-2	191.1																																																																																																																									-2	39.18000000000001	-2	36.7	-2	34.46000000000001	-2	43.52000000000001
82	oIo	oio			2	64							-2	190.44	2	82.0	2	108.7	2	138.02	2	193.1																																																									-2	39.519999999999996	-2	40.900000000000006	-2	8.879999999999995	-2	25.64																																													-2	46.22	-2	48.519999999999996													-2	32.46000000000001	-2	41.52000000000001
83	Aiy	Aiu			2	66			2	133.36	2	154.95999999999998	2	192.44							-2	191.1																															-2	36.74000000000001															-2	26.200000000000003													-2	6.8799999999999955	-2	23.64																																																																
84	yy	yu			2	68			2	135.36	2	156.95999999999998	2	194.44							-2	189.1																													-2	31.939999999999998	-2	34.74000000000001													-2	12.079999999999998	-2	24.200000000000003													-2	4.8799999999999955	-2	21.64																																																																
85	Iua	iua	2	104	0	68							-2	192.44	2	84.0	2	110.7	2	140.02	2	191.1																																																													-2	2.8799999999999955	-2	19.64																																																																
86	Euo	euo	2	106	0	68					-2	154.95999999999998	-2	190.44			2	112.7	2	142.02	2	193.1																																											-2	41.92	-2	10.079999999999998	-2	22.200000000000003											-2	38.900000000000006	-2	0.8799999999999955	-2	17.64																																																																
88	yAe	yae			2	70			2	137.36	2	156.95999999999998	2	192.44							-2	191.1																													-2	29.939999999999998	-2	32.74000000000001													-2	8.079999999999998	-2	20.200000000000003													-2	-1.1200000000000045	-2	15.64																																																									-2	37.18000000000001	-2	34.7	-2	30.460000000000008	-2	39.52000000000001
89	EIo	eio	2	108	0	70					-2	154.95999999999998	-2	190.44	2	86.0	2	114.7	2	144.02	2	193.1																																											-2	39.92			-2	18.200000000000003									-2	37.519999999999996	-2	36.900000000000006	-2	-3.1200000000000045	-2	13.64																																																																
90	eiO	Eio	2	110	0	70	2	79.3	2	139.36	2	156.95999999999998	2	192.44			-2	112.7	-2	142.02	-2	191.1																																																									-2	35.519999999999996	-2	34.900000000000006	-2	-5.1200000000000045	-2	11.64																													-2	46.76	-2	48.78													-2	44.22	-2	46.519999999999996													-2	28.460000000000008	-2	37.52000000000001
93	AO	ao	2	112	0	70	2	81.3	2	141.36	2	158.95999999999998	2	194.44					-2	140.02	-2	189.1																																																																																																																																
94	uoa	yoa	2	114	0	70			-2	139.36	-2	156.95999999999998	-2	192.44							2	191.1																									-2	48.64	-2	44.5	-2	27.939999999999998	-2	30.74000000000001									-2	43.94	-2	37.92	-2	6.079999999999998	-2	16.200000000000003									-2	33.519999999999996	-2	32.900000000000006	-2	-7.1200000000000045	-2	9.64																																																																
95	oEI	oei			2	72					-2	154.95999999999998	-2	190.44	2	88.0	2	114.7	2	142.02	2	193.1																																																																																																									-2	48.4	-2	49.04	-2	42.22	-2	44.519999999999996									-2	35.18000000000001	-2	32.7	-2	26.460000000000008	-2	35.52000000000001
96	IEa	iea	2	116	0	72					-2	152.95999999999998	-2	188.44	2	90.0	2	116.7	2	144.02	2	195.1																																													-2	4.079999999999998	-2	14.200000000000003													-2	-9.120000000000005	-2	7.640000000000001																																																																
97	Oie	oie	2	118	0	72	2	83.3	2	141.36	2	154.95999999999998	2	190.44					-2	142.02	-2	193.1																																																																																																											-2	47.04	-2	40.22	-2	42.519999999999996											-2	30.700000000000003	-2	24.460000000000008	-2	33.52000000000001
99	eOy	Eou	2	120	0	72	2	85.3	2	143.36	2	156.95999999999998	2	192.44			-2	114.7	-2	140.02	-2	191.1																																																																																																																																
101	yii	uii	2	122	0	72			2	145.36	2	158.95999999999998	2	194.44							-2	189.1																																																																																																																													-2	22.460000000000008	-2	31.52000000000001
102	uaE	yae	2	124	0	72			-2	143.36	-2	156.95999999999998	-2	192.44			2	116.7	2	142.02	2	191.1																													-2	25.939999999999998	-2	28.74000000000001													-2	2.0799999999999983	-2	12.200000000000003													-2	-11.120000000000005	-2	5.640000000000001																																																									-2	33.18000000000001	-2	28.700000000000003	-2	20.460000000000008	-2	29.52000000000001
104	IIu	iiu	2	126	0	72							-2	190.44	2	92.0	2	118.7	2	144.02	2	193.1																																																													-2	-13.120000000000005	-2	3.6400000000000006																																																																
105	OAi	Oai			2	74			2	145.36	2	158.95999999999998	2	192.44							-2	191.1													-2	38.58	-2	42.48													-2	23.939999999999998	-2	26.74000000000001													-2	0.0799999999999983	-2	10.200000000000003													-2	-15.120000000000005	-2	1.6400000000000006																																																													-2	18.460000000000008	-2	27.52000000000001
106	OOA	Ooa			2	76	2	87.3	2	147.36	2	160.95999999999998	2	194.44					-2	142.02	-2	189.1									-2	50.12	-2	50.38	-2	36.58	-2	40.48									-2	46.64	-2	42.5	-2	21.939999999999998	-2	24.74000000000001									-2	41.94	-2	35.92	-2	-1.9200000000000017	-2	8.200000000000003									-2	31.519999999999996	-2	30.900000000000006	-2	-17.120000000000005	-2	-0.35999999999999943																																																																
107	aoE	aoe			2	78					-2	158.95999999999998	-2	192.44			2	120.7	2	144.02	2	191.1																																																																																																									-2	46.4	-2	45.04	-2	38.22	-2	40.519999999999996									-2	31.180000000000007	-2	26.700000000000003	-2	16.460000000000008	-2	25.52000000000001
109	uoI	yoi	2	128	0	78			-2	145.36	-2	156.95999999999998	-2	190.44	2	94.0	2	122.7	2	146.02	2	193.1																									-2	44.64	-2	40.5	-2	19.939999999999998	-2	22.74000000000001									-2	39.94	-2	33.92	-2	-3.9200000000000017	-2	6.200000000000003									-2	29.519999999999996	-2	28.900000000000006	-2	-19.120000000000005	-2	-2.3599999999999994																																													-2	36.22	-2	38.519999999999996													-2	14.460000000000008	-2	23.52000000000001
110	eAO	eao			2	80	2	89.3	2	147.36	2	158.95999999999998	2	192.44					-2	144.02	-2	191.1																																											-2	31.92	-2	-5.920000000000002	-2	4.200000000000003											-2	26.900000000000006	-2	-21.120000000000005	-2	-4.359999999999999																																																																
111	EE	ee	2	130	0	80					-2	156.95999999999998	-2	190.44			2	124.7	2	146.02	2	193.1																																																																																																																																
112	aaI	aai			2	82							-2	188.44	2	96.0	2	126.7	2	148.02	2	195.1																																																																																																																													-2	12.460000000000008	-2	21.52000000000001
113	eye	eue			2	84			2	149.36	2	158.95999999999998	2	190.44							-2	193.1																																													-2	-7.920000000000002	-2	2.200000000000003													-2	-23.120000000000005	-2	-6.359999999999999																																																									-2	29.180000000000007	-2	24.700000000000003	-2	10.460000000000008	-2	19.52000000000001
114	yyO	uuo	2	132	0	84	2	91.3	2	151.36	2	160.95999999999998	2	192.44					-2	146.02	-2	191.1																																																																																																																																
115	aEo	Aeo	2	134	0	84			-2	149.36	-2	158.95999999999998	-2	190.44			2	128.7	2	148.02	2	193.1																											-2	38.5			-2	20.74000000000001									-2	37.94	-2	29.92	-2	-9.920000000000002	-2	0.20000000000000284									-2	27.519999999999996	-2	24.900000000000006	-2	-25.120000000000005	-2	-8.36																																																																
116	Oyi	Oui			2	86			2	151.36	2	160.95999999999998	2	192.44							-2	191.1													-2	34.58	-2	38.48													-2	17.939999999999998	-2	18.74000000000001													-2	-11.920000000000002	-2	-1.7999999999999972													-2	-27.120000000000005	-2	-10.36																																																													-2	8.460000000000008	-2	17.52000000000001
118	yA	ua	2	136	0	86			2	153.36	2	162.95999999999998	2	194.44							-2	189.1																																																																																																																																
119	Eua	eua	2	138	0	86					-2	160.95999999999998	-2	192.44			2	130.7	2	150.02	2	191.1																																													-2	-13.920000000000002	-2	-3.799999999999997													-2	-29.120000000000005	-2	-12.36																																																																
120	Oii	oii	2	140	0	86	2	93.3	2	155.36	2	162.95999999999998	2	194.44					-2	148.02	-2	189.1																																																																																																													-2	34.22	-2	36.519999999999996													-2	6.460000000000008	-2	15.52000000000001
121	Iuo	iuo	2	142	0	86							-2	192.44	2	98.0	2	132.7	2	150.02	2	191.1																																																											-2	22.900000000000006	-2	-31.120000000000005	-2	-14.36																																																																
122	EaE	eae	2	144	0	86					-2	160.95999999999998	-2	190.44			2	134.7	2	152.02	2	193.1																																													-2	-15.920000000000002	-2	-5.799999999999997													-2	-33.120000000000005	-2	-16.36																																																									-2	27.180000000000007	-2	22.700000000000003	-2	4.460000000000008	-2	13.52000000000001
123	AiO	Aio			2	88	2	95.3	2	157.36	2	162.95999999999998	2	192.44					-2	150.02	-2	191.1																											-2	36.5			-2	16.74000000000001											-2	27.92			-2	-7.799999999999997									-2	25.519999999999996	-2	20.900000000000006	-2	-35.120000000000005	-2	-18.36																																																																
124	uIu	yiu	2	146	0	88			-2	155.36	-2	160.95999999999998	-2	190.44	2	100.0	2	136.7	2	152.02	2	193.1																															-2	14.740000000000009															-2	-9.799999999999997													-2	-37.120000000000005	-2	-20.36																																																																
125	yOy	you			2	90	2	97.3	2	157.36	2	162.95999999999998	2	192.44					-2	150.02	-2	191.1																									-2	42.64	-2	34.5	-2	15.939999999999998	-2	12.740000000000009									-2	35.94	-2	25.92	-2	-17.92	-2	-11.799999999999997									-2	23.519999999999996	-2	18.900000000000006	-2	-39.120000000000005	-2	-22.36																																																																
127	oI	Oi	2	148	0	90	-2	95.3	-2	155.36	-2	160.95999999999998	-2	190.44	2	102.0	2	138.7	2	152.02	2	193.1																																																																																																																																
128	eiO	eio			2	92	2	97.3	2	157.36	2	162.95999999999998	2	192.44					-2	150.02	-2	191.1																																											-2	23.92			-2	-13.799999999999997									-2	21.519999999999996	-2	16.900000000000006	-2	-41.120000000000005	-2	-24.36																																																																
129	uIo	uio			2	94							-2	190.44	2	104.0	2	140.7	2	152.02	2	193.1																																																									-2	19.519999999999996	-2	14.900000000000006	-2	-43.120000000000005	-2	-26.36																																																													-2	2.460000000000008	-2	11.52000000000001
131	eA	ea			2	96			2	159.36	2	164.95999999999998	2	192.44							-2	191.1																																													-2	-19.92	-2	-15.799999999999997													-2	-45.120000000000005	-2	-28.36																																																																
132	IEE	iee	2	150	0	96					-2	162.95999999999998	-2	190.44	2	106.0	2	142.7	2	154.02	2	193.1																																																																																																																																
133	eiO	eio			2	98	2	99.3	2	161.36	2	164.95999999999998	2	192.44					-2	152.02	-2	191.1																																											-2	21.92			-2	-17.799999999999997									-2	17.519999999999996	-2	12.900000000000006	-2	-47.120000000000005	-2	-30.36																																																																
134	aII	Aii	2	152	0	98			-2	159.36	-2	162.95999999999998	-2	190.44	2	108.0	2	144.7	2	154.02	2	193.1																																																																																																																																
135	AAe	Aae			2	100			2	161.36	2	164.95999999999998	2	192.44							-2	191.1																													-2	13.939999999999998	-2	10.740000000000009													-2	-21.92	-2	-19.799999999999997													-2	-49.120000000000005	-2	-32.36																																																									-2	25.180000000000007	-2	20.700000000000003	-2	0.46000000000000796	-2	9.52000000000001
136	oEE	oee			2	102					-2	162.95999999999998	-2	190.44			2	146.7	2	156.02	2	193.1																																																																																																									-2	44.4	-2	43.04	-2	32.22	-2	34.519999999999996									-2	23.180000000000007	-2	18.700000000000003	-2	-1.539999999999992	-2	7.52000000000001
137	eii	Eii	2	154	0	102					2	164.95999999999998	2	192.44			-2	144.7	-2	154.02	-2	191.1																																																																																													-2	44.76	-2	46.78													-2	30.22	-2	32.519999999999996													-2	-3.539999999999992	-2	5.52000000000001
138	EuI	eui	2	156	0	102					-2	162.95999999999998	-2	190.44	2	110.0	2	146.7	2	156.02	2	193.1																																													-2	-23.92	-2	-21.799999999999997													-2	-51.120000000000005	-2	-34.36																																																													-2	-5.539999999999992	-2	3.5200000000000102
139	AOy	Aou			2	104	2	101.3	2	163.36	2	164.95999999999998	2	192.44					-2	154.02	-2	191.1																									-2	40.64	-2	32.5	-2	11.939999999999998	-2	8.740000000000009									-2	33.94	-2	19.92	-2	-25.92	-2	-23.799999999999997									-2	15.519999999999996	-2	10.900000000000006	-2	-53.120000000000005	-2	-36.36																																																																
140	oEI	Oei	2	158	0	104	-2	99.3	-2	161.36	-2	162.95999999999998	-2	190.44	2	112.0	2	148.7	2	156.02	2	193.1																																																																																																																																
141	iiy	iiu			2	106			2	163.36	2	164.95999999999998	2	192.44							-2	191.1																																																													-2	-55.120000000000005	-2	-38.36																																																																
145	IoE	ioe	2	160	0	106					-2	162.95999999999998	-2	190.44	2	114.0	2	150.7	2	158.02	2	193.1																																																									-2	13.519999999999996	-2	8.900000000000006	-2	-57.120000000000005	-2	-40.36																																									-2	42.4	-2	41.04	-2	28.22	-2	30.519999999999996									-2	21.180000000000007	-2	16.700000000000003	-2	-7.539999999999992	-2	1.5200000000000102
146	EoE	Eoe			2	108					-2	160.95999999999998	-2	188.44			2	152.7	2	160.02	2	195.1																																																																																											-2	47.64			-2	44.78									-2	40.4	-2	39.04	-2	26.22	-2	28.519999999999996									-2	19.180000000000007	-2	14.700000000000003	-2	-9.539999999999992	-2	-0.47999999999998977
147	Oiy	oiu	2	162	0	108	2	101.3	2	165.36	2	162.95999999999998	2	190.44					-2	158.02	-2	193.1																																																													-2	-59.120000000000005	-2	-42.36																																													-2	24.22	-2	26.519999999999996													-2	-11.539999999999992	-2	-2.4799999999999898
148	yiy	uiu	2	164	0	108			2	167.36	2	164.95999999999998	2	192.44							-2	191.1																																																													-2	-61.120000000000005	-2	-44.36																																																													-2	-13.539999999999992	-2	-4.47999999999999
149	Ayi	aui	2	166	0	108			2	169.36	2	166.95999999999998	2	194.44							-2	189.1																																																																																																																													-2	-15.539999999999992	-2	-6.47999999999999
150	uaE	yae	2	168	0	108			-2	167.36	-2	164.95999999999998	-2	192.44			2	154.7	2	160.02	2	191.1																													-2	9.939999999999998	-2	6.740000000000009													-2	-27.92	-2	-25.799999999999997													-2	-63.120000000000005	-2	-46.36																																																									-2	17.180000000000007	-2	12.700000000000003	-2	-17.539999999999992	-2	-8.47999999999999
151	Oey	oeu	2	170	0	108	2	103.3	2	169.36	2	166.95999999999998	2	194.44					-2	158.02	-2	189.1																																													-2	-29.92	-2	-27.799999999999997													-2	-65.12	-2	-48.36																																									-2	38.4	-2	37.04	-2	22.22	-2	24.519999999999996									-2	15.180000000000007	-2	10.700000000000003	-2	-19.539999999999992	-2	-10.47999999999999
152	IuI	iui	2	172	0	108							-2	192.44	2	116.0	2	156.7	2	160.02	2	191.1																																																													-2	-67.12	-2	-50.36																																																													-2	-21.539999999999992	-2	-12.47999999999999
153	ouu	Ouu	2	174	0	108	-2	101.3	-2	167.36	-2	164.95999999999998	-2	190.44					2	162.02	2	193.1													-2	32.58	-2	36.48													-2	7.939999999999998	-2	4.740000000000009													-2	-31.92	-2	-29.799999999999997													-2	-69.12	-2	-52.36																																																																
154	yyi	uui	2	176	0	108			2	169.36	2	166.95999999999998	2	192.44							-2	191.1																																																																																																																													-2	-23.539999999999992	-2	-14.47999999999999
155	aa	Aa	2	178	0	108			-2	167.36	-2	164.95999999999998	-2	190.44							2	193.1																													-2	5.939999999999998	-2	2.740000000000009													-2	-33.92	-2	-31.799999999999997													-2	-71.12	-2	-54.36																																																																
156	iyy	iuu			2	110			2	169.36	2	166.95999999999998	2	192.44							-2	191.1																																																													-2	-73.12	-2	-56.36																																																																
159	aIa	aia			2	112							-2	190.44	2	118.0	2	158.7	2	164.02	2	193.1																																																													-2	-75.12	-2	-58.36																																																													-2	-25.539999999999992	-2	-16.47999999999999
160	AOO	aoo	2	180	0	112	2	103.3	2	171.36	2	168.95999999999998	2	192.44					-2	162.02	-2	191.1																																																																																																																																
161	Ayy	auu	2	182	0	112			2	173.36	2	170.95999999999998	2	194.44							-2	189.1																																																																																																																																
162	uao	yao	2	184	0	112			-2	171.36	-2	168.95999999999998	-2	192.44							2	191.1																											-2	30.5	-2	3.9399999999999977	-2	0.7400000000000091											-2	17.92	-2	-35.92	-2	-33.8											-2	6.900000000000006	-2	-77.12	-2	-60.36																																																																
163	uI	ui			2	114							-2	190.44	2	120.0	2	160.7	2	164.02	2	193.1																																																																																																																													-2	-27.539999999999992	-2	-18.47999999999999
165	eAi	Eai	2	186	0	114			2	173.36	2	170.95999999999998	2	192.44			-2	158.7	-2	162.02	-2	191.1																																																																																															-2	42.78															-2	22.519999999999996													-2	-29.539999999999992	-2	-20.47999999999999
167	IuE	iue	2	188	0	114					-2	168.95999999999998	-2	190.44	2	122.0	2	160.7	2	164.02	2	193.1																																																													-2	-79.12	-2	-62.36																																																									-2	13.180000000000007	-2	8.700000000000003	-2	-31.539999999999992	-2	-22.47999999999999
168	eyi	eui			2	116			2	175.36	2	170.95999999999998	2	192.44							-2	191.1																																													-2	-37.92	-2	-35.8													-2	-81.12	-2	-64.36																																																													-2	-33.53999999999999	-2	-24.47999999999999
169	aI	ai			2	118							-2	190.44	2	124.0	2	162.7	2	166.02	2	193.1																																																																																																																													-2	-35.53999999999999	-2	-26.47999999999999
170	auE	Aue	2	190	0	118			-2	173.36	-2	168.95999999999998	-2	188.44			2	164.7	2	168.02	2	195.1																													-2	1.9399999999999977	-2	-1.259999999999991													-2	-39.92	-2	-37.8													-2	-83.12	-2	-66.36																																																									-2	11.180000000000007	-2	6.700000000000003	-2	-37.53999999999999	-2	-28.47999999999999
171	OiO	oio	2	192	0	118	2	105.3	2	175.36	2	170.95999999999998	2	190.44					-2	166.02	-2	193.1																																																									-2	11.519999999999996	-2	4.900000000000006	-2	-85.12	-2	-68.36																																													-2	20.22	-2	20.519999999999996													-2	-39.53999999999999	-2	-30.47999999999999
172	yAO	yao			2	120	2	107.3	2	177.36	2	172.95999999999998	2	192.44					-2	164.02	-2	191.1																											-2	28.5	-2	-0.060000000000002274	-2	-3.259999999999991											-2	15.920000000000002	-2	-41.92	-2	-39.8											-2	2.9000000000000057	-2	-87.12	-2	-70.36																																																																
174	AeO	Aeo			2	122	2	109.3	2	179.36	2	174.95999999999998	2	194.44					-2	162.02	-2	189.1																											-2	26.5			-2	-5.259999999999991									-2	31.939999999999998	-2	13.920000000000002	-2	-43.92	-2	-41.8									-2	9.519999999999996	-2	0.9000000000000057	-2	-89.12	-2	-72.36																																																																
175	Eao	eao	2	194	0	122					-2	172.95999999999998	-2	192.44			2	166.7	2	164.02	2	191.1																																											-2	11.920000000000002	-2	-45.92	-2	-43.8											-2	-1.0999999999999943	-2	-91.12	-2	-74.36																																																																
177	yOe	yoe			2	124	2	111.3	2	181.36	2	174.95999999999998	2	194.44					-2	162.02	-2	189.1																									-2	38.64	-2	24.5	-2	-2.0600000000000023	-2	-7.259999999999991									-2	29.939999999999998	-2	9.920000000000002	-2	-47.92	-2	-45.8									-2	7.519999999999996	-2	-3.0999999999999943	-2	-93.12	-2	-76.36																																									-2	36.4	-2	35.04	-2	18.22	-2	18.519999999999996									-2	9.180000000000007	-2	4.700000000000003	-2	-41.53999999999999	-2	-32.47999999999999
178	Iou	iou	2	196	0	124							-2	192.44	2	126.0	2	168.7	2	164.02	2	191.1																																																									-2	5.519999999999996	-2	-5.099999999999994	-2	-95.12	-2	-78.36																																																																
180	oEI	oei			2	126					-2	172.95999999999998	-2	190.44	2	128.0	2	170.7	2	166.02	2	193.1																																																																																																									-2	34.4	-2	33.04	-2	16.22	-2	16.519999999999996									-2	7.180000000000007	-2	2.700000000000003	-2	-43.53999999999999	-2	-34.47999999999999
181	iAy	iau			2	128			2	183.36	2	174.95999999999998	2	192.44							-2	191.1																																																													-2	-97.12	-2	-80.36																																																																
186	uO	uo			2	130	2	113.3	2	185.36	2	176.95999999999998	2	194.44					-2	164.02	-2	189.1																																																																																																																	2	52.0	2	52.0	2	52.0	2	52.0	2	9.180000000000007	2	4.700000000000003	2	-41.53999999999999	2	-32.47999999999999
187	oIE	Oie	2	198	0	130	-2	111.3	-2	183.36	-2	174.95999999999998	-2	192.44	2	130.0	2	172.7	2	166.02	2	191.1																																																																																																																																
188	oIE	oie			2	132					-2	172.95999999999998	-2	190.44	2	132.0	2	174.7	2	168.02	2	193.1																																																																																																											-2	31.04	-2	14.219999999999999	-2	14.519999999999996											-2	2.700000000000003	-2	-43.53999999999999	-2	-34.47999999999999
189	eA	ea			2	134			2	185.36	2	174.95999999999998	2	192.44							-2	191.1																																													-2	-49.92	-2	-47.8													-2	-99.12	-2	-82.36																																																																
192	Aye	Aue			2	136			2	187.36	2	176.95999999999998	2	194.44							-2	189.1																													-2	-4.060000000000002	-2	-9.259999999999991													-2	-51.92	-2	-49.8													-2	-101.12	-2	-84.36																																																									-2	7.180000000000007	-2	0.7000000000000028	-2	-45.53999999999999	-2	-36.47999999999999
193	AEI	Aei			2	138					-2	174.95999999999998	-2	192.44	2	134.0	2	176.7	2	170.02	2	191.1																			2	52.0	2	52.0	2	52.0	2	40.64	2	26.5	2	-2.0600000000000023	2	-7.259999999999991			2	52.0	2	52.0	2	52.0	2	31.939999999999998	2	11.920000000000002	2	-49.92	2	-47.8			2	52.0	2	52.0	2	52.0	2	7.519999999999996	2	-3.0999999999999943	2	-99.12	2	-82.36																																																																
196	uAA	uaa			2	140			2	189.36	2	176.95999999999998	2	194.44							-2	189.1																																																																																																																					2	54.0	2	54.0	2	9.180000000000007	2	2.700000000000003	2	-43.53999999999999	2	-34.47999999999999
199	OII	Oii			2	142							-2	192.44	2	136.0	2	178.7	2	172.02	2	191.1	2	52.0	2	52.0	2	52.0	2	52.0	2	52.12	2	52.38	2	34.58	2	38.48	2	52.0	2	54.0	2	54.0	2	54.0	2	42.64	2	28.5	2	-0.060000000000002274	2	-5.259999999999991	2	52.0	2	54.0	2	54.0	2	54.0	2	33.94	2	13.920000000000002	2	-47.92	2	-45.8	2	52.0	2	54.0	2	54.0	2	54.0	2	9.519999999999996	2	-1.0999999999999943	2	-97.12	2	-80.36																																																																
200	auE	Aue	2	200	0	142			-2	187.36	-2	174.95999999999998	-2	190.44			2	180.7	2	174.02	2	193.1																													-2	-2.0600000000000023	-2	-7.259999999999991													-2	-49.92	-2	-47.8													-2	-99.12	-2	-82.36																																																									-2	7.180000000000007	-2	0.7000000000000028	-2	-45.53999999999999	-2	-36.47999999999999
201	ueA	uea			2	144			2	189.36	2	176.95999999999998	2	192.44							-2	191.1																																													-2	-51.92	-2	-49.8													-2	-101.12	-2	-84.36																																																							2	56.0								
204	iIE	iie			2	146					-2	174.95999999999998	-2	190.44	2	138.0	2	182.7	2	176.02	2	193.1																																																	2	54.0	2	56.0	2	56.0	2	56.0	2	11.519999999999996	2	0.9000000000000057	2	-99.12	2	-82.36																																																																
206	eAe	eae			2	148			2	191.36	2	176.95999999999998	2	192.44							-2	191.1																																													-2	-53.92	-2	-51.8													-2	-101.12	-2	-84.36																																																									-2	5.180000000000007	-2	-1.2999999999999972	-2	-47.53999999999999	-2	-38.47999999999999
208	uaI	uai			2	150							-2	190.44	2	140.0	2	184.7	2	178.02	2	193.1																																																																																																																													-2	-49.53999999999999	-2	-40.47999999999999
211	uEa	uea			2	152					-2	174.95999999999998	-2	188.44			2	186.7	2	180.02	2	195.1																																													-2	-55.92	-2	-53.8													-2	-103.12	-2	-86.36																																																									-2	3.180000000000007	-2	-3.299999999999997	-2	-51.53999999999999	-2	-42.47999999999999
212	oiO	oio			2	154	2	113.3	2	193.36	2	176.95999999999998	2	190.44					-2	178.02	-2	193.1																																																									-2	9.519999999999996	-2	-1.0999999999999943	-2	-105.12	-2	-88.36																																			2	52.0			2	52.0			2	33.04							2	54.0			2	58.0			2	-1.2999999999999972				
213	Eiy	Eiu			2	156			2	195.36	2	178.95999999999998	2	192.44							-2	191.1																																																													-2	-107.12	-2	-90.36																							2	52.0			2	49.64											2	54.0			2	35.04											2	60.0			2	0.7000000000000028				
215	aEu	Aeu	2	202	0	156			-2	193.36	-2	176.95999999999998	-2	190.44			2	188.7	2	180.02	2	193.1																															-2	-9.259999999999991													-2	-57.92	-2	-55.8													-2	-109.12	-2	-92.36																																																																
216	iye	iue			2	158			2	195.36	2	178.95999999999998	2	192.44							-2	191.1																																																													-2	-111.12	-2	-94.36																																																									-2	1.1800000000000068	-2	-1.2999999999999972	-2	-53.53999999999999	-2	-44.47999999999999
219	OEa	Oea			2	160					-2	176.95999999999998	-2	190.44			2	190.7	2	182.02	2	193.1					2	54.0	2	54.0	2	54.12	2	54.38	2	36.58	2	40.48					2	56.0	2	56.0	2	44.64	2	30.5	2	-0.060000000000002274	2	-7.259999999999991					2	56.0	2	56.0	2	35.94	2	15.920000000000002			2	-53.8					2	58.0	2	58.0	2	11.519999999999996	2	0.9000000000000057			2	-92.36																																																																
229	oyA	oua			2	162			2	197.36	2	178.95999999999998	2	192.44							-2	191.1																																																																																																					2	52.0	2	56.0	2	36.4	2	37.04	2	16.22	2	16.519999999999996					2	56.0	2	62.0	2	3.180000000000007	2	0.7000000000000028	2	-51.53999999999999	2	-42.47999999999999
231	OII	Oii			2	164							-2	190.44	2	142.0	2	192.7	2	184.02	2	193.1	2	54.0	2	54.0	2	56.0	2	56.0	2	56.12	2	56.38	2	38.58	2	42.48	2	54.0	2	56.0	2	58.0	2	58.0	2	46.64	2	32.5	2	1.9399999999999977	2	-5.259999999999991	2	54.0	2	56.0	2	58.0	2	58.0	2	37.94	2	17.92	2	-55.92	2	-51.8	2	56.0	2	58.0	2	60.0	2	60.0	2	13.519999999999996	2	2.9000000000000057	2	-109.12	2	-90.36																																																																
247	yAe	yae			2	166			2	199.36	2	180.95999999999998	2	192.44							-2	191.1																													-2	-0.060000000000002274	-2	-7.259999999999991													-2	-57.92	-2	-53.8													-2	-111.12	-2	-92.36																																																									-2	1.1800000000000068	-2	-1.2999999999999972	-2	-53.53999999999999	-2	-44.47999999999999
249	EoE	Eoe			2	168					-2	178.95999999999998	-2	190.44			2	194.7	2	186.02	2	193.1																																																																																											-2	47.64			-2	40.78									-2	34.4	-2	35.04	-2	14.219999999999999	-2	14.519999999999996									-2	-0.8199999999999932	-2	-3.299999999999997	-2	-55.53999999999999	-2	-46.47999999999999
251	uoo	yoo	2	204	0	168			-2	197.36	-2	176.95999999999998	-2	188.44							2	195.1																									-2	44.64	-2	30.5	-2	-2.0600000000000023	-2	-9.259999999999991									-2	35.94	-2	15.920000000000002	-2	-59.92	-2	-55.8									-2	11.519999999999996	-2	0.9000000000000057	-2	-113.12	-2	-94.36																																																																
273	eeA	eea			2	170			2	199.36	2	178.95999999999998	2	190.44							-2	193.1																																													-2	-61.92	-2	-57.8													-2	-115.12	-2	-96.36																																																																
285	OIu	Oiu			2	172							-2	188.44	2	144.0	2	196.7	2	188.02	2	195.1	2	56.0	2	56.0	2	58.0	2	58.0	2	58.12	2	58.38	2	40.58	2	44.48	2	56.0	2	58.0	2	60.0	2	60.0	2	46.64	2	32.5	2	-0.060000000000002274	2	-7.259999999999991	2	56.0	2	58.0	2	60.0	2	60.0	2	37.94	2	17.92	2	-59.92	2	-55.8	2	58.0	2	60.0	2	62.0	2	62.0	2	13.519999999999996	2	2.9000000000000057			2	-94.36																																																																
292	EeA	Eea			2	174			2	201.36	2	180.95999999999998	2	190.44							-2	193.1																																													-2	-61.92	-2	-57.8													-2	-117.12	-2	-96.36																							2	54.0															2	58.0															2	64.0								
294	oau	Oau	2	206	0	174	-2	111.3	-2	199.36	-2	178.95999999999998	-2	188.44					2	190.02	2	195.1													-2	38.58	-2	42.48													-2	-2.0600000000000023	-2	-9.259999999999991													-2	-63.92	-2	-59.8													-2	-119.12	-2	-98.36																																																																
312	uoi	yoi	2	208	0	174			-2	197.36	-2	176.95999999999998	-2	186.44							2	197.1																									-2	44.64	-2	30.5	-2	-4.060000000000002	-2	-11.259999999999991									-2	35.94	-2	15.920000000000002	-2	-65.92	-2	-61.8									-2	11.519999999999996	-2	0.9000000000000057	-2	-121.12	-2	-100.36																																																															2	-44.47999999999999
313	oOi	ooi			2	176	2	113.3	2	199.36	2	178.95999999999998	2	188.44					-2	188.02	-2	195.1																																																																																																	2	52.0	2	54.0	2	54.0	2	60.0	2	36.4	2	37.04			-2	12.519999999999996	2	54.0	2	56.0	2	58.0	2	66.0	2	1.1800000000000068	2	-1.2999999999999972			-2	-46.47999999999999
330	OO	Oo			2	178	2	115.3	2	201.36	2	180.95999999999998	2	190.44					-2	186.02	-2	193.1									-2	56.12	-2	56.38	-2	36.58	-2	40.48									-2	42.64	-2	28.5	-2	-6.060000000000002	-2	-13.259999999999991									-2	33.94	-2	13.920000000000002	-2	-67.92	-2	-63.8									-2	9.519999999999996	-2	-1.0999999999999943	-2	-123.12	-2	-102.36																																																																
452	uIE	uie			2	180					-2	178.95999999999998	-2	188.44	2	146.0	2	198.7	2	188.02	2	195.1																																																																																																																											-2	-3.299999999999997	-2	-57.53999999999999	-2	-48.47999999999999
455	eeA	eea			2	182			2	203.36	2	180.95999999999998	2	190.44							-2	193.1																																													-2	-69.92	-2	-65.8													-2	-125.12	-2	-104.36																																																																
474	aia	Aia	2	210	0	182			-2	201.36	-2	178.95999999999998	-2	188.44							2	195.1																															-2	-15.259999999999991															-2	-67.8																																																																													2	-55.53999999999999	2	-46.47999999999999
588	Oyi	Oui			2	184			2	203.36	2	180.95999999999998	2	190.44							-2	193.1													-2	34.58	-2	38.48													-2	-8.060000000000002	-2	-17.25999999999999													-2	-71.92	-2	-69.8													-2	-127.12	-2	-106.36																																																													-2	-57.53999999999999	-2	-48.47999999999999
740	oea	Oea	2	212	0	184	-2	113.3	-2	201.36	-2	178.95999999999998	-2	188.44					2	190.02	2	195.1															-2	36.48															-2	-19.25999999999999																																																																									2	38.4	2	39.04	2	16.22	2	14.519999999999996									2	3.180000000000007	2	-1.2999999999999972	2	-55.53999999999999	2	-46.47999999999999
744	iyy	iuu			2	186			2	203.36	2	180.95999999999998	2	190.44							-2	193.1																																																													-2	-129.12	-2	-108.36																																																																
2160	aae	Aae	2	214	0	186			-2	201.36	-2	178.95999999999998	-2	188.44							2	195.1																													-2	-10.060000000000002	-2	-21.25999999999999													-2	-73.92	-2	-71.8													-2	-131.12	-2	-110.36																																																											2	0.7000000000000028			2	-44.47999999999999
2216	iO	io			2	188	2	115.3	2	203.36	2	180.95999999999998	2	190.44					-2	188.02	-2	193.1																																																									-2	7.519999999999996	-2	-3.0999999999999943	-2	-133.12	-2	-112.36																																																																
2311	oEo	oeo			2	190					-2	178.95999999999998	-2	188.44			2	200.7	2	190.02	2	195.1																																									-2	31.939999999999998	-2	11.920000000000002	-2	-75.92	-2	-73.8									-2	5.519999999999996	-2	-5.099999999999994	-2	-135.12	-2	-114.36																																									-2	36.4	-2	37.04	-2	14.219999999999999	-2	12.519999999999996									-2	1.1800000000000068	-2	-1.2999999999999972	-2	-57.53999999999999	-2	-46.47999999999999
2664	uyy	uuu			2	192			2	205.36	2	180.95999999999998	2	190.44							-2	193.1																																																																																																																					2	60.0	2	68.0	2	3.180000000000007	2	0.7000000000000028	2	-55.53999999999999	2	-44.47999999999999
4859	ueo	yeo	2	216	0	192			-2	203.36	-2	178.95999999999998	-2	188.44							2	195.1																											-2	26.5			-2	-23.25999999999999																																																																																									2	5.180000000000007	2	2.700000000000003	2	-53.53999999999999	2	-42.47999999999999
5336	iyA	iua			0.2	192.2			0.2	203.56	0.2	179.15999999999997	0.2	188.64							-0.2	194.9																																																													-0.2	-135.32	-0.2	-114.56																																																																
8070	EiO	Eio			0.2	192.39999999999998	0.2	115.5	0.2	203.76	0.2	179.35999999999996	0.2	188.83999999999997					-0.2	189.82000000000002	-0.2	194.70000000000002																																																									-0.2	5.319999999999996	-0.2	-5.2999999999999945	-0.2	-135.51999999999998	-0.2	-114.76																			0.2	50.2			0.2	54.2			0.2	47.84							0.2	54.2			0.2	60.2			0.2	37.24							0.2	56.2			0.2	68.2			0.2	2.900000000000003				
13249	oeO	oeo			0.02	192.42	0.02	115.52	0.02	203.78	0.02	179.37999999999997	0.02	188.85999999999999					-0.02	189.8	-0.02	194.68																																									-0.02	31.919999999999998	-0.02	11.900000000000002	-0.02	-75.94	-0.02	-73.82									-0.02	5.299999999999996	-0.02	-5.319999999999994	-0.02	-135.54	-0.02	-114.78																																			0.02	54.220000000000006			0.02	60.220000000000006											0.02	56.220000000000006			0.02	68.22								
15047	AyO	Auo			0.002	192.422	0.002	115.52199999999999	0.002	203.782	0.002	179.38199999999998	0.002	188.862					-0.002	189.798	-0.002	194.678																											-0.002	26.498	-0.002	-10.062000000000003	-0.002	-23.26199999999999											-0.002	11.898000000000001	-0.002	-75.942	-0.002	-73.82199999999999											-0.002	-5.321999999999994	-0.002	-135.542	-0.002	-114.782																																																																
16261	aAO	aao			0.002	192.424	0.002	115.52399999999999	0.002	203.78400000000002	0.002	179.384	0.002	188.864					-0.002	189.796	-0.002	194.676																																																																																																																			0.002	56.22200000000001	0.002	60.002	0.002	68.222	0.002	5.182000000000007	0.002	2.902000000000003	0.002	-53.53799999999999	0.002	-42.47799999999999
16403	yO	yo			0.002	192.42600000000002	0.002	115.52599999999998	0.002	203.78600000000003	0.002	179.386	0.002	188.866					-0.002	189.79399999999998	-0.002	194.67399999999998																									-0.002	42.638	-0.002	26.496000000000002	-0.002	-10.064000000000004	-0.002	-23.26399999999999									-0.002	31.918	-0.002	11.896	-0.002	-75.94399999999999	-0.002	-73.82399999999998									-0.002	5.2979999999999965	-0.002	-5.323999999999994	-0.002	-135.544	-0.002	-114.78399999999999																																																																
18701	iOi	ioi			0.002	192.42800000000003	0.002	115.52799999999998	0.002	203.78800000000004	0.002	179.388	0.002	188.86800000000002					-0.002	189.79199999999997	-0.002	194.67199999999997																																																									-0.002	5.295999999999997	-0.002	-5.325999999999993	-0.002	-135.54600000000002	-0.002	-114.78599999999999																																													-0.002	14.217999999999998	-0.002	12.517999999999995													-0.002	-53.53999999999999	-0.002	-42.47999999999999
18851	uO	uo			0.002	192.43000000000004	0.002	115.52999999999997	0.002	203.79000000000005	0.002	179.39000000000001	0.002	188.87000000000003					-0.002	189.78999999999996	-0.002	194.66999999999996																																																																																																																	0.002	54.002	0.002	56.22400000000001	0.002	60.004000000000005	0.002	68.22399999999999	0.002	5.184000000000006	0.002	2.9040000000000026	0.002	-53.53799999999999	0.002	-42.47799999999999
TOTAL				216		192.43000000000004		115.52999999999997		203.79000000000005		179.39000000000001		188.87000000000003		146.0		200.7		189.78999999999996		194.66999999999996		56.0		56.0		58.0		58.0		56.12		56.38		34.58		36.48		56.0		58.0		60.0		60.0		42.638		26.496000000000002		-10.064000000000004		-23.26399999999999		56.0		58.0		60.0		60.0		31.918		11.896		-75.94399999999999		-73.82399999999998		58.0		60.0		62.0		62.0		5.295999999999997		-5.325999999999993		-135.54600000000002		-114.78599999999999		50.0		50.0		50.0		50.0		50.0		50.0		50.0		50.0		50.0		50.2		50.0		54.2		50.4		47.84		44.76		40.78		52.0		54.220000000000006		54.0		60.220000000000006		36.4		37.24		14.217999999999998		12.517999999999995		54.002		56.22400000000001		60.004000000000005		68.22399999999999		5.184000000000006		2.9040000000000026		-53.53799999999999		-42.47799999999999
