trialnum	Generated	Heard	Id(Bk)Syl1	now	Id(Bk)	now	*F1	now	*F3	now	*F4	now	*F5	now	*B1	now	*B2	now	*B3	now	*B5	now	*F1_B1	now	*F1..._B1	now	*F1_B2	now	*F1..._B2	now	*F1_B3	now	*F1..._B3	now	*F1_B5	now	*F1..._B5	now	*F3_B1	now	*F3..._B1	now	*F3_B2	now	*F3..._B2	now	*F3_B3	now	*F3..._B3	now	*F3_B5	now	*F3..._B5	now	*F4_B1	now	*F4..._B1	now	*F4_B2	now	*F4..._B2	now	*F4_B3	now	*F4..._B3	now	*F4_B5	now	*F4..._B5	now	*F5_B1	now	*F5..._B1	now	*F5_B2	now	*F5..._B2	now	*F5_B3	now	*F5..._B3	now	*F5_B5	now	*F5..._B5	now	*_B1F1	now	*_B1...F1	now	*_B1F3	now	*_B1...F3	now	*_B1F4	now	*_B1...F4	now	*_B1F5	now	*_B1...F5	now	*_B2F1	now	*_B2...F1	now	*_B2F3	now	*_B2...F3	now	*_B2F4	now	*_B2...F4	now	*_B2F5	now	*_B2...F5	now	*_B3F1	now	*_B3...F1	now	*_B3F3	now	*_B3...F3	now	*_B3F4	now	*_B3...F4	now	*_B3F5	now	*_B3...F5	now	*_B5F1	now	*_B5...F1	now	*_B5F3	now	*_B5...F3	now	*_B5F4	now	*_B5...F4	now	*_B5F5	now	*_B5...F5	now
				0		0		300		300		300		300		300		300		300		300		300		300		300		300		300		300		300		300		300		300		300		300		300		300		300		300		300		300		300		300		300		300		300		300		300		300		300		300		300		300		300		300		300		300		300		300		300		300		300		300		300		300		300		300		300		300		300		300		300		300		300		300		300		300		300		300		300		300		300		300		300		300		300		300
2	oaa	Oaa	2	2	2	2	-2	298	-2	298	-2	298	-2	298					2	302	2	302													-2	298	-2	298													-2	298	-2	298													-2	298	-2	298													-2	298	-2	298																																																																
3	yiO	yio			2	4	2	300	2	300	2	300	2	300					-2	300	-2	300																											-2	298			-2	296											-2	298			-2	296									-2	298	-2	298	-2	296	-2	296																																																																
5	aoo	Aoo	2	4	2	6			-2	298	-2	298	-2	298							2	302																									-2	298	0	298	0	298	0	296									-2	298	0	298	0	298	0	296									0	298	0	298	0	296	0	296																																																																
6	OyO	ouo	2	6	2	8	2	302	2	300	2	300	2	300					-2	298	-2	300																																																																																																																																
7	Ayi	Aui			2	10			2	302	2	302	2	302							-2	298																													0	298	0	296													0	298	0	296													0	296	0	296																																																													-2	298	-2	298
8	eoE	eoe			2	12					-2	300	-2	300			2	302	2	300	2	300																																							2	302			2	300			2	298							2	302			2	300			2	298																																									-2	298	-2	298	-2	298	-2	298									-2	298	-2	298	0	298	0	298
9	Aei	aei	2	8	2	14			2	304	2	302	2	302							0	300																																																																																																																									0	298	0	298	0	298	0	298
10	EaI	Eai			2	16							-2	300	2	302	2	304	2	302	2	302																																																																																															0	300															0	298													0	298	0	298
11	iiO	iio			2	18	2	304	2	306	2	304	2	302					0	302	0	302																																																									0	298	0	300	0	296	0	298																																																																
12	oEu	oeu			2	20					-2	302	0	302			2	306	2	304	2	304																																													0	298	0	298													0	296	0	298																																									0	298	0	298	0	298	0	298									0	298	0	298	0	298	0	298
15	oia	Oia	2	10	2	22	-2	302	-2	304	0	302	0	302					2	306	2	306															0	298															0	296															0	298																																																													2	300	2	300													2	300	2	300
19	OeA	Oea			2	24			2	306	2	304	2	304							-2	304															0	298															0	296													0	298	0	298													0	296	0	298																																																																
20	eOi	Eoi	2	12	2	26	2	304	2	308	2	306	2	306			-2	304	-2	304	0	304																																																																																															0	300													0	300	0	300													0	300	0	300
21	oi	Oi	2	14	2	28	-2	302	-2	306	-2	304	-2	304					2	306	2	306																																																																																																													2	302	2	302													2	302	2	302
22	OAA	oaa	2	16	2	30	2	304	2	308	2	306	2	306					-2	304	-2	304																																																																																																																																
23	aou	Aou	2	18	2	32			-2	306	-2	304	-2	304							2	306																									0	298	0	298	0	298	0	296									0	298	0	300	0	298	0	298									0	298	0	300	0	296	0	298																																																																
24	eui	Eui	2	20	2	34					2	306	2	306			-2	302	-2	302	-2	304																																													2	300	2	300													2	298	2	300																															0	300															0	302															0	302
26	oua	Oua	2	22	2	36	-2	302	-2	304	-2	304	-2	304					2	304	2	306													0	298	0	298													0	298	0	296													0	300	0	300													0	298	0	300																																																																
27	eOA	eoa			2	38	2	304	2	306	2	306	2	306					-2	302	-2	304																																									0	298	0	300	0	300	0	300									0	298	0	300	0	298	0	300																																																																
30	oEI	Oei	2	24	2	40	-2	302	-2	304	-2	304	-2	304	2	304	2	304	2	304	2	306																																																																																																																																
31	EuE	eue	2	26	2	42					0	304	0	304			2	306	2	306	2	308																																													0	300	0	300													0	298	0	300																																																									0	298	0	298	0	302	0	302
32	yy	uu	2	28	2	44			2	306	2	306	2	306							-2	306																																																																																																																																
34	Oei	oei	2	30	2	46	2	304	2	308	2	308	2	308					-2	304	-2	304																																																																																																									0	298	0	298	0	302	0	302									0	298	0	298	0	302	0	302
35	EIu	eiu	2	32	2	48					-2	306	-2	306	2	306	2	308	2	306	2	306																																															0	300													0	298	0	300																																																																
37	EIu	Eiu			2	50							0	306	2	308	2	310	2	308	2	308																																																													0	298	0	300																													0	300	0	300													0	302	0	302													0	302	0	302
40	iAi	iai			2	52			2	310	2	308	2	308							-2	306																																																													0	298	0	300																																																													0	302	0	302
44	aeo	Aeo	2	34	2	54			-2	308	-2	306	-2	306							2	308																											0	298			0	296																																																																																									2	300	2	300	2	304	2	304
47	AAy	Aau			2	56			2	310	2	308	2	308							-2	306																													0	298	0	296													0	300	0	300													0	298	0	300																																																																
48	Oau	oau	2	36	2	58	2	306	2	312	2	310	2	310					0	308	0	306													2	300	2	300													2	300	2	298													2	302	2	302													2	300	2	302																																																																
49	uo	yo	2	38	2	60			-2	310	-2	308	-2	308							2	308																									0	298	0	298	0	300	0	298									0	298	0	300	0	302	0	302									0	298	0	300	0	300	0	302																																																																
50	aIo	Aio	2	40	2	62			-2	308	0	308	0	308	2	310	2	312	2	310	2	310																											0	298			0	298											0	300			0	302									0	298	0	300	0	300	0	302																																																																
52	iye	iue			2	64			2	310	2	310	2	310							-2	308																																																													0	300	0	302																																																									0	300	0	300	0	304	0	304
53	eeO	Eeo	2	42	2	66	2	308	2	312	2	312	2	312			-2	310	-2	308	0	308																																									0	298	0	300	0	302	0	302									0	298	0	300	0	300	0	302																									0	300	0	300	0	300	0	300									0	298	0	298	0	302	0	302									0	300	0	300	0	304	0	304
55	oEa	oea			2	68					-2	310	-2	310			2	312	2	310	2	310																																													0	302	0	302													0	300	0	302																																									0	298	0	298	0	302	0	302									0	300	0	300	0	304	0	304
56	AOA	aoa	2	44	2	70	2	310	2	314	2	312	2	312					0	310	0	310																																																																																																																																
57	eoe	Eoe	2	46	2	72					2	314	2	314			-2	310	0	310	0	310																																									2	300	2	302	2	304	2	304									2	300	2	302	2	302	2	304																											0	300			0	300											0	298			0	302											0	300			0	304
58	EEu	eeu	2	48	2	74					-2	312	-2	312			2	312	2	312	2	312																																													0	304	0	304													0	302	0	304																																																																
59	aaE	Aae	2	50	2	76			-2	312	-2	310	-2	310			2	314	2	314	2	314																													0	300	0	298													0	304	0	304													0	302	0	304																																																									0	300	0	300	0	304	0	304
60	yOA	yoa			2	78	2	312	2	314	2	312	2	312					-2	312	-2	312																									0	298	0	298	0	300	0	298									0	300	0	302	0	304	0	304									0	300	0	302	0	302	0	304																																																																
65	OyA	oua	2	52	2	80	2	314	2	316	2	314	2	314					0	312	0	312																																																																																																																																
68	Ei	ei	2	54	2	82					-2	312	-2	312			2	316	2	314	2	314																																																																																													2	302	2	302													2	304	2	304													2	306	2	306
69	uou	you	2	56	2	84			-2	314	0	312	0	312							2	316																									0	298	0	298	0	300	0	298									0	300	0	302	0	304	0	304									0	300	0	302	0	302	0	304																																																																
70	Oyy	Ouu			2	86			2	316	2	314	2	314							-2	314													0	300	0	300													0	300	0	298													0	304	0	304													0	302	0	304																																																																
71	eie	Eie	2	58	2	88					2	316	2	316			-2	314	-2	312	-2	312																																																																																											0	300	0	302	0	302											0	298	0	304	0	304											0	300	0	306	0	306
72	EaE	Eae			2	90					-2	314	-2	314			2	316	2	314	2	314																																																																																											0	300			0	302											0	298			0	304									0	300	0	300	0	306	0	306
73	aai	Aai	2	60	2	92			-2	314	-2	312	-2	312							2	316																													0	300	0	298													0	304	0	304													0	302	0	304																																																															2	308
74	OOi	Ooi			2	94	2	316	2	316	2	314	2	314					-2	312	-2	314									0	300	0	300	0	300	0	300									0	298	0	298	0	300	0	298									0	300	0	302	0	304	0	304									0	300	0	302	0	302	0	304																																													0	304	0	304													0	306	0	308
75	yey	yeu			2	96			2	318	2	316	2	316							0	314																															0	298													0	304	0	304													0	302	0	304																																																																
76	IuI	iui	2	62	2	98							-2	314	2	312	2	318	2	314	2	316																																																													0	302	0	304																																																													0	306	0	308
84	ooe	Ooe	2	64	2	100	-2	314	-2	316	-2	314	0	314					2	316	2	318									0	300	0	300	0	300	0	300									0	298	0	298	0	300	0	298									0	300	0	302	0	304	0	304									0	300	0	302	0	302	0	304																																											2	300			2	306											2	302			2	310
86	AOe	aoe	2	66	2	102	2	316	2	318	2	316	2	316					-2	314	-2	316																																																																																																									0	298	0	300	0	304	0	306									0	300	0	302	0	306	0	310
88	uaE	yae	2	68	2	104			-2	316	0	316	0	316			2	320	2	316	2	318																													0	300	0	298													0	304	0	304													0	302	0	304																																																									0	300	0	302	0	306	0	310
89	eAA	Eaa	2	70	2	106			2	318	2	318	2	318			-2	318	-2	314	-2	316																																																																																																																																
90	oeo	Oeo	2	72	2	108	-2	314	-2	316	-2	316	-2	316					2	316	2	318											0	300			0	300											0	298			0	298																																																																									2	300	2	302	2	306	2	308									2	302	2	304	2	308	2	312
91	ieO	ieo			2	110	2	316	2	318	2	318	2	318					-2	314	-2	316																																									0	300	0	302	0	304	0	304									0	300	0	302	0	302	0	304																																																																
93	aoa	Aoa	2	74	2	112			-2	316	-2	316	-2	316							2	318																									0	298	0	298	0	300	0	298									0	300	0	302	0	304	0	304									0	300	0	302	0	302	0	304																																																																
95	AO	ao	2	76	2	114	2	318	2	318	2	318	2	318					0	314	-2	316																																																																																																																																
96	Eio	eio	2	78	2	116					-2	316	-2	316			2	320	2	316	2	318																																											0	302			0	304																																													2	304	2	304													2	308	2	310													2	310	2	314
97	eu	Eu	2	80	2	118					2	318	2	318			-2	318	-2	314	-2	316																																													2	306	2	306													2	304	2	306																																																																
99	uoi	yoi	2	82	2	120			-2	316	-2	316	-2	316							2	318																									0	298	0	298	0	300	0	298									0	300	0	302	0	306	0	306									0	300	0	302	0	304	0	306																																																															2	316
100	Oee	oee	2	84	2	122	2	320	2	318	2	318	2	318					0	314	-2	316																																																																																																									0	300	0	302	0	308	0	310									0	302	0	304	0	310	0	316
102	ouI	oui			2	124							-2	316	2	314	2	320	2	316	2	318																																																																																																															0	310													0	310	0	316
104	aui	Aui	2	86	2	126			-2	316	-2	316	0	316							2	320																													0	300	0	298													0	306	0	306													0	304	0	306																																																															2	318
105	aua	Aua	2	88	2	128			0	316	0	316	0	316							2	322																													0	300	0	298													0	306	0	306													0	304	0	306																																																																
106	Ayo	auo	2	90	2	130			2	318	2	318	2	318							-2	320																									2	300	2	300	2	302	2	300									2	302	2	304	2	308	2	308									2	302	2	304	2	306	2	308																																																																
107	Ay	au	2	92	2	132			2	320	2	320	2	320							-2	318																																																																																																																																
109	eeo	Eeo	2	94	2	134					2	322	2	322			-2	318	0	316	0	318																																																																																									0	300	0	300	0	304	0	304									0	300	0	302	0	308	0	310									0	302	0	304	0	310	0	318
110	IEE	iee	2	96	2	136					-2	320	-2	320	2	316	2	320	2	318	2	320																																																																																																																																
111	Eio	eio	2	98	2	138					-2	318	-2	318			2	322	2	320	2	322																																											0	304			0	308																																													2	306	2	306													2	310	2	312													2	312	2	320
112	iOO	ioo			2	140	2	322	2	322	2	320	2	320					-2	318	-2	320																																																									0	302	0	304	0	306	0	308																																																																
113	EaI	Eai			2	142							0	320	2	318	2	324	2	320	2	322																																																																																															0	306															0	312													0	312	0	320
114	ieO	ieo			2	144	2	324	2	324	2	322	2	322					0	320	-2	320																																									0	302	0	304	0	308	0	308									0	302	0	304	0	306	0	308																																																																
115	oIu	oiu			2	146							0	322	2	320	2	326	2	322	2	322																																																													0	306	0	308																																													0	310	0	312													0	312	0	320
117	Eia	eia	2	100	2	148					0	322	0	322			2	328	2	324	2	324																																															0	308																																													2	308	2	308													2	312	2	314													2	314	2	322
118	OyO	Ouo			2	150	2	326	2	326	2	324	2	324					-2	322	-2	322											0	300	0	300	0	300											0	300	0	302	0	300											0	304	0	308	0	308											0	304	0	306	0	308																																																																
123	eeo	Eeo	2	102	2	152					2	326	2	326			-2	326	0	322	0	322																																																																																									0	300	0	300	0	308	0	308									0	300	0	302	0	312	0	314									0	302	0	304	0	314	0	322
124	Io	io	2	104	2	154							-2	324	2	322	2	328	2	324	2	324																																																									0	302	0	304	0	306	0	308																																																																
126	uai	yai	2	106	2	156			-2	324	-2	324	-2	322							2	326																													0	302	0	300													0	308	0	308													0	306	0	308																																																															2	324
127	AA	aa	2	108	2	158			2	326	2	326	2	324							-2	324																																																																																																																																
128	AAO	aao	2	110	2	160	2	328	2	328	2	328	2	326					0	324	0	324																																																																																																																																
129	EEE	eee	2	112	2	162					-2	326	0	326			2	330	2	326	2	326																																																																																																																																
132	Ayi	aui	2	114	2	164			2	330	2	328	2	328							0	326																																																																																																																													0	314	0	324
135	oaE	oae			2	166					0	328	0	328			2	332	2	328	2	328																																																																																																											0	302			0	314									0	302	0	304	0	314	0	324
137	uiu	yiu	2	116	2	168			-2	328	-2	326	-2	326							2	330																															0	300															0	308																																																																													2	316	2	326
140	OeA	Oea			2	170			2	330	2	328	2	328							-2	328															0	300															0	300													0	308	0	308													0	306	0	308																																																																
141	eyi	Eui	2	118	2	172			2	332	2	330	2	330			-2	330	0	328	0	328																																																																																															0	308															0	314													0	316	0	326
142	EaE	eae	2	120	2	174					-2	328	-2	328			2	332	2	330	2	330																																													0	308	0	308													0	306	0	308																																																									0	302	0	304	0	316	0	326
144	oaE	Oae	2	122	2	176	0	328	-2	330	0	328	0	328			2	334	2	332	2	332													0	300	0	300													0	302	0	300													0	308	0	308													0	306	0	308																																																									0	302	0	304	0	316	0	326
145	ai	Ai	2	124	2	178			0	330	0	328	0	328							2	334																																																																																																																													2	318	2	328
146	AyO	auo	2	126	2	180	2	330	2	332	2	330	2	330					-2	330	-2	332																																																																																																																																
147	OOi	Ooi			2	182	2	332	2	334	2	332	2	332					0	330	-2	330									0	300	0	300	0	300	0	300									0	300	0	300	0	302	0	300									0	302	0	304	0	308	0	308									0	302	0	304	0	306	0	308																																													0	312	0	314													0	318	0	328
154	OAi	oai	2	128	2	184	2	334	2	336	2	334	2	334					0	330	0	330																																																																																																															0	314													0	318	0	328
155	ui	yi	2	130	2	186			-2	334	-2	332	-2	332							2	332																																																																																																																													2	320	2	330
161	uuI	uui			2	188							0	332	2	324	2	336	2	332	2	334																																																																																																																													0	320	0	330
164	Oyy	ouu	2	132	2	190	2	336	2	336	2	334	2	334					0	332	-2	332																																																																																																																																
166	uau	yau	2	134	2	192			-2	334	-2	332	-2	332							2	334																													0	302	0	300													0	308	0	308													0	306	0	308																																																																
168	uIE	yie	2	136	2	194			0	334	0	332	0	332	2	326	2	338	2	334	2	336																																																																																																																																
169	oiy	oiu			2	196			2	336	2	334	2	334							-2	334																																																													0	306	0	308																																							2	302			2	304											2	302			2	306				
170	aoo	Aoo	2	138	2	198			-2	334	-2	332	-2	332							2	336																									0	300	0	300	0	302	0	300									0	302	0	304	0	308	0	308									0	302	0	304	0	306	0	308																																																																
174	yiA	uia	2	140	2	200			2	336	2	334	2	334							-2	334																																																													0	306	0	308																																																													0	320	0	330
175	euu	Euu	2	142	2	202					2	336	2	336			-2	336	-2	332	-2	332																																													2	310	2	310													2	308	2	310																																																																
177	oIE	Oie	2	144	2	204	-2	334	-2	334	-2	334	-2	334	2	328	2	338	2	334	2	334																																																																																																																																
179	iyy	iuu			2	206			2	336	2	336	2	336							-2	332																																																													0	308	0	310																																																																
180	uuu	yuu	2	146	2	208			-2	334	-2	334	-2	334							2	334																													0	302	0	300													0	310	0	310													0	308	0	310																																																																
181	OAA	oaa	2	148	2	210	2	336	2	336	2	336	2	336					-2	332	-2	332																																																																																																																																
182	ao	Ao	2	150	2	212			-2	334	-2	334	-2	334							2	334																									0	300	0	300	0	302	0	300									0	302	0	304	0	310	0	310									0	302	0	304	0	308	0	310																																																																
183	uII	uii			2	214							0	334	2	330	2	340	2	334	2	336																																																																																																																													0	320	0	330
184	yAo	yao			2	216			2	336	2	336	2	336							-2	334																									2	302					0	300									2	304					0	310									2	304					0	310																																																																
185	uea	yea	2	152	2	218			-2	334	-2	334	-2	334							2	336																															0	300																																																																																									2	304	2	308	2	322	2	332
186	yAy	uau	2	154	2	220			2	336	2	336	2	336							-2	334																																																																																																																																
188	OOu	Oou			2	222	2	338	2	338	2	338	2	338					0	334	0	334									0	300	0	300			0	300									0	302	0	300			0	300									0	304	0	304			0	310									0	304	0	304			0	310																																																																
189	uau	yau	2	156	2	224			-2	336	-2	336	-2	336							2	336																													0	302	0	300													0	310	0	310													0	308	0	310																																																																
190	eae	Eae	2	158	2	226					2	338	2	338			-2	338	0	334	-2	334																																													2	312	2	312													2	310	2	312																											0	300			0	308											0	304			0	314											0	308			0	332
191	II	ii	2	160	2	228							-2	336	2	332	2	340	2	336	2	336																																																																																																																																
193	oi	Oi	2	162	2	230	-2	336	-2	334	-2	336	-2	334					2	338	2	338																																																																																																													2	314	2	316													2	324	2	334
194	iyO	iuo			2	232	2	338	2	336	2	338	2	336					-2	336	-2	336																																																											0	304	0	310	0	312																																																																
196	aEI	aei			2	234					0	338	0	336	2	334	2	342	2	338	2	338																																																																																																																									0	304	0	308	0	324	0	334
198	Oyy	Ouu			2	236			2	338	2	340	2	338							-2	336													0	300	0	300													0	302	0	300													0	312	0	312													0	310	0	312																																																																
199	aIa	Aia	2	164	2	238			0	338	0	340	0	338	2	336	2	344	2	340	2	338																															0	300															0	312													0	310	0	312																																																																
200	ueo	yeo	2	166	2	240			-2	336	-2	338	-2	336							2	340																											0	300			0	300																																																																																									2	306	2	310	2	326	2	336
202	eAi	Eai	2	168	2	242			2	338	2	340	2	338			-2	342	-2	338	-2	338																																																																																															0	308															0	316													0	326	0	336
207	ua	ya	2	170	2	244			-2	336	-2	338	-2	336							2	340																													0	302	0	300													0	312	0	312													0	310	0	312																																																																
209	eOO	eoo			2	246	2	340	2	338	2	340	2	338					-2	336	-2	338																																									0	304	0	304	0	312	0	312									0	304	0	304	0	310	0	312																																																																
210	Aiy	aiu	2	172	2	248			2	340	2	342	2	340							0	338																																																													0	310	0	312																																																													0	326	0	336
211	EEo	eeo	2	174	2	250					-2	340	0	340			2	344	2	338	2	340																																									0	304	0	304	0	312	0	312									0	304	0	304	0	310	0	312																																																																
215	eoi	Eoi	2	176	2	252					2	342	2	342			-2	342	0	338	-2	338																																									2	306	2	306	2	314	2	314									2	306	2	306	2	312	2	314																															0	308															0	316															0	336
216	aei	Aei	2	178	2	254			-2	338	-2	340	-2	340							2	340																																																																																																																									2	308	2	312	2	328	2	338
220	iO	io			2	256	2	342	2	340	2	342	2	342					0	338	-2	338																																																									0	306	0	306	0	312	0	314																																																																
221	aIu	aiu			2	258							-2	340	2	338	2	344	2	340	2	340																																																													0	312	0	314																																																													0	328	0	338
222	uuo	yuo	2	180	2	260			-2	338	-2	340	-2	338							2	342																											0	300	0	302	0	300											0	306	0	314	0	314											0	306	0	312	0	314																																																																
225	OeA	oea	2	182	2	262	2	344	2	340	2	342	2	340					0	340	-2	340																																													0	314	0	314													0	312	0	314																																									0	300	0	304	0	314	0	316									0	308	0	312	0	328	0	338
226	ooy	oou			2	264			2	342	2	344	2	342							0	340																																																																																																					2	302	2	304	2	302	2	306	2	316	2	318					2	302	2	304	2	310	2	314	2	330	2	340
228	oue	Oue	2	184	2	266	-2	342	-2	340	-2	342	-2	340					2	342	2	342													0	300	0	300													0	302	0	300													0	314	0	314													0	312	0	314																																											2	308			2	320											2	316			2	342
229	Iou	iou	2	186	2	268							0	340	2	340	2	346	2	344	2	344																																																									0	306	0	306	0	312	0	314																																																																
232	ey	Eu	2	188	2	270			2	342	2	344	2	342			-2	344	-2	342	-2	342																																																																																																																																
233	eey	eeu			2	272			2	344	2	346	2	344							0	342																																													0	314	0	314													0	312	0	314																																																																
234	auE	Aue	2	190	2	274			-2	342	-2	344	-2	342			2	346	2	344	2	344																													0	302	0	300													0	314	0	314													0	312	0	314																																																									0	310	0	316	0	330	0	342
235	eii	Eii	2	192	2	276					2	346	2	344			-2	344	-2	342	-2	342																																																																																													0	308	0	308													0	316	0	320													0	330	0	342
236	AO	ao	2	194	2	278	2	344	2	344	2	348	2	346					0	342	0	342																																																																																																																																
239	EEI	Eei			2	280					-2	346	-2	344	2	342	2	346	2	344	2	344																																																																																									0	300	0	300	0	308	0	308									0	302	0	308	0	316	0	320									0	310	0	316	0	330	0	342
242	uuO	yuo	2	196	2	282	2	346											-2	342																													0	300	0	302	0	300											0	306	0	314	0	314											0	306	0	312	0	314																																																	2	302	2	302	2	304	2	306	2	312	2	318	2	332	2	344
243	AAe	aae	2	198	2	284			2	346	2	348	2	346							0	344																																																																																																																									0	312	0	318	0	332	0	344
245	EoI	Eoi			2	286							-2	344	2	344	2	348	2	344	2	346																																																																																															0	308													0	316	0	320													0	332	0	344
246	oua	Oua	2	200	2	288	-2	344	-2	344	-2	346	0	344					2	346	2	348													0	300	0	300													0	302	0	300													0	314	0	314													0	312	0	314																																																																
250	iAi	iai			2	290			2	346	2	348	2	346							-2	346																																																													0	312	0	314																																																													0	332	0	344
253	uii	yii	2	202	2	292			-2	344	-2	346	-2	344							2	348																																																																																																																													2	334	2	346
254	iAA	iaa			2	294			2	346	2	348	2	346							-2	346																																																													0	312	0	314																																																																
255	eyy	euu			2	296			2	348	2	350	2	348							0	346																																													0	314	0	314													0	312	0	314																																																																
256	oII	Oii	2	204	2	298	0	344	-2	346	-2	348	-2	346	2	346	2	350	2	348	2	348																																																																																																																																
257	oou	Oou	2	206	2	300	0	344	0	346	-2	346	0	346					2	350	2	350									0	300	0	300	0	300	0	300									0	302	0	300	0	302	0	300									0	306	0	306	0	314	0	314									0	306	0	306	0	312	0	314																																																																
259	Ayi	Aui			2	302			2	348	2	348	2	348							-2	348																													0	302	0	300													0	314	0	314													0	312	0	314																																																													0	334	-2	344
260	uOi	uoi			2	304	2	346	2	350	2	350	2	350					-2	348	-2	346																																																																																																													0	316	0	320	2	304	2	304	2	306	2	308	2	314	2	320			0	344
262	oao	Oao	2	208	2	306	0	346	-2	348	-2	348	-2	348					2	350	2	348											0	300	0	300	0	300											0	300	0	302	0	300											0	306	0	314	0	314											0	306	0	312	0	314																																																																
263	uOe	yoe	2	210	2	308	2	348											-2	348																											0	302	0	300	0	302	0	300									0	306	0	306	0	314	0	314									0	306	0	306	0	312	0	314																																									0	302	0	308	0	316	0	320	2	306	2	306	2	308	2	310								
264	EEa	Eea			2	310					0	348	0	348			2	352	2	350	2	350																																													0	314	0	314													0	312	0	314																									0	300	0	300	0	308	0	308									0	302	0	308	0	316	0	320									0	314	0	320	0	334	0	344
265	AOy	aou	2	212	2	312	2	350	2	350	2	350	2	350					-2	348	-2	348																																																																																																																																
266	uea	yea	2	214	2	314			-2	348	-2	348	-2	348							2	350																															0	300																																																																																									2	316	2	322	2	336	2	346
268	aii	Aii	2	216	2	316			0	348	0	348	0	348							2	352																																																																																																																													2	338	2	348
269	yAe	uae	2	218	2	318			2	350	2	350	2	350							-2	350																																																																																																																									0	316	0	322	0	338	-2	346
270	eai	Eai	2	220	2	320					2	352	2	352			-2	350	0	348	-2	348																																													2	316	2	316													2	314	2	316																															0	308															0	320															0	346
271	IoE	ioe	2	222	2	322					-2	350	-2	350	2	348	2	352	2	350	2	350																																																									0	306	0	306	0	314	0	316																																									0	302	0	308	0	316	0	320									0	316	0	322	0	338	0	346
272	uaa	yaa	2	224	2	324			-2	348	-2	348	-2	348							2	352																													0	302	0	300													0	316	0	316													0	314	0	316																																																																
273	yAO	yao			2	326	2	352	2	350	2	350	2	350					-2	348	-2	350																											0	300	0	302	0	300											0	306	0	316	0	316											0	306	0	314	0	316																																																																
278	IIu	iiu	2	226	2	328							0	350	2	350	2	354	2	350	2	352																																																													0	314	0	316																																																																
279	oIa	Oia	2	228	2	330	0	352	0	350	0	350	0	350	2	352	2	356	2	352	2	354															0	300															0	300															0	316													0	314	0	316																																																																
281	yiA	uia	2	230	2	332			2	352	2	352	2	352							-2	352																																																													0	314	0	316																																																													0	338	0	346
282	uao	yao	2	232	2	334			-2	350	-2	350	-2	350							2	354																											0	300	0	302	0	300											0	306	0	316	0	316											0	306	0	314	0	316																																																																
283	eO	Eo	2	234	2	336	2	354	2	352	2	352	2	352			-2	354	-2	350	-2	352																																																																																																																																
285	yyy	uuu	2	236	2	338			2	354	2	354	2	354							-2	350																																																																																																																																
286	Eoa	eoa	2	238	2	340					-2	352	-2	352			2	356	2	352	2	352																																									0	306	0	306	0	316	0	316									0	306	0	306	0	314	0	316																																																																
287	aua	Aua	2	240	2	342			-2	352	-2	350	-2	350							2	354																													0	302	0	300													0	316	0	316													0	314	0	316																																																																
288	yye	uue	2	242	2	344			2	354	2	352	2	352							-2	352																																																																																																																									0	316	0	322	0	338	0	346
289	oie	Oie	2	244	2	346	-2	352	-2	352	-2	350	-2	350					2	354	2	354																																																																																																											2	310	2	318	2	322											2	324	2	340	2	348
291	OOO	Ooo			2	348	2	354	2	354	2	352	2	352					-2	352	-2	352									0	300	0	300	0	300	0	300									0	302	0	300	0	302	0	300									0	306	0	306	0	316	0	316									0	306	0	306	0	314	0	316																																																																
294	uIE	uie			2	350					0	352	0	352	2	354	2	358	2	354	2	354																																																																																																																											0	324	0	340	0	348
299	yiO	uio	2	246	2	352	2	356	2	356	2	354	2	354					-2	352	-2	352																																																									0	306	0	306	0	314	0	316																																																													0	340	0	348
300	ue	ye	2	248	2	354			-2	354	-2	352	-2	352							2	354																																																																																																																									2	318	2	326	2	342	2	350
302	oA	Oa	2	250	2	356	-2	354											2	354															0	300	0	300													0	302	0	300													0	316	0	316													0	314	0	316																																					2	304	2	306	2	304	2	312	2	320	2	324					2	310	2	312	2	320	2	328	2	344	2	352
306	aOu	Aou	2	252	2	358	2	356											0	354															2	302	2	302									0	302	0	300			0	300									0	306	0	306			0	316									0	306	0	306			0	316																																																	2	308	2	308	2	312	2	314	2	322	2	330	2	346	2	354
310	eoe	Eoe	2	254	2	360					2	354	2	354			-2	356	0	354	0	354																																									2	308	2	308	2	318	2	318									2	308	2	308	2	316	2	318																											0	300			0	308											0	312			0	324											0	330			0	354
339	yiu	uiu	2	256	2	362			2	356	2	356	2	356							0	354																															2	302															2	320																																																																													0	346	0	354
464	EuE	eue	2	258	2	364					0	356	0	356			2	358	2	356	2	356																																													0	318	0	320													0	316	0	318																																																									0	322	0	330	0	346	0	354
996	eii	Eii	2	260	2	366					2	358	2	358			0	358	0	356	0	356																																																																																													0	308	0	308													0	320	0	324													0	346	0	354
1111	eoa	Eoa	2	262	2	368					2	360	2	360			0	358	0	356	0	356																																									2	310	2	310	2	320	2	322									2	310	2	310	2	318	2	320																																																																
1189	uoE	yoe	2	264	2	370			0	356	0	360	0	360			2	360	2	358	2	358																									0	302	0	300	0	302	0	302									0	310	0	310	0	320	0	322									0	310	0	310	0	318	0	320																																									0	304	0	312	0	320	0	324									0	322	0	330	0	346	0	354
2117	eua	Eua	2	266	2	372					2	362	2	362			0	360	0	358	0	358																																													2	322	2	324													2	320	2	322																																																																
7355	uEu	ueu			0.2	372.2					0	362	0	362			0.2	360.2	0.2	358.2	0.2	358.2																																													0	322	0	324													0	320	0	322																																																									0	322	0	330	0	346	0	354
TOTAL				266		372.2		356		356		362		362		354		360.2		358.2		358.2		300		300		300		300		300		300		302		302		300		300		300		300		302		300		302		302		300		300		300		302		310		310		322		324		300		300		300		302		310		310		320		322		300		300		300		300		300		300		300		300		300		300		300		300		300		300		308		308		300		300		304		306		304		312		320		324		308		308		312		314		322		330		346		354
