trialnum	Generated	Heard	Id(Bk)Syl1	now	Id(Bk)	now	*F1	now	*F3	now	*F4	now	*F5	now	*B1	now	*B2	now	*B3	now	*B5	now	*F1_B1	now	*F1..._B1	now	*F1_B2	now	*F1..._B2	now	*F1_B3	now	*F1..._B3	now	*F1_B5	now	*F1..._B5	now	*F3_B1	now	*F3..._B1	now	*F3_B2	now	*F3..._B2	now	*F3_B3	now	*F3..._B3	now	*F3_B5	now	*F3..._B5	now	*F4_B1	now	*F4..._B1	now	*F4_B2	now	*F4..._B2	now	*F4_B3	now	*F4..._B3	now	*F4_B5	now	*F4..._B5	now	*F5_B1	now	*F5..._B1	now	*F5_B2	now	*F5..._B2	now	*F5_B3	now	*F5..._B3	now	*F5_B5	now	*F5..._B5	now	*_B1F1	now	*_B1...F1	now	*_B1F3	now	*_B1...F3	now	*_B1F4	now	*_B1...F4	now	*_B1F5	now	*_B1...F5	now	*_B2F1	now	*_B2...F1	now	*_B2F3	now	*_B2...F3	now	*_B2F4	now	*_B2...F4	now	*_B2F5	now	*_B2...F5	now	*_B3F1	now	*_B3...F1	now	*_B3F3	now	*_B3...F3	now	*_B3F4	now	*_B3...F4	now	*_B3F5	now	*_B3...F5	now	*_B5F1	now	*_B5...F1	now	*_B5F3	now	*_B5...F3	now	*_B5F4	now	*_B5...F4	now	*_B5F5	now	*_B5...F5	now
				0		0		155.36		166.55		190.9		214.53		150.0		155.72		179.9		226.92000000000002		150.0		150.0		150.0		150.0		151.12		151.94		153.17		155.74		150.0		150.0		150.0		150.0		153.5		156.34		159.73		168.16		150.0		150.0		150.0		150.0		156.13		159.29		168.78		177.71		150.0		150.0		150.0		150.0		158.87		161.69		176.98		185.1		150.0		150.0		150.0		150.0		150.0		150.0		150.0		150.0		150.0		150.0		150.0		150.0		151.28		152.12		152.49		153.66		150.0		150.0		150.0		150.0		154.28		155.9		158.47		160.71		150.0		150.0		150.0		150.0		159.64		162.67		169.07		173.45
0	Apriori	Id(Bk)Syl1>>Id(Bk)	30	30																																																																																																																																																		
1	Oyi	oui	2	32	0	0	2	157.36	2	168.55	2	192.9	2	216.53					-2	177.9	-2	224.92000000000002																																																																																																															-2	158.71													-2	167.07	-2	171.45
2	AAe	Aae			2	2			2	170.55	2	194.9	2	218.53							-2	222.92000000000002																													-2	157.73	-2	166.16													-2	166.78	-2	175.71													-2	174.98	-2	183.1																																																									-2	157.64	-2	160.67	-2	165.07	-2	169.45
3	AeO	aeo	2	34	0	2	2	159.36	2	172.55	2	196.9	2	220.53					-2	175.9	-2	220.92000000000002																																									-2	154.13	-2	157.29	-2	164.78	-2	173.71									-2	156.87	-2	159.69	-2	172.98	-2	181.1																																																									-2	155.64	-2	158.67	-2	163.07	-2	167.45
4	eAi	eai			2	4			2	174.55	2	198.9	2	222.53							-2	218.92000000000002																																													-2	162.78	-2	171.71													-2	170.98	-2	179.1																																																													-2	161.07	-2	165.45
6	aIo	Aio	2	36	0	4			-2	172.55	-2	196.9	-2	220.53	2	152.0	2	157.72	2	177.9	2	220.92000000000002																											-2	154.34			-2	164.16											-2	155.29			-2	169.71									-2	154.87	-2	157.69	-2	168.98	-2	177.1																																																																
7	uII	yii	2	38	0	4			-2	170.55	-2	194.9	-2	218.53	2	154.0	2	159.72	2	179.9	2	222.92000000000002																																																																																																																																
8	AAe	Aae			2	6			2	172.55	2	196.9	2	220.53							-2	220.92000000000002																													-2	155.73	-2	162.16													-2	160.78	-2	167.71													-2	166.98	-2	175.1																																																									-2	153.64	-2	156.67	-2	159.07	-2	163.45
9	aIE	Aie	2	40	0	6			-2	170.55	-2	194.9	-2	218.53	2	156.0	2	161.72	2	181.9	2	222.92000000000002																																																																																																																																
10	iyy	iuu			2	8			2	172.55	2	196.9	2	220.53							-2	220.92000000000002																																																													-2	164.98	-2	173.1																																																																
12	uEE	uee			2	10					-2	194.9	-2	218.53			2	163.72	2	183.9	2	222.92000000000002																																																																																																																									-2	151.64	-2	154.67	-2	157.07	-2	161.45
13	AAe	Aae			2	12			2	174.55	2	196.9	2	220.53							-2	220.92000000000002																													-2	153.73	-2	160.16													-2	158.78	-2	165.71													-2	162.98	-2	171.1																																																									-2	149.64	-2	152.67	-2	155.07	-2	159.45
13	Apriori	Id(Bk)Syl1>>Id(Bk)	2	42																																																																																																																																																			
14	OOA	ooa	2	44	0	12	2	161.36	2	176.55	2	198.9	2	222.53					-2	181.9	-2	218.92000000000002																																																																																																																																
15	IIE	iie	2	46	0	12					-2	196.9	-2	220.53	2	158.0	2	165.72	2	183.9	2	220.92000000000002																																																																																																																																
16	eOy	Eou	2	48	0	12	2	163.36	2	178.55	2	198.9	2	222.53			-2	163.72	-2	181.9	-2	218.92000000000002																																																																																																																																
17	Iu	iu	2	50	0	12							-2	220.53	2	160.0	2	165.72	2	183.9	2	220.92000000000002																																																													-2	160.98	-2	169.1																																																																
19	uEo	ueo			2	14					-2	196.9	-2	218.53			2	167.72	2	185.9	2	222.92000000000002																																									-2	152.13	-2	153.29	-2	156.78	-2	163.71									-2	152.87	-2	155.69	-2	158.98	-2	167.1																																																									-2	147.64	-2	150.67	-2	153.07	-2	157.45
20	eO	Eo	2	52	0	14	2	165.36	2	180.55	2	198.9	2	220.53			-2	165.72	-2	183.9	-2	220.92000000000002																																																																																																																																
21	uEE	uee			2	16					-2	196.9	-2	218.53			2	167.72	2	185.9	2	222.92000000000002																																																																																																																									-2	145.64	-2	148.67	-2	151.07	-2	155.45
22	eee	Eee	2	54	0	16					2	198.9	2	220.53			-2	165.72	-2	183.9	-2	220.92000000000002																																																																																									-2	149.28	-2	150.12	-2	150.49	-2	151.66									-2	152.28	-2	153.9	-2	156.47	-2	156.71									-2	143.64	-2	146.67	-2	149.07	-2	153.45
23	OeO	Oeo			2	18	2	167.36	2	182.55	2	200.9	2	222.53					-2	181.9	-2	218.92000000000002											-2	149.94			-2	153.74											-2	152.34			-2	158.16									-2	150.13	-2	151.29	-2	154.78	-2	161.71									-2	150.87	-2	153.69	-2	156.98	-2	165.1																																																																
24	Eo	eo	2	56	0	18					-2	198.9	-2	220.53			2	167.72	2	183.9	2	220.92000000000002																																									-2	148.13	-2	149.29	-2	152.78	-2	159.71									-2	148.87	-2	151.69	-2	154.98	-2	163.1																																																																
25	EoE	eoe	2	58	0	18					-2	196.9	-2	218.53			2	169.72	2	185.9	2	222.92000000000002																																									-2	146.13	-2	147.29	-2	150.78	-2	157.71									-2	146.87	-2	149.69	-2	152.98	-2	161.1																																									-2	150.28	-2	151.9	-2	154.47	-2	154.71									-2	141.64	-2	144.67	-2	147.07	-2	151.45
26	eyA	eua			2	20			2	184.55	2	198.9	2	220.53							-2	220.92000000000002																																													-2	148.78	-2	155.71													-2	150.98	-2	159.1																																																																
27	OAO	oao	2	60	0	20	2	169.36	2	186.55	2	200.9	2	222.53					-2	183.9	-2	218.92000000000002																																																																																																																																
29	oEE	Oee	2	62	0	20	-2	167.36	-2	184.55	-2	198.9	-2	220.53			2	171.72	2	185.9	2	220.92000000000002																																																																																																																																
31	OAe	oae	2	64	0	20	2	169.36	2	186.55	2	200.9	2	222.53					-2	183.9	-2	218.92000000000002																																																																																																											-2	149.9			-2	152.71									-2	139.64	-2	142.67	-2	145.07	-2	149.45
33	OOi	ooi	2	66	0	20	2	171.36	2	188.55	2	202.9	2	224.53					-2	181.9	-2	216.92000000000002																																																																																																													-2	152.47	-2	150.71													-2	143.07	-2	147.45
34	Io	io	2	68	0	20							-2	222.53	2	162.0	2	173.72	2	183.9	2	218.92000000000002																																																									-2	144.87	-2	147.69	-2	148.98	-2	157.1																																																																
35	aIa	aia			2	22							-2	220.53	2	164.0	2	175.72	2	185.9	2	220.92000000000002																																																													-2	146.98	-2	155.1																																																													-2	141.07	-2	145.45
36	uE	ye	2	70	0	22			-2	186.55	-2	200.9	-2	218.53			2	177.72	2	187.9	2	222.92000000000002																																																																																																																																
37	aaE	Aae	2	72	0	22			-2	184.55	-2	198.9	-2	216.53			2	179.72	2	189.9	2	224.92000000000002																													-2	151.73	-2	156.16													-2	146.78	-2	153.71													-2	144.98	-2	153.1																																																									-2	137.64	-2	140.67	-2	139.07	-2	143.45
38	yAy	yau			2	24			2	186.55	2	200.9	2	218.53							-2	222.92000000000002																													-2	149.73	-2	154.16													-2	144.78	-2	151.71													-2	142.98	-2	151.1																																																																
39	eAO	Eao	2	74	0	24	2	173.36	2	188.55	2	202.9	2	220.53			-2	177.72	-2	187.9	-2	220.92000000000002																																																																																																																																
40	yeO	yeo			2	26	2	175.36	2	190.55	2	204.9	2	222.53					-2	185.9	-2	218.92000000000002																											-2	150.34			-2	152.16									-2	144.13	-2	145.29	-2	142.78	-2	149.71									-2	142.87	-2	145.69	-2	140.98	-2	149.1																																																																
41	uE	ue			2	28					-2	202.9	-2	220.53			2	179.72	2	187.9	2	220.92000000000002																																																																																																																									-2	135.64	-2	138.67	-2	137.07	-2	141.45
42	aoE	aoe			2	30					-2	200.9	-2	218.53			2	181.72	2	189.9	2	222.92000000000002																																																																																																									-2	148.28	-2	147.9	-2	150.47	-2	148.71									-2	133.64	-2	136.67	-2	135.07	-2	139.45
43	OOA	ooa	2	76	0	30	2	177.36	2	192.55	2	202.9	2	220.53					-2	187.9	-2	220.92000000000002																																																																																																																																
44	AyA	Aua			2	32			2	194.55	2	204.9	2	222.53							-2	218.92000000000002																													-2	147.73	-2	150.16													-2	140.78	-2	147.71													-2	138.98	-2	147.1																																																																
46	EuI	Eui			2	34							-2	220.53	2	166.0	2	183.72	2	189.9	2	220.92000000000002																																																																																															-2	149.66															-2	146.71													-2	133.07	-2	137.45
47	yeA	yea			2	36			2	196.55	2	206.9	2	222.53							-2	218.92000000000002																															-2	148.16													-2	138.78	-2	145.71													-2	136.98	-2	145.1																																																																
48	aIa	aia			2	38							-2	220.53	2	168.0	2	185.72	2	191.9	2	220.92000000000002																																																													-2	134.98	-2	143.1																																																													-2	131.07	-2	135.45
49	iye	iue			2	40			2	198.55	2	208.9	2	222.53							-2	218.92000000000002																																																													-2	132.98	-2	141.1																																																									-2	131.64	-2	134.67	-2	129.07	-2	133.45
50	uEu	ueu			2	42					-2	206.9	-2	220.53			2	187.72	2	193.9	2	220.92000000000002																																													-2	136.78	-2	143.71													-2	130.98	-2	139.1																																																									-2	129.64	-2	132.67	-2	127.07	-2	131.45
51	aoI	Aoi	2	78	0	42			-2	196.55	-2	204.9	-2	218.53	2	170.0	2	189.72	2	195.9	2	222.92000000000002																									-2	151.5	-2	148.34	-2	145.73	-2	146.16									-2	142.13	-2	143.29	-2	134.78	-2	141.71									-2	140.87	-2	143.69	-2	128.98	-2	137.1																																													-2	148.47	-2	144.71													-2	125.07	-2	129.45
52	eeO	Eeo	2	80	0	42	2	179.36	2	198.55	2	206.9	2	220.53			-2	187.72	-2	193.9	-2	220.92000000000002																																									-2	140.13	-2	141.29	-2	132.78	-2	139.71									-2	138.87	-2	141.69	-2	126.97999999999999	-2	135.1																									-2	147.28	-2	148.12	-2	148.49	-2	147.66									-2	146.28	-2	145.9	-2	146.47	-2	142.71									-2	127.63999999999999	-2	130.67	-2	123.07	-2	127.44999999999999
54	iAy	iau			2	44			2	200.55	2	208.9	2	222.53							-2	218.92000000000002																																																													-2	124.97999999999999	-2	133.1																																																																
55	EEI	eei	2	82	0	44					-2	206.9	-2	220.53	2	172.0	2	189.72	2	195.9	2	220.92000000000002																																																																																																																																
56	uaI	yai	2	84	0	44			-2	198.55	-2	204.9	-2	218.53	2	174.0	2	191.72	2	197.9	2	222.92000000000002																													-2	143.73	-2	144.16													-2	130.78	-2	137.71													-2	122.97999999999999	-2	131.1																																																													-2	121.07	-2	125.44999999999999
57	OA	Oa			2	46			2	200.55	2	206.9	2	220.53							-2	220.92000000000002													-2	151.17	-2	151.74													-2	141.73	-2	142.16													-2	128.78	-2	135.71													-2	120.97999999999999	-2	129.1																																																																
58	ouE	oue			2	48					-2	204.9	-2	218.53			2	193.72	2	199.9	2	222.92000000000002																																																																																																											-2	143.9			-2	140.71									-2	125.63999999999999	-2	128.67	-2	119.07	-2	123.44999999999999
59	aa	Aa	2	86	0	48			-2	198.55	-2	202.9	-2	216.53							2	224.92000000000002																													-2	139.73	-2	140.16													-2	126.78	-2	133.71													-2	118.97999999999999	-2	127.1																																																																
60	eAy	eau			2	50			2	200.55	2	204.9	2	218.53							-2	222.92000000000002																																													-2	124.78	-2	131.71													-2	116.97999999999999	-2	125.1																																																																
61	OAy	oau	2	88	0	50	2	181.36	2	202.55	2	206.9	2	220.53					-2	197.9	-2	220.92000000000002																																																																																																																																
62	yyA	uua	2	90	0	50			2	204.55	2	208.9	2	222.53							-2	218.92000000000002																																																																																																																																
63	Eoo	eoo	2	92	0	50					-2	206.9	-2	220.53			2	195.72	2	199.9	2	220.92000000000002																																									-2	138.13	-2	139.29	-2	122.78	-2	129.71									-2	136.87	-2	139.69	-2	114.97999999999999	-2	123.1																																																																
64	aEu	Aeu	2	94	0	50			-2	202.55	-2	204.9	-2	218.53			2	197.72	2	201.9	2	222.92000000000002																															-2	138.16													-2	120.78	-2	127.71000000000001													-2	112.97999999999999	-2	121.1																																																																
65	iyA	iua			2	52			2	204.55	2	206.9	2	220.53							-2	220.92000000000002																																																													-2	110.97999999999999	-2	119.1																																																																
66	yyA	uua	2	96	0	52			2	206.55	2	208.9	2	222.53							-2	218.92000000000002																																																																																																																																
67	uE	ue			2	54					-2	206.9	-2	220.53			2	199.72	2	203.9	2	220.92000000000002																																																																																																																									-2	123.63999999999999	-2	126.66999999999999	-2	117.07	-2	121.44999999999999
68	yiA	uia	2	98	0	54			2	208.55	2	208.9	2	222.53							-2	218.92000000000002																																																													-2	108.97999999999999	-2	117.1																																																													-2	115.07	-2	119.44999999999999
69	uoa	yoa	2	100	0	54			-2	206.55	-2	206.9	-2	220.53							2	220.92000000000002																									-2	149.5	-2	146.34	-2	137.73	-2	136.16									-2	136.13	-2	137.29	-2	118.78	-2	125.71000000000001									-2	134.87	-2	137.69	-2	106.97999999999999	-2	115.1																																																																
70	EIu	eiu	2	102	0	54					-2	204.9	-2	218.53	2	176.0	2	201.72	2	205.9	2	222.92000000000002																																															-2	123.71000000000001													-2	104.97999999999999	-2	113.1																																																																
71	yyA	yua			2	56			2	208.55	2	206.9	2	220.53							-2	220.92000000000002																													-2	135.73	-2	134.16													-2	116.78	-2	121.71000000000001													-2	102.97999999999999	-2	111.1																																																																
72	oIE	Oie	2	104	0	56	-2	179.36	-2	206.55	-2	204.9	-2	218.53	2	178.0	2	203.72	2	207.9	2	222.92000000000002																																																																																																																																
73	yeO	yeo			2	58	2	181.36	2	208.55	2	206.9	2	220.53					-2	205.9	-2	220.92000000000002																											-2	144.34			-2	132.16									-2	134.13	-2	135.29	-2	114.78	-2	119.71000000000001									-2	132.87	-2	135.69	-2	100.97999999999999	-2	109.1																																																																
75	eAO	eao			2	60	2	183.36	2	210.55	2	208.9	2	222.53					-2	203.9	-2	218.92000000000002																																											-2	133.29	-2	112.78	-2	117.71000000000001											-2	133.69	-2	98.97999999999999	-2	107.1																																																																
77	uoI	uoi			2	62							-2	220.53	2	180.0	2	205.72	2	205.9	2	220.92000000000002																																																																																																													-2	144.47	-2	138.71													-2	113.07	-2	117.44999999999999
78	eAO	eao			2	64	2	185.36	2	212.55	2	210.9	2	222.53					-2	203.9	-2	218.92000000000002																																											-2	131.29	-2	110.78	-2	115.71000000000001											-2	131.69	-2	96.97999999999999	-2	105.1																																																																
79	auu	Auu	2	106	0	64			-2	210.55	-2	208.9	-2	220.53							2	220.92000000000002																													-2	133.73	-2	130.16													-2	108.78	-2	113.71000000000001													-2	94.97999999999999	-2	103.1																																																																
81	uIE	yie	2	108	0	64			-2	208.55	-2	206.9	-2	218.53	2	182.0	2	207.72	2	205.9	2	222.92000000000002																																																																																																																																
82	OeA	Oea			2	66			2	210.55	2	208.9	2	220.53							-2	220.92000000000002															-2	149.74															-2	128.16													-2	106.78	-2	111.71000000000001													-2	92.97999999999999	-2	101.1																																																																
83	aEu	Aeu	2	110	0	66			-2	208.55	-2	206.9	-2	218.53			2	209.72	2	207.9	2	222.92000000000002																															-2	126.16													-2	104.78	-2	109.71000000000001													-2	90.97999999999999	-2	99.1																																																																
84	AAO	Aao			2	68	2	187.36	2	210.55	2	208.9	2	220.53					-2	205.9	-2	220.92000000000002																											-2	142.34	-2	131.73	-2	124.16											-2	129.29	-2	102.78	-2	107.71000000000001											-2	129.69	-2	88.97999999999999	-2	97.1																																																																
85	uua	yua	2	112	0	68			-2	208.55	-2	206.9	-2	218.53							2	222.92000000000002																													-2	129.73	-2	122.16													-2	100.78	-2	105.71000000000001													-2	86.97999999999999	-2	95.1																																																																
86	eeO	Eeo	2	114	0	68	2	189.36	2	210.55	2	208.9	2	220.53			-2	207.72	-2	203.9	-2	220.92000000000002																																									-2	132.13	-2	127.28999999999999	-2	98.78	-2	103.71000000000001									-2	130.87	-2	127.69	-2	84.97999999999999	-2	93.1																									-2	145.28	-2	146.12	-2	146.49	-2	145.66									-2	144.28	-2	141.9	-2	142.47	-2	136.71									-2	121.63999999999999	-2	124.66999999999999	-2	111.07	-2	115.44999999999999
87	uIu	uiu			2	70							-2	218.53	2	184.0	2	209.72	2	205.9	2	222.92000000000002																																																													-2	82.97999999999999	-2	91.1																																																													-2	109.07	-2	113.44999999999999
88	AA	aa	2	116	0	70			2	212.55	2	210.9	2	220.53							-2	220.92000000000002																																																																																																																																
90	yiy	uiu	2	118	0	70			2	214.55	2	212.9	2	222.53							-2	218.92000000000002																																																													-2	80.97999999999999	-2	89.1																																																													-2	107.07	-2	111.44999999999999
91	uIo	yio	2	120	0	70			-2	212.55	-2	210.9	-2	220.53	2	186.0	2	211.72	2	207.9	2	220.92000000000002																											-2	140.34			-2	120.16											-2	125.28999999999999			-2	101.71000000000001									-2	128.87	-2	125.69	-2	78.97999999999999	-2	87.1																																																																
92	Eoa	eoa	2	122	0	70					-2	208.9	-2	218.53			2	213.72	2	209.9	2	222.92000000000002																																									-2	130.13	-2	123.28999999999999	-2	96.78	-2	99.71000000000001									-2	126.87	-2	123.69	-2	76.97999999999999	-2	85.1																																																																
94	AAe	aae	2	124	0	70			2	214.55	2	210.9	2	220.53							-2	220.92000000000002																																																																																																																									-2	119.63999999999999	-2	122.66999999999999	-2	105.07	-2	109.44999999999999
95	yOO	uoo	2	126	0	70	2	191.36	2	216.55	2	212.9	2	222.53					-2	207.9	-2	218.92000000000002																																																																																																																																
96	IIu	iiu	2	128	0	70							-2	220.53	2	188.0	2	215.72	2	209.9	2	220.92000000000002																																																													-2	74.97999999999999	-2	83.1																																																																
97	AO	Ao			2	72	2	193.36	2	218.55	2	214.9	2	222.53					-2	207.9	-2	218.92000000000002																									-2	147.5	-2	138.34	-2	127.72999999999999	-2	118.16									-2	128.13	-2	121.28999999999999	-2	94.78	-2	97.71000000000001									-2	124.87	-2	121.69	-2	72.97999999999999	-2	81.1																																																																
98	aaI	Aai	2	130	0	72			-2	216.55	-2	212.9	-2	220.53	2	190.0	2	217.72	2	209.9	2	220.92000000000002																													-2	125.72999999999999	-2	116.16													-2	92.78	-2	95.71000000000001													-2	70.97999999999999	-2	79.1																																																													-2	103.07	-2	107.44999999999999
99	AA	aa	2	132	0	72			2	218.55	2	214.9	2	222.53							-2	218.92000000000002																																																																																																																																
100	Eaa	eaa	2	134	0	72					-2	212.9	-2	220.53			2	219.72	2	211.9	2	220.92000000000002																																													-2	90.78	-2	93.71000000000001													-2	68.97999999999999	-2	77.1																																																																
102	eui	Eui	2	136	0	72					2	214.9	2	222.53			-2	217.72	-2	209.9	-2	218.92000000000002																																													2	92.78	2	95.71000000000001													2	70.97999999999999	2	79.1																															-2	143.66															-2	134.71															-2	105.44999999999999
103	EEu	eeu	2	138	0	72					-2	212.9	-2	220.53			2	219.72	2	211.9	2	220.92000000000002																																													-2	90.78	-2	93.71000000000001													-2	68.97999999999999	-2	77.1																																																																
104	oEu	Oeu	2	140	0	72	-2	191.36	-2	216.55	-2	210.9	-2	218.53			2	221.72	2	213.9	2	222.92000000000002															-2	147.74															-2	114.16													-2	88.78	-2	91.71000000000001													-2	66.97999999999999	-2	75.1																																																																
105	eey	Eeu	2	142	0	72			2	218.55	2	212.9	2	220.53			-2	219.72	-2	211.9	-2	220.92000000000002																																													-2	86.78	-2	89.71000000000001													-2	64.97999999999999	-2	73.1																									-2	143.28	-2	144.12	-2	144.49	-2	141.66									-2	142.28	-2	139.9	-2	140.47	-2	132.71									-2	117.63999999999999	-2	120.66999999999999	-2	101.07	-2	103.44999999999999
106	eOe	Eoe	2	144	0	72	2	193.36	2	220.55	2	214.9	2	222.53			-2	217.72	-2	209.9	-2	218.92000000000002																																																																																											-2	142.12			-2	139.66									-2	140.28	-2	137.9	-2	138.47	-2	130.71									-2	115.63999999999999	-2	118.66999999999999	-2	99.07	-2	101.44999999999999
107	uaa	yaa	2	146	0	72			-2	218.55	-2	212.9	-2	220.53							2	220.92000000000002																													-2	123.72999999999999	-2	112.16													-2	84.78	-2	87.71000000000001													-2	62.97999999999999	-2	71.1																																																																
108	uuu	yuu	2	148	0	72			-2	216.55	-2	210.9	-2	218.53							2	222.92000000000002																													-2	121.72999999999999	-2	110.16													-2	82.78	-2	85.71000000000001													-2	60.97999999999999	-2	69.1																																																																
109	Oi	oi	2	150	0	72	2	195.36	2	218.55	2	212.9	2	220.53					-2	207.9	-2	220.92000000000002																																																																																																													-2	136.47	-2	128.71													-2	97.07	-2	99.44999999999999
110	eyy	euu			2	74			2	220.55	2	214.9	2	222.53							-2	218.92000000000002																																													-2	80.78	-2	83.71000000000001													-2	58.97999999999999	-2	67.1																																																																
113	Eo	eo	2	152	0	74					-2	212.9	-2	220.53			2	219.72	2	209.9	2	220.92000000000002																																									-2	126.13	-2	119.28999999999999	-2	78.78	-2	81.71000000000001									-2	122.87	-2	119.69	-2	56.97999999999999	-2	65.1																																																																
114	AOA	Aoa			2	76	2	197.36	2	222.55	2	214.9	2	222.53					-2	207.9	-2	218.92000000000002																									-2	145.5	-2	136.34	-2	119.72999999999999	-2	108.16									-2	124.13	-2	117.28999999999999	-2	76.78	-2	79.71000000000001									-2	120.87	-2	117.69	-2	54.97999999999999	-2	63.099999999999994																																																																
115	IuI	iui	2	154	0	76							-2	220.53	2	192.0	2	221.72	2	209.9	2	220.92000000000002																																																													-2	52.97999999999999	-2	61.099999999999994																																																													-2	95.07	-2	97.44999999999999
116	ieA	iea			2	78			2	224.55	2	216.9	2	222.53							-2	218.92000000000002																																													-2	74.78	-2	77.71000000000001													-2	50.97999999999999	-2	59.099999999999994																																																																
117	oEo	Oeo	2	156	0	78	-2	195.36	-2	222.55	-2	214.9	-2	220.53			2	223.72	2	211.9	2	220.92000000000002											-2	147.94			-2	145.74											-2	134.34			-2	106.16									-2	122.13	-2	115.28999999999999	-2	72.78	-2	75.71000000000001									-2	118.87	-2	115.69	-2	48.97999999999999	-2	57.099999999999994																																																																
119	oeu	Oeu	2	158	0	78	-2	193.36	-2	220.55	-2	212.9	-2	218.53					2	213.9	2	222.92000000000002															-2	143.74															-2	104.16																																																																									2	142.28	2	139.9	2	138.47	2	130.71									2	117.63999999999999	2	120.66999999999999	2	97.07	2	99.44999999999999
120	eyy	euu			2	80			2	222.55	2	214.9	2	220.53							-2	220.92000000000002																																													-2	70.78	-2	73.71000000000001													-2	46.97999999999999	-2	55.099999999999994																																																																
123	euo	Euo	2	160	0	80					2	216.9	2	222.53			-2	221.72	-2	211.9	-2	218.92000000000002																																											2	117.28999999999999	2	72.78	2	75.71000000000001											2	117.69	2	48.97999999999999	2	57.099999999999994																																																																
125	aIE	aie			2	82					-2	214.9	-2	220.53	2	194.0	2	223.72	2	213.9	2	220.92000000000002																																																																																																																											-2	118.66999999999999	-2	95.07	-2	97.44999999999999
127	auI	aui			2	84							-2	218.53	2	196.0	2	225.72	2	215.9	2	222.92000000000002																																																																																																																													-2	93.07	-2	95.44999999999999
128	Oyi	Oui			2	86			2	224.55	2	216.9	2	220.53							-2	220.92000000000002													-2	149.17	-2	141.74													-2	117.72999999999999	-2	102.16													-2	70.78	-2	73.71000000000001													-2	46.97999999999999	-2	55.099999999999994																																																													-2	91.07	-2	93.44999999999999
130	ea	Ea	2	162	0	86					2	218.9	2	222.53			-2	223.72	-2	213.9	-2	218.92000000000002																																													2	72.78	2	75.71000000000001													2	48.97999999999999	2	57.099999999999994																																																																
131	uua	yua	2	164	0	86			-2	222.55	-2	216.9	-2	220.53							2	220.92000000000002																													-2	115.72999999999999	-2	100.16													-2	70.78	-2	73.71000000000001													-2	46.97999999999999	-2	55.099999999999994																																																																
132	aa	Aa	2	166	0	86			-2	220.55	-2	214.9	-2	218.53							2	222.92000000000002																													-2	113.72999999999999	-2	98.16													-2	68.78	-2	71.71000000000001													-2	44.97999999999999	-2	53.099999999999994																																																																
133	AAi	Aai			2	88			2	222.55	2	216.9	2	220.53							-2	220.92000000000002																													-2	111.72999999999999	-2	96.16													-2	66.78	-2	69.71000000000001													-2	42.97999999999999	-2	51.099999999999994																																																													-2	89.07	-2	91.44999999999999
134	uao	yao	2	168	0	88			-2	220.55	-2	214.9	-2	218.53							2	222.92000000000002																											-2	132.34	-2	109.72999999999999	-2	94.16											-2	115.28999999999999	-2	64.78	-2	67.71000000000001											-2	115.69	-2	40.97999999999999	-2	49.099999999999994																																																																
135	yAy	uau	2	170	0	88			2	222.55	2	216.9	2	220.53							-2	220.92000000000002																																																																																																																																
137	yOi	yoi			2	90	2	195.36	2	224.55	2	218.9	2	222.53					-2	211.9	-2	218.92000000000002																									-2	143.5	-2	130.34	-2	107.72999999999999	-2	92.16									-2	120.13	-2	113.28999999999999	-2	62.78	-2	65.71000000000001									-2	116.87	-2	113.69	-2	38.97999999999999	-2	47.099999999999994																																													-2	136.47	-2	128.71													-2	87.07	-2	89.44999999999999
138	uae	yae	2	172	0	90			-2	222.55	-2	216.9	-2	220.53							2	220.92000000000002																													-2	105.72999999999999	-2	90.16													-2	60.78	-2	63.71000000000001													-2	36.97999999999999	-2	45.099999999999994																																																											2	120.66999999999999			2	91.44999999999999
139	oua	Oua	2	174	0	90	-2	193.36	-2	220.55	-2	214.9	-2	218.53					2	213.9	2	222.92000000000002													-2	147.17	-2	139.74													-2	103.72999999999999	-2	88.16													-2	58.78	-2	61.71000000000001													-2	34.97999999999999	-2	43.099999999999994																																																																
140	Oiy	Oiu			2	92			2	222.55	2	216.9	2	220.53							-2	220.92000000000002															-2	137.74															-2	86.16															-2	59.71000000000001													-2	32.97999999999999	-2	41.099999999999994																																																																
144	Oyy	ouu	2	176	0	92	2	195.36	2	224.55	2	218.9	2	222.53					-2	211.9	-2	218.92000000000002																																																																																																																																
145	eiu	Eiu	2	178	0	92					2	220.9	2	224.53			-2	221.72	-2	209.9	-2	216.92000000000002																																															2	61.71000000000001																																													-2	142.49	-2	137.66													-2	134.47	-2	126.71000000000001													-2	85.07	-2	89.44999999999999
147	oEo	oeo			2	94					-2	218.9	-2	222.53			2	223.72	2	211.9	2	218.92000000000002																																									-2	118.13	-2	111.28999999999999	-2	56.78	-2	59.71000000000001									-2	114.87	-2	111.69	-2	30.97999999999999	-2	39.099999999999994																																									-2	140.28	-2	137.9	-2	132.47	-2	124.71000000000001									-2	115.63999999999999	-2	118.66999999999999	-2	83.07	-2	87.44999999999999
149	EuE	Eue			2	96					-2	216.9	-2	220.53			2	225.72	2	213.9	2	220.92000000000002																																																																																											-2	140.12			-2	135.66											-2	135.9			-2	122.71000000000001									-2	113.63999999999999	-2	116.66999999999999	-2	81.07	-2	85.44999999999999
153	yi	ui	2	180	0	96			2	226.55	2	218.9	2	222.53							-2	218.92000000000002																																																																																																																													-2	79.07	-2	83.44999999999999
155	oei	Oei	2	182	0	96	-2	193.36	-2	224.55	-2	216.9	-2	220.53					2	215.9	2	220.92000000000002																																																																																																									2	142.28	2	137.9	2	134.47	2	124.71000000000001									2	115.63999999999999	2	118.66999999999999	2	81.07	2	85.44999999999999
157	aui	Aui	2	184	0	96			-2	222.55	-2	214.9	-2	218.53							2	222.92000000000002																													-2	101.72999999999999	-2	84.16													-2	54.78	-2	57.71000000000001													-2	28.97999999999999	-2	37.099999999999994																																																															2	87.44999999999999
158	aei	Aei	2	186	0	96			-2	220.55	-2	212.9	-2	216.53							2	224.92000000000002																																																																																																																									2	117.63999999999999	2	120.66999999999999	2	83.07	2	89.44999999999999
159	eiO	Eio	2	188	0	96	2	195.36	2	222.55	2	214.9	2	218.53			-2	223.72	-2	213.9	-2	222.92000000000002																																																									-2	112.87	-2	109.69	-2	26.97999999999999	-2	35.099999999999994																													-2	140.49	-2	133.66													-2	132.47	-2	122.71000000000001													-2	81.07	-2	87.44999999999999
163	yie	uie	2	190	0	96			2	224.55	2	216.9	2	220.53							-2	220.92000000000002																																																																																																																											-2	118.66999999999999	-2	79.07	-2	85.44999999999999
164	ao	Ao	2	192	0	96			-2	222.55	-2	214.9	-2	218.53							2	222.92000000000002																									-2	141.5	-2	128.34	-2	99.72999999999999	-2	82.16									-2	116.13	-2	109.28999999999999	-2	52.78	-2	55.71000000000001									-2	110.87	-2	107.69	-2	24.97999999999999	-2	33.099999999999994																																																																
166	Oy	ou	2	194	0	96	2	197.36	2	224.55	2	216.9	2	220.53					-2	211.9	-2	220.92000000000002																																																																																																																																
167	uau	yau	2	196	0	96			-2	222.55	-2	214.9	-2	218.53							2	222.92000000000002																													-2	97.72999999999999	-2	80.16													-2	50.78	-2	53.71000000000001													-2	22.97999999999999	-2	31.099999999999994																																																																
170	eei	Eei	2	198	0	96					2	216.9	2	220.53			-2	221.72	-2	209.9	-2	220.92000000000002																																																																																									-2	141.28	-2	138.12	-2	138.49	-2	131.66									-2	140.28	-2	135.9	-2	130.47	-2	120.71000000000001									-2	115.63999999999999	-2	116.66999999999999	-2	77.07	-2	83.44999999999999
172	eOy	eou			2	98	2	199.36	2	224.55	2	218.9	2	222.53					-2	207.9	-2	218.92000000000002																																									-2	114.13	-2	107.28999999999999	-2	48.78	-2	51.71000000000001									-2	108.87	-2	105.69	-2	20.97999999999999	-2	29.099999999999994																																																																
174	EEE	Eee			2	100					-2	216.9	-2	220.53			2	223.72	2	209.9	2	220.92000000000002																																																																																									-2	139.28	-2	136.12	-2	136.49	-2	129.66									-2	138.28	-2	133.9	-2	128.47	-2	118.71000000000001									-2	113.63999999999999	-2	114.66999999999999	-2	75.07	-2	81.44999999999999
175	oao	Oao	2	200	0	100	-2	197.36	-2	222.55	-2	214.9	-2	218.53					2	211.9	2	222.92000000000002											-2	145.94	-2	145.17	-2	135.74											-2	126.34	-2	95.72999999999999	-2	78.16											-2	105.28999999999999	-2	46.78	-2	49.71000000000001											-2	103.69	-2	18.97999999999999	-2	27.099999999999994																																																																
176	AO	Ao			2	102	2	199.36	2	224.55	2	216.9	2	220.53					-2	209.9	-2	220.92000000000002																									-2	139.5	-2	124.34	-2	93.72999999999999	-2	76.16									-2	112.13	-2	103.28999999999999	-2	44.78	-2	47.71000000000001									-2	106.87	-2	101.69	-2	16.97999999999999	-2	25.099999999999994																																																																
177	ei	Ei	2	202	0	102					2	218.9	2	222.53			-2	221.72	-2	207.9	-2	218.92000000000002																																																																																													-2	134.49	-2	127.66													-2	126.47	-2	116.71000000000001													-2	73.07	-2	79.44999999999999
178	eiu	Eiu	2	204	0	102					2	220.9	2	224.53			-2	219.72	-2	205.9	-2	216.92000000000002																																															2	49.71000000000001																																													-2	132.49	-2	125.66													-2	124.47	-2	114.71000000000001													-2	71.07	-2	77.44999999999999
179	IEE	iee	2	206	0	102					-2	218.9	-2	222.53	2	198.0	2	221.72	2	207.9	2	218.92000000000002																																																																																																																																
180	aE	Ae	2	208	0	102			-2	222.55	-2	216.9	-2	220.53			2	223.72	2	209.9	2	220.92000000000002																																																																																																																																
182	eue	Eue	2	210	0	102					2	218.9	2	222.53			-2	221.72	-2	207.9	-2	218.92000000000002																																													2	46.78	2	51.71000000000001													2	18.97999999999999	2	27.099999999999994																											-2	134.12			-2	123.66											-2	131.9			-2	112.71000000000001											-2	112.66999999999999			-2	75.44999999999999
183	uI	ui			2	104							-2	220.53	2	200.0	2	223.72	2	209.9	2	220.92000000000002																																																																																																																													-2	69.07	-2	73.44999999999999
184	oii	Oii	2	212	0	104	-2	197.36	-2	220.55	-2	216.9	-2	218.53					2	211.9	2	222.92000000000002																																																																																																													2	126.47	2	114.71000000000001													2	71.07	2	75.44999999999999
185	eyy	Euu	2	214	0	104			2	222.55	2	218.9	2	220.53			-2	221.72	-2	209.9	-2	220.92000000000002																																																																																																																																
187	aoo	Aoo	2	216	0	104			-2	220.55	-2	216.9	-2	218.53							2	222.92000000000002																									-2	137.5	-2	122.34	-2	91.72999999999999	-2	74.16									-2	110.13	-2	101.28999999999999	-2	44.78	-2	49.71000000000001									-2	104.87	-2	99.69	-2	16.97999999999999	-2	25.099999999999994																																																																
188	Ai	ai	2	218	0	104			2	222.55	2	218.9	2	220.53							-2	220.92000000000002																																																																																																																													-2	69.07	-2	73.44999999999999
190	uao	yao	2	220	0	104			-2	220.55	-2	216.9	-2	218.53							2	222.92000000000002																											-2	120.34	-2	89.72999999999999	-2	72.16											-2	99.28999999999999	-2	42.78	-2	47.71000000000001											-2	97.69	-2	14.97999999999999	-2	23.099999999999994																																																																
191	yAy	uau	2	222	0	104			2	222.55	2	218.9	2	220.53							-2	220.92000000000002																																																																																																																																
192	EEE	eee	2	224	0	104					-2	216.9	-2	218.53			2	223.72	2	211.9	2	222.92000000000002																																																																																																																																
193	yAi	yai			2	106			2	224.55	2	218.9	2	220.53							-2	220.92000000000002																													-2	87.72999999999999	-2	70.16													-2	40.78	-2	45.71000000000001													-2	12.97999999999999	-2	21.099999999999994																																																													-2	67.07	-2	71.44999999999999
195	ou	Ou	2	226	0	106	-2	195.36	-2	222.55	-2	216.9	-2	218.53					2	213.9	2	222.92000000000002													-2	143.17	-2	133.74													-2	85.72999999999999	-2	68.16													-2	38.78	-2	43.71000000000001													-2	10.97999999999999	-2	19.099999999999994																																																																
197	oiy	oiu			2	108			2	224.55	2	218.9	2	220.53							-2	220.92000000000002																																																													-2	8.97999999999999	-2	17.099999999999994																																							2	152.0			2	133.9											2	152.0			2	114.66999999999999				
201	Ayi	Aui			2	110			2	226.55	2	220.9	2	222.53							-2	218.92000000000002																													-2	83.72999999999999	-2	66.16													-2	36.78	-2	41.71000000000001													-2	6.97999999999999	-2	15.099999999999994																																																													-2	65.07	-2	69.44999999999999
207	ooa	Ooa	2	228	0	110	-2	193.36	-2	224.55	-2	218.9	-2	220.53					2	215.9	2	220.92000000000002									-2	149.12	-2	143.94	-2	141.17	-2	131.74									-2	135.5	-2	118.34	-2	81.72999999999999	-2	64.16									-2	108.13	-2	97.28999999999999	-2	34.78	-2	39.71000000000001									-2	102.87	-2	95.69	-2	4.97999999999999	-2	13.099999999999994																																																																
212	AIu	Aiu			2	112							-2	218.53	2	202.0	2	225.72	2	217.9	2	222.92000000000002																	2	152.0	2	152.0	2	152.0	2	152.0	2	137.5	2	120.34	2	83.72999999999999	2	66.16	2	152.0	2	152.0	2	152.0	2	152.0	2	110.13	2	99.28999999999999	2	36.78	2	41.71000000000001	2	152.0	2	152.0	2	152.0	2	152.0	2	104.87	2	97.69			2	15.099999999999994																																																																
213	yOA	yoa			2	114	2	195.36	2	226.55	2	220.9	2	220.53					-2	215.9	-2	220.92000000000002																									-2	135.5	-2	118.34	-2	81.72999999999999	-2	64.16									-2	108.13	-2	97.28999999999999	-2	34.78	-2	39.71000000000001									-2	102.87	-2	95.69	-2	2.9799999999999898	-2	13.099999999999994																																																																
214	ae	Ae	2	230	0	114			-2	224.55	-2	218.9	-2	218.53							2	222.92000000000002																																																																																																																									2	115.63999999999999	2	116.66999999999999	2	67.07	2	71.44999999999999
216	uiO	uio			2	116	2	197.36	2	226.55	2	220.9	2	220.53					-2	213.9	-2	220.92000000000002																																																									-2	100.87	-2	93.69	-2	0.9799999999999898	-2	11.099999999999994																																																			2	152.0			2	154.0			2	118.66999999999999				
230	aoe	Aoe	2	232	0	116			-2	224.55	-2	218.9	-2	218.53							2	222.92000000000002																									-2	133.5	-2	116.34	-2	79.72999999999999	-2	62.16									-2	106.13	-2	95.28999999999999	-2	32.78	-2	37.71000000000001									-2	98.87	-2	91.69	-2	-1.0200000000000102	-2	9.099999999999994																																																											2	120.66999999999999			2	73.44999999999999
235	ayi	aui			2	118			2	226.55	2	220.9	2	220.53							-2	220.92000000000002																																																																																																																					2	152.0	2	156.0	2	117.63999999999999	2	122.66999999999999			-2	71.44999999999999
242	uoi	yoi	2	234	0	118			-2	224.55	-2	218.9	-2	218.53							2	222.92000000000002																									-2	131.5	-2	114.34	-2	77.72999999999999	-2	60.16									-2	104.13	-2	93.28999999999999	-2	30.78	-2	35.71000000000001									-2	96.87	-2	89.69	-2	-3.0200000000000102	-2	7.099999999999994																																																															2	73.44999999999999
247	oyO	ouo			2	120	2	199.36	2	226.55	2	220.9	2	220.53					-2	211.9	-2	220.92000000000002																																																																																																			2	152.0	2	152.0	2	154.0	2	140.28	2	135.9	2	128.47	2	116.71000000000001			2	154.0	2	154.0	2	158.0	2	119.63999999999999	2	124.66999999999999	2	69.07	2	75.44999999999999
262	EIu	Eiu			2	122							-2	218.53	2	204.0	2	227.72	2	213.9	2	222.92000000000002																																																													-2	-5.02000000000001	-2	5.099999999999994																													-2	130.49	-2	121.66													-2	126.47	-2	114.71000000000001													-2	67.07	-2	73.44999999999999
264	iyy	iuu			2	124			2	228.55	2	222.9	2	220.53							-2	220.92000000000002																																																													-2	-7.02000000000001	-2	3.0999999999999943																																																																
278	ioE	ioe			2	126					-2	220.9	-2	218.53			2	229.72	2	215.9	2	222.92000000000002																																																							2	154.0			2	91.69			2	5.099999999999994																																									-2	138.28	-2	133.9	-2	124.47	-2	112.71000000000001									-2	117.63999999999999	-2	122.66999999999999	-2	65.07	-2	71.44999999999999
285	uae	yae	2	236	0	126			-2	226.55	-2	218.9	-2	216.53							2	224.92000000000002																													-2	75.72999999999999	-2	58.16													-2	28.78	-2	33.71000000000001													-2	-9.02000000000001	-2	3.0999999999999943																																																											2	124.66999999999999			2	73.44999999999999
286	oy	ou			2	128			2	228.55	2	220.9	2	218.53							-2	222.92000000000002																																																																																																					2	154.0	2	156.0	2	140.28	2	135.9	2	126.47	2	114.71000000000001					2	156.0	2	160.0	2	119.63999999999999	2	126.66999999999999	2	67.07	2	75.44999999999999
290	aOO	aoo			2	130	2	201.36	2	230.55	2	222.9	2	220.53					-2	213.9	-2	220.92000000000002																																																																																																																	2	152.0	2	156.0	2	158.0	2	162.0	2	121.63999999999999	2	128.67	2	69.07	2	77.44999999999999
355	eai	Eai	2	238	0	130					2	224.9	2	222.53			-2	227.72	-2	211.9	-2	218.92000000000002																																													2	30.78	2	35.71000000000001													2	-7.02000000000001	2	5.099999999999994																															-2	119.66															-2	112.71000000000001															-2	75.44999999999999
365	EEo	Eeo			2	132					-2	222.9	-2	220.53			2	229.72	2	213.9	2	220.92000000000002																																									-2	102.13	-2	91.28999999999999	-2	28.78	-2	33.71000000000001									-2	94.87	-2	89.69	-2	-9.02000000000001	-2	3.0999999999999943																									-2	137.28	-2	132.12	-2	128.49	-2	117.66									-2	138.28	-2	133.9	-2	124.47	-2	110.71000000000001									-2	119.63999999999999	-2	126.66999999999999	-2	67.07	-2	73.44999999999999
559	uei	yei	2	240	0	132			-2	228.55	-2	220.9	-2	218.53							2	222.92000000000002																																																																																																																									2	121.63999999999999	2	128.67	2	69.07	2	75.44999999999999
658	iiA	iia			2	134			2	230.55	2	222.9	2	220.53							-2	220.92000000000002																																																													-2	-11.02000000000001	-2	1.0999999999999943																																																																
830	AaE	Aae			2	136					-2	220.9	-2	218.53			2	231.72	2	215.9	2	222.92000000000002																							2	154.0			2	116.34			2	60.16							2	154.0			2	93.28999999999999			2	35.71000000000001							2	156.0			2	91.69			2	3.0999999999999943																																																									-2	119.63999999999999	-2	126.66999999999999	-2	67.07	-2	73.44999999999999
949	iyA	iua			2	138			2	232.55	2	222.9	2	220.53							-2	220.92000000000002																																																													-2	-13.02000000000001	-2	1.0999999999999943																																																																
1072	uiE	uie			2	140					-2	220.9	-2	218.53			2	233.72	2	217.9	2	222.92000000000002																																																					2	154.0	2	158.0	2	96.87	2	93.69	2	-11.02000000000001	2	3.0999999999999943																																																											-2	124.66999999999999				
1095	uu	yu	2	242	0	140			-2	230.55	-2	218.9	-2	216.53							2	224.92000000000002																													-2	73.72999999999999	-2	58.16													-2	26.78	-2	33.71000000000001													-2	-13.02000000000001	-2	1.0999999999999943																																																																
1154	Eyy	Euu			2	142			2	232.55	2	220.9	2	218.53							-2	222.92000000000002																																																																																					2	152.0	2	152.0	2	139.28	2	134.12	2	130.49	2	119.66					2	156.0	2	158.0	2	140.28	2	135.9	2	126.47	2	112.71000000000001					2	160.0	2	164.0	2	121.63999999999999	2	126.66999999999999	2	69.07	2	75.44999999999999
1381	oei	Oei	2	244	0	142	-2	199.36	-2	230.55	-2	218.9	-2	216.53					2	219.9	2	224.92000000000002																																																																																																									2	142.28	2	137.9	2	128.47	2	114.71000000000001									2	123.63999999999999	2	128.67	2	71.07	2	77.44999999999999
1494	aOO	aoo			2	144	2	201.36	2	232.55	2	220.9	2	218.53					-2	217.9	-2	222.92000000000002																																																																																																																	2	154.0	2	158.0	2	162.0	2	166.0	2	125.63999999999999	2	130.67	2	73.07	2	79.44999999999999
7743	Eiy	Eiu			0.2	144.2			0.2	232.75	0.2	221.1	0.2	218.73							-0.2	222.72000000000003																																																													-0.2	-13.22000000000001	-0.2	0.8999999999999944																							0.2	152.2			0.2	134.32											0.2	158.2			0.2	138.1											0.2	166.2			0.2	130.86999999999998				
8358	AAe	Aae			0.2	144.39999999999998			0.2	232.95	0.2	221.29999999999998	0.2	218.92999999999998							-0.2	222.52000000000004																													-0.2	73.52999999999999	-0.2	57.959999999999994													-0.2	26.580000000000002	-0.2	33.510000000000005													-0.2	-13.420000000000009	-0.2	0.6999999999999944																																																									-0.2	125.43999999999998	-0.2	130.67	-0.2	72.86999999999999	-0.2	79.24999999999999
8427	iiy	iiu			0.2	144.59999999999997			0.2	233.14999999999998	0.2	221.49999999999997	0.2	219.12999999999997							-0.2	222.32000000000005																																																													-0.2	-13.620000000000008	-0.2	0.4999999999999944																																																																
13923	iiy	iiu			0.02	144.61999999999998			0.02	233.17	0.02	221.51999999999998	0.02	219.14999999999998							-0.02	222.30000000000004																																																													-0.02	-13.640000000000008	-0.02	0.4799999999999944																																																																
TOTAL				244		144.61999999999998		201.36		233.17		221.51999999999998		219.14999999999998		204.0		233.72		217.9		222.30000000000004		150.0		150.0		150.0		150.0		149.12		143.94		141.17		131.74		152.0		152.0		152.0		154.0		131.5		116.34		73.52999999999999		57.959999999999994		152.0		152.0		152.0		154.0		102.13		93.28999999999999		26.580000000000002		33.510000000000005		152.0		152.0		154.0		158.0		96.87		93.69		-13.640000000000008		0.4799999999999944		150.0		150.0		150.0		150.0		150.0		150.0		150.0		150.0		150.0		150.0		152.0		152.2		139.28		134.32		130.49		119.66		150.0		152.0		156.0		158.2		142.28		138.1		128.47		114.71000000000001		154.0		158.0		162.0		166.2		125.43999999999998		130.67		72.86999999999999		79.24999999999999
