trialnum	Generated	Heard	Id(Bk)Syl1	now	Id(Bk)	now	*F1	now	*F3	now	*F4	now	*F5	now	*B1	now	*B2	now	*B3	now	*B5	now	*F1_B1	now	*F1..._B1	now	*F1_B2	now	*F1..._B2	now	*F1_B3	now	*F1..._B3	now	*F1_B5	now	*F1..._B5	now	*F3_B1	now	*F3..._B1	now	*F3_B2	now	*F3..._B2	now	*F3_B3	now	*F3..._B3	now	*F3_B5	now	*F3..._B5	now	*F4_B1	now	*F4..._B1	now	*F4_B2	now	*F4..._B2	now	*F4_B3	now	*F4..._B3	now	*F4_B5	now	*F4..._B5	now	*F5_B1	now	*F5..._B1	now	*F5_B2	now	*F5..._B2	now	*F5_B3	now	*F5..._B3	now	*F5_B5	now	*F5..._B5	now	*_B1F1	now	*_B1...F1	now	*_B1F3	now	*_B1...F3	now	*_B1F4	now	*_B1...F4	now	*_B1F5	now	*_B1...F5	now	*_B2F1	now	*_B2...F1	now	*_B2F3	now	*_B2...F3	now	*_B2F4	now	*_B2...F4	now	*_B2F5	now	*_B2...F5	now	*_B3F1	now	*_B3...F1	now	*_B3F3	now	*_B3...F3	now	*_B3F4	now	*_B3...F4	now	*_B3F5	now	*_B3...F5	now	*_B5F1	now	*_B5...F1	now	*_B5F3	now	*_B5...F3	now	*_B5F4	now	*_B5...F4	now	*_B5F5	now	*_B5...F5	now
				0		0		100		100		100		100		100		100		100		100		100		100		100		100		100		100		100		100		100		100		100		100		100		100		100		100		100		100		100		100		100		100		100		100		100		100		100		100		100		100		100		100		100		100		100		100		100		100		100		100		100		100		100		100		100		100		100		100		100		100		100		100		100		100		100		100		100		100		100		100		100		100		100		100
0	Apriori	Id(Bk)Syl1>>Id(Bk)	30	30																																																																																																																																																		
1	Euu	euu	2	32	2	2					-2	98	-2	98			2	102	2	102	2	102																																													-2	98	-2	98													-2	98	-2	98																																																																
2	Aey	Aeu			2	4			2	102	2	100	2	100							-2	100																															-2	98													0	98	0	98													0	98	0	98																																																																
2	Apriori	Id(Bk)Syl1>>Id(Bk)	2	34																																																																																																																																																			
4	Oiu	oiu	2	36	2	6	2	102	2	104	2	102	2	102					-2	100	0	100															2	102															2	100															2	100																																																													0	100	0	100													0	100	0	100
6	ouo	Ouo	2	38	2	8	-2	100	-2	102	-2	100	-2	100					2	102	2	102											-2	98	-2	98	-2	100											-2	98	-2	98	-2	98											-2	98	0	98	-2	98											-2	98	0	98	0	98																																																																
7	Ai	ai	2	40	2	10			2	104	2	102	2	102							-2	100																																																																																																																													0	100	0	100
8	aI	Ai	2	42	2	12			-2	102	-2	100	-2	100	2	102	2	104	2	104	2	102																																																																																																																																
11	ue	ye	2	44	2	14			-2	100	0	100	0	100							2	104																																																																																																																									2	102	2	102	2	102	2	102
12	Oyy	ouu	2	46	2	16	2	102	2	102	2	102	2	102					-2	102	-2	102																																																																																																																																
13	AAO	aao	2	48	2	18	2	104	2	104	2	104	2	104					-2	100	-2	100																																																																																																																																
19	aEo	Aeo	2	50	2	20			-2	102	-2	102	-2	102			2	106	2	102	2	102																											0	98			0	98									0	100	0	98	0	98	0	98									0	100	0	98	0	98	0	98																																																																
20	oua	Oua	2	52	2	22	-2	102	-2	100	-2	100	-2	100					2	104	2	104													0	98	0	100													0	98	0	98													0	98	0	98													0	98	0	98																																																																
22	Aye	Aue			2	24			2	102	2	102	2	102							-2	102																													0	98	0	98													0	98	0	98													0	98	0	98																																																									-2	100	-2	100	-2	100	-2	100
22	Apriori	Id(Bk)Syl1>>Id(Bk)	2	54																																																																																																																																																			
23	oee	Oee	2	56	2	26	0	102	0	102	0	102	0	102					2	106	2	104																																																																																																									2	102	2	102	2	102	2	102									2	102	2	102	2	102	2	102
24	OiO	oio	2	58	2	28	2	104	2	104	2	104	2	104					-2	104	-2	102																																																									0	100	0	98	0	98	0	98																																													-2	100	-2	100													-2	100	-2	100
26	eii	Eii	2	60	2	30					2	106	2	106			-2	104	-2	102	0	102																																																																																													0	100	0	100													0	100	0	100													0	100	0	100
27	Euo	euo	2	62	2	32					-2	104	-2	104			2	106	2	104	2	104																																											0	98	0	98	0	98											0	98	0	98	0	98																																																																
29	Euo	euo	2	64	2	34					0	104	0	104			2	108	2	106	2	106																																											0	98	0	98	0	98											0	98	0	98	0	98																																																																
30	OAO	Oao			2	36	2	106	2	106	2	106	2	106					-2	104	-2	104											0	98	0	98	0	100											0	98	0	98	0	98											0	98	0	98	0	98											0	98	0	98	0	98																																																																
30	Apriori	Id(Bk)Syl1>>Id(Bk)	2	66																																																																																																																																																			
31	oia	Oia	2	68	2	38	-2	104	-2	104	-2	104	-2	104					2	106	2	106															0	100															0	98															0	98																																																													2	102	2	102													2	102	2	102
33	AAO	aao	2	70	2	40	2	106	2	106	2	106	2	106					-2	104	-2	104																																																																																																																																
34	ae	Ae	2	72	2	42			-2	104	-2	104	-2	104							2	106																																																																																																																									2	104	2	104	2	104	2	104
35	Oye	oue	2	74	2	44	2	108	2	106	2	106	2	106					0	104	-2	104																																																																																																											0	102			0	102									0	104	0	104	0	104	0	104
36	aE	Ae	2	76	2	46			0	106	0	106	0	106			2	110	2	106	2	106																																																																																																																																
37	iy	iu			2	48			2	108	2	108	2	108							-2	104																																																													0	98	0	98																																																																
37	Apriori	Id(Bk)Syl1>>Id(Bk)	2	78																																																																																																																																																			
39	eu	Eu	2	80	2	50					2	110	2	110			-2	108	0	106	0	104																																													2	100	2	100													2	100	2	100																																																																
40	aoa	Aoa	2	82	2	52			-2	106	-2	108	-2	108							2	106																									0	100	0	98	0	98	0	98									0	100	0	98	0	100	0	100									0	100	0	98	0	100	0	100																																																																
42	EIE	Eie			2	54					-2	106	-2	106	2	104	2	110	2	108	2	108																																																																																											0	100	0	100	0	100											0	102	0	102	0	102											0	104	0	104	0	104
42	Apriori	Id(Bk)Syl1>>Id(Bk)	2	84																																																																																																																																																			
43	Ayi	Aui			2	56			2	108	2	108	2	108							-2	106																													0	98	0	98													0	100	0	100													0	100	0	100																																																													0	104	0	104
43	Apriori	Id(Bk)Syl1>>Id(Bk)	2	86																																																																																																																																																			
44	ua	ya	2	88	2	58			-2	106	-2	106	-2	106							2	108																													0	98	0	98													0	100	0	100													0	100	0	100																																																																
47	oAi	Oai	2	90	2	60	-2	106											2	110															0	98	0	100													0	98	0	98													0	100	0	100													0	100	0	100																																					2	102	2	102	2	104	2	104	2	104	2	104					2	102	2	102	2	106	2	106				
48	eu	Eu	2	92	2	62					2	108	2	108			-2	108	-2	108	-2	106																																													2	102	2	102													2	102	2	102																																																																
49	oaE	Oae	2	94	2	64	0	106	0	106	-2	106	-2	106			2	110	2	110	2	108													0	98	0	100													0	98	0	98													0	102	0	102													0	102	0	102																																																									0	106	0	106	0	104	0	104
51	iOi	ioi			2	66	2	108	2	108	2	108	2	108					-2	108	-2	106																																																									0	100	0	98	0	102	0	102																																													0	104	0	104													0	104	0	104
51	Apriori	Id(Bk)Syl1>>Id(Bk)	2	96																																																																																																																																																			
55	oaa	Oaa	2	98	2	68	-2	106	-2	106	-2	106	-2	106					2	110	2	108													0	98	0	100													0	98	0	98													0	102	0	102													0	102	0	102																																																																
56	iiA	iia			2	70			2	108	2	108	2	108							-2	106																																																													0	102	0	102																																																																
56	Apriori	Id(Bk)Syl1>>Id(Bk)	2	100																																																																																																																																																			
57	aeo	Aeo	2	102	2	72			-2	106	-2	106	-2	106							2	108																											0	98			0	98																																																																																									2	108	2	108	2	106	2	106
58	yO	uo	2	104	2	74	2	108	2	108	2	108	2	108					-2	108	-2	106																																																																																																																																
59	EEE	Eee			2	76					0	108	0	108			2	112	2	110	2	108																																																																																									0	100	0	100	0	100	0	100									0	104	0	104	0	104	0	104									0	108	0	108	0	106	0	106
59	Apriori	Id(Bk)Syl1>>Id(Bk)	2	106																																																																																																																																																			
60	eoo	Eoo	2	108	2	78					2	110	2	110			-2	110	-2	108	-2	106																																									2	102	2	100	2	104	2	104									2	102	2	100	2	104	2	104																																																																
63	uou	you	2	110	2	80			-2	106	-2	108	-2	108							2	108																									0	100	0	98	0	98	0	98									0	102	0	100	0	104	0	104									0	102	0	100	0	104	0	104																																																																
65	oaa	Oaa	2	112	2	82	0	108	0	106	0	108	0	108					2	110	2	110													0	98	0	100													0	98	0	98													0	104	0	104													0	104	0	104																																																																
66	yee	uee	2	114	2	84			2	108	2	110	2	110							0	110																																																																																																																									0	108	0	108	0	106	0	106
67	uAy	uau			2	86			2	110	2	112	2	112							-2	108																																																																																																																					2	104	2	104	2	110	2	110	2	108	2	108
67	Apriori	Id(Bk)Syl1>>Id(Bk)	2	116																																																																																																																																																			
70	yuO	yuo			2	88	2	110	2	112	2	114	2	114					0	110	0	108																											0	98			0	98											0	100			0	104											0	100			0	104																																																	2	102	2	102	2	106	2	106	2	112	2	112	2	110	2	110
70	Apriori	Id(Bk)Syl1>>Id(Bk)	2	118																																																																																																																																																			
72	aEI	aei			2	90					-2	112	-2	112	2	106	2	112	2	112	2	110																																																																																																																									-2	110	-2	110	-2	108	-2	108
72	Apriori	Id(Bk)Syl1>>Id(Bk)	2	120																																																																																																																																																			
76	Oye	Oue			2	92			2	114	2	114	2	114							0	110													0	98	0	100													0	98	0	98													0	104	0	104													0	104	0	104																																																									0	110	0	110	0	108	0	108
76	Apriori	Id(Bk)Syl1>>Id(Bk)	2	122																																																																																																																																																			
77	iaE	iae			2	94					-2	112	-2	112			2	114	2	114	2	112																																																							2	102			2	102			2	106																																																									0	110	0	110	0	108	0	108
77	Apriori	Id(Bk)Syl1>>Id(Bk)	2	124																																																																																																																																																			
78	eII	eii			2	96							0	112	2	108	2	116	2	116	2	114																																	2	102	2	102	2	102	2	102	2	104	2	102	2	106	2	106	2	102	2	102	2	102	2	104	2	104	2	104	2	106	2	108																																																																
78	Apriori	Id(Bk)Syl1>>Id(Bk)	2	126																																																																																																																																																			
80	Ayy	Auu			2	98			2	116	2	114	2	114							-2	112																													0	98	0	98													0	106	0	106													0	106	0	108																																																																
80	Apriori	Id(Bk)Syl1>>Id(Bk)	2	128																																																																																																																																																			
84	yuO	yuo			2	100	2	112	2	118	2	116	2	116					-2	114	0	112																											0	98			0	98											0	102			0	106											0	104			0	108																																																	2	104	2	104	2	108	2	108	2	112	2	112	2	110	2	110
84	Apriori	Id(Bk)Syl1>>Id(Bk)	2	130																																																																																																																																																			
86	oEu	oeu			2	102					-2	114	-2	114			2	118	2	116	2	114																																													0	106	0	106													0	106	0	108																																									0	104	0	104	0	104	0	104									0	112	0	112	0	110	0	110
86	Apriori	Id(Bk)Syl1>>Id(Bk)	2	132																																																																																																																																																			
87	OEo	Oeo			2	104					0	114	0	114			2	120	2	118	2	116					2	102	2	102	2	102	2	100	2	100	2	102					2	102	2	102	2	102	2	100	2	100	2	100					2	104	2	104			2	104			2	108					2	104	2	106			2	106			2	110																																																																
87	Apriori	Id(Bk)Syl1>>Id(Bk)	2	134																																																																																																																																																			
89	yyy	yuu			2	106			2	120	2	116	2	116							0	116																													0	100	0	100													0	106	0	108													0	106	0	110																																																																
89	Apriori	Id(Bk)Syl1>>Id(Bk)	2	136																																																																																																																																																			
104	oaO	oao			2	108	2	114	2	122	2	118	2	118					0	118	0	116																																																																																																			2	102			2	104			2	106			2	106	2	106	2	106	2	110	2	110	2	114	2	114	2	112	2	112
104	Apriori	Id(Bk)Syl1>>Id(Bk)	2	138																																																																																																																																																			
109	oEo	oeo			2	110					0	118	0	118			2	122	2	120	2	118																																									0	104	0	104	0	106	0	108									0	104	0	106	0	106	0	110																																									0	104	0	106	0	104	0	106									0	114	0	114	0	112	0	112
109	Apriori	Id(Bk)Syl1>>Id(Bk)	2	140																																																																																																																																																			
118	AeO	Aeo			2	112	2	116	2	124	2	120	2	120					0	120	0	118																											0	100			0	100									0	104	0	104	0	106	0	108									0	104	0	106	0	106	0	110																																																																
118	Apriori	Id(Bk)Syl1>>Id(Bk)	2	142																																																																																																																																																			
123	yEo	yeo			2	114					0	120	0	120			2	124	2	122	2	120																					2	104	2	104	2	104	2	102	2	102	2	102					2	106	2	106			2	106			2	110					2	106	2	108			2	108			2	112																																																																
123	Apriori	Id(Bk)Syl1>>Id(Bk)	2	144																																																																																																																																																			
124	EE	Ee			2	116					0	120	0	120			2	126	2	124	2	122																																																																																									0	100	0	100	0	100	0	100									0	104	0	106	0	104	0	106									0	114	0	114	0	112	0	112
124	Apriori	Id(Bk)Syl1>>Id(Bk)	2	146																																																																																																																																																			
125	yiO	yio			2	118	2	118	2	126	2	122	2	122					-2	122	0	122																											0	102			0	102											0	106			0	110									0	104	0	108	0	106	0	112																																																																
125	Apriori	Id(Bk)Syl1>>Id(Bk)	2	148																																																																																																																																																			
136	AoE	Aoe			2	120					0	122	0	122			2	128	2	124	2	124																							2	106			2	104			2	104							2	108			2	108			2	112							2	110			2	110			2	114																																									0	104	0	106	0	104	0	106									0	114	0	114	0	112	0	112
136	Apriori	Id(Bk)Syl1>>Id(Bk)	2	150																																																																																																																																																			
137	OOA	Ooa			2	122	2	120	2	128	2	124	2	124					0	124	0	124									0	102	0	100	0	100	0	102									0	104	0	104	0	102	0	104									0	104	0	108	0	106	0	112									0	104	0	110	0	106	0	114																																																																
137	Apriori	Id(Bk)Syl1>>Id(Bk)	2	152																																																																																																																																																			
144	uOy	uou			2	124	2	122	2	130	2	126	2	126					0	124	0	124																																																																																																																	2	108	2	108	2	112	2	112	2	116	2	116	2	114	2	114
144	Apriori	Id(Bk)Syl1>>Id(Bk)	2	154																																																																																																																																																			
151	AE	Ae			2	126					0	126	0	126			2	130	2	126	2	126																					2	106	2	108	2	106	2	106	2	104	2	106					2	108	2	110	2	106	2	110	2	108	2	114					2	108	2	112	2	106	2	112	2	108	2	116																																																																
151	Apriori	Id(Bk)Syl1>>Id(Bk)	2	156																																																																																																																																																			
156	aAA	aaa			2	128			2	132	2	128	2	128							0	126																																																																																																																					2	114	2	114	2	118	2	118	2	116	2	116
156	Apriori	Id(Bk)Syl1>>Id(Bk)	2	158																																																																																																																																																			
162	eoI	eoi			2	130							0	128	2	110	2	132	2	128	2	128																																			2	104			2	112			2	112			2	116			2	104			2	114			2	114			2	118																																													0	104	0	106													0	116	0	116
162	Apriori	Id(Bk)Syl1>>Id(Bk)	2	160																																																																																																																																																			
190	uOO	uoo			2	132	2	124	2	134	2	130	2	130					0	128	0	128																																																																																																																	2	110	2	110	2	116	2	116	2	120	2	120	2	118	2	118
190	Apriori	Id(Bk)Syl1>>Id(Bk)	2	162																																																																																																																																																			
208	eyy	euu			2	134			2	136	2	132	2	132							0	128																																													0	108	0	116													0	108	0	118																																																																
208	Apriori	Id(Bk)Syl1>>Id(Bk)	2	164																																																																																																																																																			
230	iEI	iei			2	136					0	132	0	132	2	112	2	134	2	130	2	130																																																			2	106	2	110	2	116	2	108	2	116	2	110	2	120																																																																
230	Apriori	Id(Bk)Syl1>>Id(Bk)	2	166																																																																																																																																																			
246	eIo	eio			2	138							0	132	2	114	2	136	2	132	2	132																																	2	104	2	106	2	110	2	114	2	108	2	114	2	110	2	118	2	104	2	108	2	112	2	118			2	118			2	122																																																																
246	Apriori	Id(Bk)Syl1>>Id(Bk)	2	168																																																																																																																																																			
274	iE	ie			2	140					0	132	0	132			2	138	2	134	2	134																																																					2	114	2	120	2	110	2	120	2	112	2	124																																																																
274	Apriori	Id(Bk)Syl1>>Id(Bk)	2	170																																																																																																																																																			
370	yyO	yuo			2	142	2	126	2	138	2	134	2	134					0	134	0	134																											0	106	0	104	0	106											0	114	0	110	0	118											0	120	0	112	0	124																																																																
370	Apriori	Id(Bk)Syl1>>Id(Bk)	2	172																																																																																																																																																			
847	eOe	eoe			2	144	2	128	2	140	2	136	2	136					0	134	0	134																																									0	108	0	114	0	110	0	118									0	110	0	120	0	112	0	124																																									0	104	0	106	0	104	0	106									0	120	0	120	0	118	0	118
847	Apriori	Id(Bk)Syl1>>Id(Bk)	2	174																																																																																																																																																			
875	aEa	aea			2	146					0	136	0	136			2	140	2	136	2	136																																													0	110	0	118													0	112	0	124																																																									0	120	0	120	0	118	0	118
875	Apriori	Id(Bk)Syl1>>Id(Bk)	2	176																																																																																																																																																			
1775	yEi	yei			0.2	146.2					0	136	0	136			0.2	140.2	0.2	136.2	0.2	136.2																					0.2	106.2	0.2	108.2	0.2	106.2	0.2	106.2	0.2	104.2	0.2	106.2					0.2	110.2	0.2	114.2	0.2	108.2	0.2	114.2	0.2	110.2	0.2	118.2					0.2	114.2	0.2	120.2	0.2	110.2	0.2	120.2	0.2	112.2	0.2	124.2																													0.2	100.2	0.2	100.2													0.2	104.2	0.2	106.2													0.2	118.2	0.2	118.2
1775	Apriori	Id(Bk)Syl1>>Id(Bk)	0.19999999999998863	176.2																																																																																																																																																			
TOTAL				176.2		146.2		128		140		136		136		114		140.2		136.2		136.2		100		100		102		102		102		100		100		102		100		100		106.2		108.2		106.2		106.2		104.2		106.2		104		106		110.2		114.2		108.2		114.2		110.2		118.2		104		108		114.2		120.2		110.2		120.2		112.2		124.2		100		100		100		100		100		100		100		100		100		100		100		100		100		100		100.2		100.2		100		102		102		104		104		106		104.2		106.2		110		110		116		116		120		120		118.2		118.2
