trialnum	Generated	Heard	Id(Bk)Syl1	now	Id(Bk)	now	*F1	now	*F3	now	*F4	now	*F5	now	*B1	now	*B2	now	*B3	now	*B5	now	*F1_B1	now	*F1..._B1	now	*F1_B2	now	*F1..._B2	now	*F1_B3	now	*F1..._B3	now	*F1_B5	now	*F1..._B5	now	*F3_B1	now	*F3..._B1	now	*F3_B2	now	*F3..._B2	now	*F3_B3	now	*F3..._B3	now	*F3_B5	now	*F3..._B5	now	*F4_B1	now	*F4..._B1	now	*F4_B2	now	*F4..._B2	now	*F4_B3	now	*F4..._B3	now	*F4_B5	now	*F4..._B5	now	*F5_B1	now	*F5..._B1	now	*F5_B2	now	*F5..._B2	now	*F5_B3	now	*F5..._B3	now	*F5_B5	now	*F5..._B5	now	*_B1F1	now	*_B1...F1	now	*_B1F3	now	*_B1...F3	now	*_B1F4	now	*_B1...F4	now	*_B1F5	now	*_B1...F5	now	*_B2F1	now	*_B2...F1	now	*_B2F3	now	*_B2...F3	now	*_B2F4	now	*_B2...F4	now	*_B2F5	now	*_B2...F5	now	*_B3F1	now	*_B3...F1	now	*_B3F3	now	*_B3...F3	now	*_B3F4	now	*_B3...F4	now	*_B3F5	now	*_B3...F5	now	*_B5F1	now	*_B5...F1	now	*_B5F3	now	*_B5...F3	now	*_B5F4	now	*_B5...F4	now	*_B5F5	now	*_B5...F5	now
				0		0		100		100		100		100		100		100		100		100		100		100		100		100		100		100		100		100		100		100		100		100		100		100		100		100		100		100		100		100		100		100		100		100		100		100		100		100		100		100		100		100		100		100		100		100		100		100		100		100		100		100		100		100		100		100		100		100		100		100		100		100		100		100		100		100		100		100		100		100		100		100		100		100
0	Apriori	Id(Bk)Syl1>>Id(Bk)	30	30																																																																																																																																																		
2	uuo	yuo	2	32	2	2			-2	98	-2	98	-2	98							2	102																											-2	98	-2	98	-2	98											-2	98	-2	98	-2	98											-2	98	-2	98	-2	98																																																																
3	eAe	Eae	2	34	2	4			2	100	2	100	2	100			-2	98	-2	98	-2	100																																																																																											-2	98			-2	98											-2	98			-2	98									-2	98	-2	98	-2	98	-2	98
5	Eua	eua	2	36	2	6					-2	98	-2	98			2	100	2	100	2	102																																													0	98	0	98													0	98	0	98																																																																
6	OOi	Ooi			2	8	2	102	2	102	2	100	2	100					-2	98	-2	100									-2	98	-2	98	-2	98	-2	98									-2	98	0	98	0	98	0	98									-2	98	0	98	0	98	0	98									-2	98	0	98	0	98	0	98																																													-2	98	0	98													0	98	0	98
6	Apriori	Id(Bk)Syl1>>Id(Bk)	2	38																																																																																																																																																			
8	eAe	Eae	2	40	2	10			2	104	2	102	2	102			0	100	0	98	0	100																																																																																											0	98			0	98											0	98			0	98									0	98	0	98	0	98	0	98
10	eoi	Eoi	2	42	2	12					2	104	2	104			0	100	0	98	0	100																																									2	100	2	100	2	100	2	100									2	100	2	100	2	100	2	100																															0	98															0	98															0	98
11	aEI	Aei	2	44	2	14			-2	102	-2	102	-2	102	2	102	2	102	2	100	2	102																																																																																																																																
14	OOi	Ooi			2	16	2	104	2	104	2	104	2	104					0	100	-2	100									0	98	0	98	0	98	0	98									0	98	0	98	0	98	0	98									0	100	0	100	0	100	0	100									0	100	0	100	0	100	0	100																																													0	98	0	98													0	98	0	98
14	Apriori	Id(Bk)Syl1>>Id(Bk)	2	46																																																																																																																																																			
15	au	Au	2	48	2	18			-2	102	-2	102	-2	102							2	102																													0	98	0	98													-2	98	-2	98													-2	98	-2	98																																																																
16	aiu	Aiu	2	50	2	20			-2	100	-2	100	-2	100							2	104																															0	98															0	98																																																																													2	100	2	100
17	yiA	yia			2	22			2	102	2	102	2	102							-2	102																															0	98															0	98													0	98	0	98																																																																
17	Apriori	Id(Bk)Syl1>>Id(Bk)	2	52																																																																																																																																																			
19	Iou	iou	2	54	2	24							-2	100	2	104	2	104	2	102	2	104																																																									0	100	0	100	0	98	0	98																																																																
21	yye	uue	2	56	2	26			2	104	2	104	2	102							-2	102																																																																																																																									0	98	0	98	0	100	0	100
22	ioE	ioe			2	28					-2	102	0	102			2	106	2	104	2	104																																																							2	102			2	102			2	100																																									0	100	0	98	0	98	0	98									0	98	0	98	0	100	0	100
22	Apriori	Id(Bk)Syl1>>Id(Bk)	2	58																																																																																																																																																			
23	Oiy	Oiu			2	30			2	106	2	104	2	104							-2	102															0	98															0	98															0	98													0	98	0	100																																																																
23	Apriori	Id(Bk)Syl1>>Id(Bk)	2	60																																																																																																																																																			
25	eoa	Eoa	2	62	2	32					2	106	2	106			-2	104	-2	102	0	102																																									2	102	2	102	2	100	2	100									2	102	2	104	2	100	2	102																																																																
26	Ia	ia	2	64	2	34							-2	104	2	106	2	106	2	104	2	104																																																													0	100	0	102																																																																
27	aiE	aie			2	36					-2	104	0	104			2	108	2	106	2	106																																																					2	102	2	104	2	104	2	106	2	102	2	104																																																											0	98				
27	Apriori	Id(Bk)Syl1>>Id(Bk)	2	66																																																																																																																																																			
31	AyO	Auo			2	38	2	106	2	108	2	106	2	106					-2	104	-2	104																											0	98	0	98	0	98											0	102	0	100	0	100											-2	104	0	102	0	104																																																																
31	Apriori	Id(Bk)Syl1>>Id(Bk)	2	68																																																																																																																																																			
32	oua	Oua	2	70	2	40	-2	104	-2	106	-2	104	-2	104					2	106	2	106													0	98	0	98													0	98	0	98													0	100	0	100													0	102	-2	102																																																																
33	OOA	Ooa			2	42	2	106	2	108	2	106	2	106					-2	104	-2	104									0	98	0	98	0	98	0	98									0	98	0	98	0	98	0	98									0	102	0	102	0	100	0	100									0	104	0	104	0	102	0	102																																																																
33	Apriori	Id(Bk)Syl1>>Id(Bk)	2	72																																																																																																																																																			
34	eoe	Eoe	2	74	2	44					2	108	2	108			-2	106	0	104	0	104																																									2	104	2	104	2	102	2	102									2	106	2	106	2	104	2	104																											0	98			0	98											0	98			0	98											0	98			0	100
35	aoa	Aoa	2	76	2	46			-2	106	-2	106	-2	106							2	106																									0	98	0	98	0	98	0	98									-2	102	-2	102	0	102	0	102									-2	104	-2	104	-2	102	-2	102																																																																
36	ai	Ai	2	78	2	48			-2	104	-2	104	-2	104							2	108																																																																																																																													2	102	2	102
38	yyi	yui			2	50			2	106	2	106	2	106							-2	106																													0	98	0	98													0	102	0	102													0	102	0	102																																																													0	102	0	102
38	Apriori	Id(Bk)Syl1>>Id(Bk)	2	80																																																																																																																																																			
39	Ei	ei	2	82	2	52					-2	104	-2	104			2	108	2	106	2	108																																																																																													2	102	2	100													2	100	2	100													2	104	2	104
40	ieO	ieo			2	54	2	108	2	108	2	106	2	106					-2	104	-2	106																																									0	102	0	102	0	102	0	102									0	104	0	104	0	102	0	102																																																																
40	Apriori	Id(Bk)Syl1>>Id(Bk)	2	84																																																																																																																																																			
41	ou	Ou	2	86	2	56	-2	106	-2	106	-2	104	-2	104					2	106	2	108													0	98	0	98													0	98	0	98													0	102	0	102													0	102	0	102																																																																
42	oIu	Oiu	2	88	2	58	0	106	0	106	0	104	0	104	2	108	2	110	2	108	2	110															0	98															0	98															0	102													0	102	0	102																																																																
43	OOe	ooe	2	90	2	60	2	108	2	108	2	106	2	106					-2	106	-2	108																																																																																																									0	100	0	98	0	100	0	100									0	98	0	98	0	104	0	104
45	aee	Aee	2	92	2	62			-2	106	0	106	0	106							2	110																																																																																																																									2	100	2	100	2	106	2	106
46	Oye	Oue			2	64			2	108	2	108	2	108							-2	108													0	98	0	98													0	98	0	98													0	102	0	102													0	102	0	102																																																									0	100	0	100	-2	104	-2	104
46	Apriori	Id(Bk)Syl1>>Id(Bk)	2	94																																																																																																																																																			
48	uoo	yoo	2	96	2	66			-2	106	-2	106	-2	106							2	110																									0	98	0	98	0	98	0	98									0	102	0	102	0	102	0	102									0	104	0	104	0	102	0	102																																																																
49	OeA	oea	2	98	2	68	2	110	2	108	2	108	2	108					0	106	-2	108																																													0	102	0	102													0	102	0	102																																									0	100	0	98	0	100	0	100									0	100	0	100	0	104	0	104
52	oou	Oou	2	100	2	70	-2	108	-2	106	-2	106	-2	106					2	108	2	110									0	98	0	98	0	98	0	98									0	98	0	98	0	98	0	98									0	102	0	102	0	102	0	102									0	104	0	104	0	102	0	102																																																																
53	AAe	Aae			2	72			2	108	2	108	2	108							-2	108																													0	98	0	98													0	102	0	102													0	102	0	102																																																									0	100	0	100	0	104	0	104
53	Apriori	Id(Bk)Syl1>>Id(Bk)	2	102																																																																																																																																																			
54	OOA	ooa	2	104	2	74	2	110	2	110	2	110	2	110					-2	106	-2	106																																																																																																																																
56	aE	Ae	2	106	2	76			-2	108	-2	108	-2	108			2	112	2	108	2	108																																																																																																																																
58	yyy	yuu			2	78			2	110	2	110	2	110							-2	106																													0	98	0	98													0	102	0	102													0	102	0	102																																																																
58	Apriori	Id(Bk)Syl1>>Id(Bk)	2	108																																																																																																																																																			
59	eia	Eia	2	110	2	80					2	112	2	112			-2	110	0	108	0	106																																															2	104																																													0	102	0	100													0	100	0	100													0	104	0	104
60	uE	ue			2	82					-2	110	-2	110			2	112	2	110	2	108																																																																																																																									0	100	0	100	0	104	0	104
60	Apriori	Id(Bk)Syl1>>Id(Bk)	2	112																																																																																																																																																			
62	iyO	iuo			2	84	2	112	2	112	2	112	2	112					-2	108	0	108																																																											0	104	0	102	0	102																																																																
62	Apriori	Id(Bk)Syl1>>Id(Bk)	2	114																																																																																																																																																			
63	eE	ee			2	86					-2	110	-2	110			2	114	2	110	2	110																																					2	102	2	102	2	104	2	104	2	104	2	106					2	104	2	106	2	106	2	106	2	104	2	104																																																																
63	Apriori	Id(Bk)Syl1>>Id(Bk)	2	116																																																																																																																																																			
65	eie	Eie	2	118	2	88					2	112	2	112			0	114	0	110	0	110																																																																																											0	98	0	102	0	100											0	98	0	100	0	100											0	100	0	104	0	104
68	aEE	aee			2	90					0	112	0	112			2	116	2	112	2	112																																																																																																																									0	100	0	100	0	104	0	104
68	Apriori	Id(Bk)Syl1>>Id(Bk)	2	120																																																																																																																																																			
83	aA	aa			2	92			2	114	2	114	2	114							-2	110																																																																																																																					2	102	2	102	2	102	2	102	2	106	2	106
83	Apriori	Id(Bk)Syl1>>Id(Bk)	2	122																																																																																																																																																			
84	iIu	iiu			2	94							0	114	2	110	2	118	2	114	2	112																																																	2	102	2	102	2	106	2	108	2	108	2	108			2	106																																																																
84	Apriori	Id(Bk)Syl1>>Id(Bk)	2	124																																																																																																																																																			
96	AOa	Aoa			2	96	2	114	2	116	2	116	2	116					-2	112	0	112													2	100	2	100									0	98	0	98			0	98									0	104	0	104			0	106									0	108	0	108			0	106																																																																
96	Apriori	Id(Bk)Syl1>>Id(Bk)	2	126																																																																																																																																																			
99	OaI	Oai			2	98							0	116	2	112	2	120	2	114	2	114			2	102			2	102			2	100			2	102			2	102			2	102			2	100			2	100			2	102			2	104			2	106			2	108			2	104			2	110			2	110			2	108																																																													0	106	0	106
99	Apriori	Id(Bk)Syl1>>Id(Bk)	2	128																																																																																																																																																			
103	yEu	yeu			2	100					0	116	0	116			2	122	2	116	2	116																					2	102	2	104	2	100	2	102	2	100	2	102					2	104	2	106	2	106	2	108			2	110					2	108	2	112	2	110	2	112			2	110																																																																
103	Apriori	Id(Bk)Syl1>>Id(Bk)	2	130																																																																																																																																																			
110	aOO	aoo			2	102	2	116	2	118	2	118	2	118					-2	114	-2	114																																																																																																																	2	102	2	102	2	104	2	104	2	104	2	104	2	108	2	108
110	Apriori	Id(Bk)Syl1>>Id(Bk)	2	132																																																																																																																																																			
138	EAe	Eae			2	104			2	120	2	120	2	120							0	114																																																																																					2	102	2	102	2	102			2	104							2	102	2	102	2	102			2	102							2	106	2	106			0	104			0	108
138	Apriori	Id(Bk)Syl1>>Id(Bk)	2	134																																																																																																																																																			
140	ioI	ioi			2	106							0	120	2	114	2	124	2	116	2	116																																																			2	106			2	114			2	114			2	112																																													0	102	0	100													0	108	0	108
140	Apriori	Id(Bk)Syl1>>Id(Bk)	2	136																																																																																																																																																			
149	EEo	Eeo			2	108					0	120	0	120			2	126	2	118	2	118																																									0	106	0	108	0	104	0	110									0	110	0	114	0	104	0	112																									0	102	0	98	0	104	0	100									0	102	0	98	0	102	0	100									0	104	0	104	0	108	0	108
149	Apriori	Id(Bk)Syl1>>Id(Bk)	2	138																																																																																																																																																			
155	Ey	Eu			2	110			2	122	2	122	2	122							0	118																																																																																					2	104	2	104	2	104	2	100	2	106	2	102					2	104	2	104	2	104	2	100	2	104	2	102					2	108	2	108	2	106	2	106	2	110	2	110
155	Apriori	Id(Bk)Syl1>>Id(Bk)	2	140																																																																																																																																																			
156	uaE	uae			2	112					0	122	0	122			2	128	2	120	2	120																																																																																																																									0	106	0	106	0	110	0	110
156	Apriori	Id(Bk)Syl1>>Id(Bk)	2	142																																																																																																																																																			
163	OOe	Ooe			2	114	2	118	2	124	2	124	2	124					0	120	0	120									0	98	0	100	0	100	0	102									0	100	0	102	0	100	0	102									0	106	0	108	0	104	0	110									0	110	0	114	0	104	0	112																																									0	104	0	100	0	104	0	102									0	106	0	106	0	110	0	110
163	Apriori	Id(Bk)Syl1>>Id(Bk)	2	144																																																																																																																																																			
184	uEI	uei			2	116					0	124	0	124	2	116	2	130	2	122	2	122																																																																																																																									0	106	0	106	0	110	0	110
184	Apriori	Id(Bk)Syl1>>Id(Bk)	2	146																																																																																																																																																			
204	eOa	eoa			2	118	2	120	2	126	2	126	2	126					0	122	0	122													2	102	2	104													2	102	2	104									0	106	0	108			0	110									0	110	0	114			0	112																																																																
204	Apriori	Id(Bk)Syl1>>Id(Bk)	2	148																																																																																																																																																			
223	uaE	uae			2	120					0	126	0	126			2	132	2	124	2	124																																																																																																																									0	106	0	106	0	110	0	110
223	Apriori	Id(Bk)Syl1>>Id(Bk)	2	150																																																																																																																																																			
249	eaO	eao			2	122	2	122	2	128	2	128	2	128					0	124	0	124																																											0	108			0	110											0	114			0	112																																																	2	104	2	104	2	110	2	110	2	108	2	108	2	112	2	112
249	Apriori	Id(Bk)Syl1>>Id(Bk)	2	152																																																																																																																																																			
254	AEI	Aei			2	124					0	128	0	128	2	118	2	134	2	126	2	126																			2	104	2	104	2	106	2	102	2	104	2	104	2	106			2	104	2	106	2	108	2	108	2	110	2	106	2	112			2	108	2	110	2	116	2	112	2	116	2	106	2	114																																																																
254	Apriori	Id(Bk)Syl1>>Id(Bk)	2	154																																																																																																																																																			
258	oAy	oau			2	126			2	130	2	130	2	130							0	126																																																																																																					2	106	2	106	2	106	2	102	2	106	2	104					2	112	2	112	2	110	2	110	2	114	2	114
258	Apriori	Id(Bk)Syl1>>Id(Bk)	2	156																																																																																																																																																			
264	aEu	aeu			2	128					0	130	0	130			2	136	2	128	2	128																																													0	106	0	112													0	106	0	114																																																									0	110	0	110	0	114	0	114
264	Apriori	Id(Bk)Syl1>>Id(Bk)	2	158																																																																																																																																																			
275	Aye	Aue			2	130			2	132	2	132	2	132							0	128																													0	104	0	106													0	106	0	112													0	106	0	114																																																									0	110	0	110	0	114	0	114
275	Apriori	Id(Bk)Syl1>>Id(Bk)	2	160																																																																																																																																																			
302	yEu	yeu			2	132					0	132	0	132			2	138	2	130	2	130																					2	106	2	108	2	104	2	106	2	106	2	108					2	108	2	110	2	110	2	112			2	114					2	112	2	118	2	114	2	118			2	116																																																																
302	Apriori	Id(Bk)Syl1>>Id(Bk)	2	162																																																																																																																																																			
349	Oyi	Oui			2	134			2	134	2	134	2	134							0	130													0	102	0	104													0	106	0	108													0	106	0	114													0	106	0	116																																																													0	114	0	114
349	Apriori	Id(Bk)Syl1>>Id(Bk)	2	164																																																																																																																																																			
356	AOA	Aoa			2	136	2	124	2	136	2	136	2	136					0	130	0	130																									0	104	0	106	0	106	0	108									0	110	0	112	0	106	0	114									0	114	0	118	0	106	0	116																																																																
356	Apriori	Id(Bk)Syl1>>Id(Bk)	2	166																																																																																																																																																			
363	yE	ye			2	138					0	136	0	136			2	140	2	132	2	132																					2	108	2	110	2	106	2	108	2	108	2	110					2	110	2	112	2	112	2	114	2	108	2	116					2	114	2	120	2	116	2	120	2	108	2	118																																																																
363	Apriori	Id(Bk)Syl1>>Id(Bk)	2	168																																																																																																																																																			
372	eoI	eoi			2	140							0	136	2	120	2	142	2	134	2	134																																			2	106			2	114			2	116			2	118			2	110			2	122			2	122			2	120																																													0	106	0	104													0	114	0	114
372	Apriori	Id(Bk)Syl1>>Id(Bk)	2	170																																																																																																																																																			
400	AEa	Aea			2	142					0	136	0	136			2	144	2	136	2	136																					2	110	2	112	2	108	2	110	2	110	2	112					2	112	2	116	2	114	2	118			2	120					2	116	2	124	2	118	2	124			2	122																																																																
400	Apriori	Id(Bk)Syl1>>Id(Bk)	2	172																																																																																																																																																			
418	oyy	ouu			2	144			2	138	2	138	2	138							0	136																																																																																																					2	108	2	108	2	108	2	104	2	108	2	106					2	114	2	114	2	112	2	112	2	116	2	116
418	Apriori	Id(Bk)Syl1>>Id(Bk)	2	174																																																																																																																																																			
491	aIE	aie			2	146					0	138	0	138	2	122	2	146	2	138	2	138																																																																																																																											0	112	0	116	0	116
491	Apriori	Id(Bk)Syl1>>Id(Bk)	2	176																																																																																																																																																			
530	uiO	uio			2	148	2	126	2	140	2	140	2	140					0	138	0	138																																																									0	118	0	124	0	108	0	122																																																			2	106			2	116			2	114				
530	Apriori	Id(Bk)Syl1>>Id(Bk)	2	178																																																																																																																																																			
3042	oEu	oeu			0.002	148.002					0	140	0	140			0.002	146.002	0.002	138.002	0.002	138.002																																													0	108	0	120													0	108	0	122																																									0	108	0	104	0	108	0	106									0	112	0	114	0	116	0	116
3042	Apriori	Id(Bk)Syl1>>Id(Bk)	0.0020000000000095497	178.002																																																																																																																																																			
3056	uEa	uea			0.002	148.00400000000002					0	140	0	140			0.002	146.00400000000002	0.002	138.00400000000002	0.002	138.00400000000002																																													0	108	0	120													0	108	0	122																																																									0	112	0	114	0	116	0	116
3056	Apriori	Id(Bk)Syl1>>Id(Bk)	0.0020000000000095497	178.00400000000002																																																																																																																																																			
TOTAL				178.00400000000002		148.00400000000002		126		140		140		140		122		146.00400000000002		138.00400000000002		138.00400000000002		100		102		100		102		98		100		102		104		100		104		110		112		108		110		110		112		100		106		112		116		114		118		108		120		102		110		116		124		118		124		108		122		100		100		100		100		100		100		100		100		100		100		104		104		104		100		106		102		100		100		108		108		108		104		108		106		104		106		114		116		112		114		116		116
