trialnum	Generated	Heard	Id(Bk)Syl1	now	Id(Bk)	now	*F1	now	*F3	now	*F4	now	*F5	now	*B1	now	*B2	now	*B3	now	*B5	now	*F1_B1	now	*F1..._B1	now	*F1_B2	now	*F1..._B2	now	*F1_B3	now	*F1..._B3	now	*F1_B5	now	*F1..._B5	now	*F3_B1	now	*F3..._B1	now	*F3_B2	now	*F3..._B2	now	*F3_B3	now	*F3..._B3	now	*F3_B5	now	*F3..._B5	now	*F4_B1	now	*F4..._B1	now	*F4_B2	now	*F4..._B2	now	*F4_B3	now	*F4..._B3	now	*F4_B5	now	*F4..._B5	now	*F5_B1	now	*F5..._B1	now	*F5_B2	now	*F5..._B2	now	*F5_B3	now	*F5..._B3	now	*F5_B5	now	*F5..._B5	now	*_B1F1	now	*_B1...F1	now	*_B1F3	now	*_B1...F3	now	*_B1F4	now	*_B1...F4	now	*_B1F5	now	*_B1...F5	now	*_B2F1	now	*_B2...F1	now	*_B2F3	now	*_B2...F3	now	*_B2F4	now	*_B2...F4	now	*_B2F5	now	*_B2...F5	now	*_B3F1	now	*_B3...F1	now	*_B3F3	now	*_B3...F3	now	*_B3F4	now	*_B3...F4	now	*_B3F5	now	*_B3...F5	now	*_B5F1	now	*_B5...F1	now	*_B5F3	now	*_B5...F3	now	*_B5F4	now	*_B5...F4	now	*_B5F5	now	*_B5...F5	now
				0		0		100		140		160		180		100		120		140		180		100		100		100		100		100		100		100		100		100		100		120		120		140		140		140		140		100		100		120		120		140		140		160		160		100		100		120		120		140		140		180		180		100		100		100		100		100		100		100		100		100		100		120		120		120		120		120		120		100		100		140		140		140		140		140		140		100		100		140		140		160		160		180		180
1	Oi	oi	2	2	0	0	2	102	2	142	2	162	2	182					-2	138	-2	178																																																																																																													-2	138	-2	138													-2	178	-2	178
2	oao	OAO	2	4	0	0	-2	100	-2	140	-2	160	-2	180					2	140	2	180																																																																																																																																
4	ou	Oy	2	6	0	0	-2	98	-2	138	-2	158	-2	178					2	142	2	182																																																																																																																																
5	yyy	uuu	2	8	0	0			2	140	2	160	2	180							-2	180																																																																																																																																
7	EIu	eiy	2	10	0	0			-2	138	-2	158	-2	178	2	102	2	122	2	144	2	182																																																																																																																																
8	uuo	yyO	2	12	0	0	-2	96	-2	136	-2	156	-2	176					2	146	2	184																																																																																																																																
10	yO	uo	2	14	0	0	2	98	2	138	2	158	2	178					-2	144	-2	182																																																																																																																																
12	OiO	oio	2	16	0	0	2	100	2	140	2	160	2	180					-2	142	-2	180																																																									-2	138	-2	138	-2	178	-2	178																																													-2	136	-2	136													-2	176	-2	176
13	auI	aui			2	2							-2	178	2	104	2	124	2	144	2	182																																																																																																																													-2	174	-2	174
16	AyO	auo	2	18	0	2	2	102	2	142	2	162	2	180					-2	142	-2	180																																																																																																																																
17	iOe	ioe			2	4	2	104	2	144	2	164	2	182					-2	140	-2	178																																																									-2	136	-2	136	-2	176	-2	176																																									-2	138	-2	138	-2	134	-2	134									-2	158	-2	158	-2	172	-2	172
18	Iuo	iyO	2	20	0	4	-2	102	-2	142	-2	162	-2	180	2	106	2	126	2	142	2	180																																																																																																																																
20	uu	yy	2	22	0	4			-2	140	-2	160	-2	178							2	182																																																																																																																																
25	Oiy	oiu	2	24	0	4	2	104	2	142	2	162	2	180					-2	140	-2	180																																																													-2	174	-2	174																																													-2	132	-2	132													-2	170	-2	170
26	IuI	iui	2	26	0	4							-2	178	2	108	2	128	2	142	2	182																																																													-2	172	-2	172																																																													-2	168	-2	168
28	yiA	uia	2	28	0	4			2	144	2	164	2	180							-2	180																																																													-2	170	-2	170																																																													-2	166	-2	166
30	OAy	oau	2	30	0	4	2	106	2	146	2	166	2	182					-2	140	-2	178																																																																																																																																
31	Ea	eA	2	32	0	4			-2	144	-2	164	-2	180			2	130	2	142	2	180																																																																																																																																
32	iyA	iua			2	6			2	146	2	166	2	182							-2	178																																																													-2	168	-2	168																																																																
33	uEI	uei			2	8					-2	164	-2	180	2	110	2	132	2	144	2	180																																																																																																																									-2	156	-2	156	-2	164	-2	164
36	EEI	eei	2	34	0	8					-2	162	-2	178	2	112	2	134	2	146	2	182																																																																																																																																
37	Oee	oee	2	36	0	8	2	108	2	148	2	164	2	180					-2	144	-2	180																																																																																																									-2	136	-2	136	-2	130	-2	130									-2	154	-2	154	-2	162	-2	162
38	Oy	ou	2	38	0	8	2	110	2	150	2	166	2	182					-2	142	-2	178																																																																																																																																
40	EIu	eiu	2	40	0	8					-2	164	-2	180	2	114	2	136	2	144	2	180																																															-2	158													-2	166	-2	166																																																																
41	iAA	iaa			2	10			2	152	2	166	2	182							-2	178																																																													-2	164	-2	164																																																																
42	IIu	iiu	2	42	0	10							-2	180	2	116	2	138	2	146	2	180																																																													-2	162	-2	162																																																																
43	uaI	uai			2	12							-2	178	2	118	2	140	2	148	2	182																																																																																																																													-2	160	-2	160
45	Oy	ou	2	44	0	12	2	112	2	154	2	168	2	180					-2	146	-2	180																																																																																																																																
47	yee	uee	2	46	0	12			2	156	2	170	2	182							-2	178																																																																																																																									-2	152	-2	152	-2	158	-2	158
48	Eoa	eoa	2	48	0	12					-2	168	-2	180			2	142	2	148	2	180																																									-2	138	-2	138	-2	158	-2	156									-2	134	-2	134	-2	160	-2	160																																																																
51	AeA	aea	2	50	0	12			2	158	2	170	2	182							-2	178																																													-2	156	-2	154													-2	158	-2	158																																																									-2	150	-2	150	-2	156	-2	156
52	Eua	eyA	2	52	0	12			-2	156	-2	168	-2	180			2	144	2	150	2	180																																																																																																																																
53	Oey	oeu	2	54	0	12	2	114	2	158	2	170	2	182					-2	148	-2	178																																													-2	154	-2	152													-2	156	-2	156																																									-2	134	-2	134	-2	128	-2	128									-2	148	-2	148	-2	154	-2	154
54	EIu	eiu	2	56	0	12					-2	168	-2	180	2	120	2	146	2	150	2	180																																															-2	150													-2	154	-2	154																																																																
59	oua	OyA	2	58	0	12	-2	112	-2	156	-2	166	-2	178					2	152	2	182																																																																																																																																
60	eye	eue			2	14			2	158	2	168	2	180							-2	180																																													-2	152	-2	148													-2	152	-2	152																																																									-2	146	-2	146	-2	152	-2	152
62	aEE	aee			2	16					-2	166	-2	178			2	148	2	154	2	182																																																																																																																									-2	144	-2	144	-2	150	-2	150
63	yOO	uoo	2	60	0	16	2	114	2	160	2	168	2	180					-2	152	-2	180																																																																																																																																
64	uII	yii	2	62	0	16			-2	158	-2	166	-2	178	2	122	2	150	2	154	2	182																																																																																																																																
66	yAe	uae	2	64	0	16			2	160	2	168	2	180							-2	180																																																																																																																									-2	142	-2	142	-2	148	-2	148
67	eye	eue			2	18			2	162	2	170	2	182							-2	178																																													-2	150	-2	146													-2	150	-2	150																																																									-2	140	-2	140	-2	146	-2	146
68	ooE	ooe			2	20					-2	168	-2	180			2	152	2	156	2	180																																																																																																									-2	132	-2	132	-2	126	-2	126									-2	138	-2	138	-2	144	-2	144
69	Iuo	iyO	2	66	0	20	-2	112	-2	160	-2	166	-2	178	2	124	2	154	2	158	2	182																																																																																																																																
70	yAy	uau	2	68	0	20			2	162	2	168	2	180							-2	180																																																																																																																																
71	uoE	uoe			2	22					-2	166	-2	178			2	156	2	160	2	182																																																																																																									-2	130	-2	130	-2	124	-2	124									-2	136	-2	136	-2	142	-2	142
77	Iaa	iAA	2	70	0	22			-2	160	-2	164	-2	176	2	126	2	158	2	162	2	184																																																																																																																																
78	AAA	aaa	2	72	0	22			2	162	2	166	2	178							-2	182																																																																																																																																
79	eAA	eaa			2	24			2	164	2	168	2	180							-2	180																																													-2	148	-2	144													-2	148	-2	148																																																																
80	Eu	ey	2	74	0	24			-2	162	-2	166	-2	178			2	160	2	164	2	182																																																																																																																																
81	eAi	eai			2	26			2	164	2	168	2	180							-2	180																																													-2	146	-2	142													-2	146	-2	146																																																													-2	140	-2	140
82	OOy	oou	2	76	0	26	2	114	2	166	2	170	2	182					-2	162	-2	178																																																																																																																																
83	uuI	yyi	2	78	0	26			-2	164	-2	168	-2	180	2	128	2	162	2	164	2	180																																																																																																																																
85	Oei	oei	2	80	0	26	2	116	2	166	2	170	2	182					-2	162	-2	178																																																																																																									-2	128	-2	128	-2	122	-2	122									-2	134	-2	134	-2	138	-2	138
86	EIE	eie	2	82	0	26					-2	168	-2	180	2	130	2	164	2	164	2	180																																																																																																																																
88	IaI	iai	2	84	0	26							-2	178	2	132	2	166	2	166	2	182																																																													-2	144	-2	144																																																													-2	136	-2	136
91	eyO	euo			2	28	2	118	2	168	2	170	2	180					-2	164	-2	180																																											-2	136	-2	144	-2	140											-2	132	-2	142	-2	142																																																																
92	Eua	eyA	2	86	0	28			-2	166	-2	168	-2	178			2	168	2	166	2	182																																																																																																																																
93	OOe	ooe	2	88	0	28	2	120	2	168	2	170	2	180					-2	164	-2	180																																																																																																									-2	126	-2	126	-2	120	-2	120									-2	132	-2	132	-2	134	-2	134
94	aaI	AAi	2	90	0	28			-2	166	-2	168	-2	178	2	134	2	170	2	166	2	182																																																																																																																																
95	eA	ea			2	30			2	168	2	170	2	180							-2	180																																													-2	142	-2	138													-2	140	-2	140																																																																
96	uIu	uiu			2	32							-2	178	2	136	2	172	2	168	2	182																																																													-2	138	-2	138																																																													-2	132	-2	132
100	iOy	iou			2	34	2	122	2	170	2	172	2	180					-2	166	-2	180																																																									-2	132	-2	130	-2	136	-2	136																																																																
102	yei	uei	2	92	0	34			2	172	2	174	2	182							-2	178																																																																																																																									-2	130	-2	130	-2	130	-2	130
103	EEu	eey	2	94	0	34			-2	170	-2	172	-2	180			2	174	2	168	2	180																																																																																																																																
104	EEa	eeA	2	96	0	34			-2	168	-2	170	-2	178			2	176	2	170	2	182																																																																																																																																
107	IIE	iie	2	98	0	34					-2	168	-2	176	2	138	2	178	2	172	2	184																																																																																																																																
109	AiO	aio	2	100	0	34	2	124	2	170	2	170	2	178					-2	170	-2	182																																																									-2	130	-2	128	-2	134	-2	134																																																													-2	128	-2	128
111	Aye	aue	2	102	0	34			2	172	2	172	2	180							-2	180																																																																																																																									-2	128	-2	128	-2	126	-2	126
112	au	Ay	2	104	0	34			-2	170	-2	170	-2	178							2	182																																																																																																																																
114	yi	ui	2	106	0	34			2	172	2	172	2	180							-2	180																																																																																																																													-2	124	-2	124
115	IEo	ieO	2	108	0	34	-2	122	-2	170	-2	170	-2	178	2	140	2	180	2	172	2	182																																																																																																																																
116	eOO	eoo			2	36	2	124	2	172	2	172	2	180					-2	170	-2	180																																									-2	136	-2	134	-2	140	-2	136									-2	128	-2	126	-2	132	-2	132																																																																
118	uI	yi	2	110	0	36			-2	170	-2	170	-2	178	2	142	2	182	2	172	2	182																																																																																																																																
119	IoE	iOe	2	112	0	36	-2	122	-2	168	-2	168	-2	176	2	144	2	184	2	174	2	184																																																																																																																																
120	ey	eu			2	38			2	170	2	170	2	178							-2	182																																													-2	138	-2	134													-2	130	-2	130																																																																
122	Ae	ae	2	114	0	38			2	172	2	172	2	180							-2	180																																																																																																																									-2	126	-2	126	-2	122	-2	122
124	yye	uue	2	116	0	38			2	174	2	174	2	182							-2	178																																																																																																																									-2	124	-2	124	-2	120	-2	120
125	EEo	eeo	2	118	0	38					-2	172	-2	180			2	186	2	176	2	180																																									-2	134	-2	132	-2	136	-2	132									-2	126	-2	124	-2	128	-2	128																																																																
128	euu	eyy			2	40			-2	172	-2	170	-2	178							2	182																																													2	138	2	134													2	130	2	130																																																																
130	iAA	iaa			2	42			2	174	2	172	2	180							-2	180																																																													-2	128	-2	128																																																																
132	OeO	oeo	2	120	0	42	2	124	2	176	2	174	2	182					-2	174	-2	178																																									-2	132	-2	130	-2	136	-2	132									-2	124	-2	122	-2	126	-2	126																																									-2	124	-2	124	-2	118	-2	118									-2	122	-2	122	-2	118	-2	118
133	ooi	OOi	2	122	0	42	-2	122	-2	174	-2	172	-2	180					2	176	2	180																																																																																																													2	120	2	120													2	120	2	120
134	eOy	eou			2	44	2	124	2	176	2	174	2	182					-2	174	-2	178																																									-2	130	-2	128	-2	134	-2	130									-2	122	-2	120	-2	124	-2	124																																																																
135	EEa	eea	2	124	0	44					-2	172	-2	180			2	188	2	176	2	180																																													-2	132	-2	128													-2	122	-2	122																																																																
137	iua	iyA			2	46			-2	174	-2	170	-2	178							2	182																																																													2	124	2	124																																																																
139	iyy	iuu			2	48			2	176	2	172	2	180							-2	180																																																													-2	122	-2	122																																																																
140	aiO	aio			2	50	2	126	2	178	2	174	2	182					-2	174	-2	178																																																									-2	120	-2	118	-2	120	-2	120																																																			2	102			2	142			2	124				
141	aau	AAy	2	126	0	50			-2	176	-2	172	-2	180							2	180																																																																																																																																
142	AAy	aau	2	128	0	50			2	178	2	174	2	182							-2	178																																																																																																																																
143	oe	Oe	2	130	0	50	-2	124	-2	176	-2	172	-2	180					2	176	2	180																																																																																																									2	126	2	126	2	122	2	122									2	124	2	126	2	122	2	122
144	uao	yAO	2	132	0	50	-2	122	-2	174	-2	170	-2	178					2	178	2	182																																																																																																																																
146	AOO	aoo	2	134	0	50	2	124	2	176	2	172	2	180					-2	176	-2	180																																																																																																																																
149	yyi	uui	2	136	0	50			2	178	2	174	2	182							-2	178																																																																																																																													-2	120	-2	120
150	uau	yAy	2	138	0	50			-2	176	-2	172	-2	180							2	180																																																																																																																																
151	iAA	iaa			2	52			2	178	2	174	2	182							-2	178																																																													-2	118	-2	118																																																																
154	iai	iAi			2	54			-2	176	-2	172	-2	180							2	180																																																													2	120	2	120																																																													2	122	2	122
155	yAA	uaa	2	140	0	54			2	178	2	174	2	182							-2	178																																																																																																																																
156	iua	iyA			2	56			-2	176	-2	172	-2	180							2	180																																																													2	122	2	122																																																																
158	eey	eeu			2	58			2	178	2	174	2	182							-2	178																																													-2	130	-2	126													-2	120	-2	120																																																																
160	eou	eOy			2	60	-2	122	-2	176	-2	172	-2	180					2	178	2	180																																									2	132	2	130	2	132	2	128									2	122	2	120	2	122	2	122																																																																
163	oau	OAy	2	142	0	60	-2	120	-2	174	-2	170	-2	178					2	180	2	182																																																																																																																																
165	eOA	eoa			2	62	2	122	2	176	2	172	2	180					-2	178	-2	180																																									-2	130	-2	128	-2	130	-2	126									-2	120	-2	118	-2	120	-2	120																																																																
166	oeo	OeO	2	144	0	62	-2	120	-2	174	-2	170	-2	178					2	180	2	182																																									2	132	2	130	2	132	2	128									2	122	2	120	2	122	2	122																																									2	128	2	128	2	124	2	124									2	126	2	128	2	124	2	124
170	iyy	iuu			2	64			2	176	2	172	2	180							-2	180																																																													-2	120	-2	120																																																																
175	AAe	aae	2	146	0	64			2	178	2	174	2	182							-2	178																																																																																																																									-2	124	-2	126	-2	122	-2	122
176	uuu	yyy	2	148	0	64			-2	176	-2	172	-2	180							2	180																																																																																																																																
178	Oii	oii	2	150	0	64	2	122	2	178	2	174	2	182					-2	178	-2	178																																																																																																													-2	122	-2	122													-2	120	-2	120
179	aa	AA	2	152	0	64			-2	176	-2	172	-2	180							2	180																																																																																																																																
181	OOA	ooa	2	154	0	64	2	124	2	178	2	174	2	182					-2	176	-2	178																																																																																																																																
182	eeu	eey			2	66			-2	176	-2	172	-2	180							2	180																																													2	134	2	130													2	122	2	122																																																																
185	iOi	ioi			2	68	2	126	2	178	2	174	2	182					-2	174	-2	178																																																									-2	120	-2	118	-2	120	-2	120																																													-2	120	-2	120													-2	118	-2	118
186	uio	yiO	2	156	0	68	-2	124	-2	176	-2	172	-2	180					2	176	2	180																																																									2	122	2	120	2	122	2	122																																																													2	120	2	120
189	eoe	eOe			2	70	-2	122	-2	174	-2	170	-2	178					2	178	2	182																																									2	134	2	132	2	136	2	132									2	124	2	122	2	124	2	124																																									2	130	2	130	2	122	2	122									2	126	2	128	2	122	2	122
190	Oe	oe	2	158	0	70	2	124	2	176	2	172	2	180					-2	176	-2	180																																																																																																									-2	128	-2	128	-2	120	-2	120									-2	124	-2	126	-2	120	-2	120
191	ua	yA	2	160	0	70			-2	174	-2	170	-2	178							2	182																																																																																																																																
192	ooo	OOO	2	162	0	70	-2	122	-2	172	-2	168	-2	176					2	178	2	184																																																																																																																																
195	iyA	iua			2	72			2	174	2	170	2	178							-2	182																																																													-2	122	-2	122																																																																
198	OA	oa	2	164	0	72	2	124	2	176	2	172	2	180					-2	176	-2	180																																																																																																																																
200	eOe	eoe			2	74	2	126	2	178	2	174	2	182					-2	174	-2	178																																									-2	132	-2	130	-2	134	-2	130									-2	122	-2	120	-2	120	-2	120																																									-2	126	-2	126	-2	118	-2	118									-2	122	-2	124	-2	118	-2	118
201	oio	OiO	2	166	0	74	-2	124	-2	176	-2	172	-2	180					2	176	2	180																																																									2	124	2	122	2	122	2	122																																													2	120	2	120													2	120	2	120
205	ue	ye	2	168	0	74			-2	174	-2	170	-2	178							2	182																																																																																																																									2	124	2	126	2	122	2	122
207	AAi	aai	2	170	0	74			2	176	2	172	2	180							-2	180																																																																																																																													-2	120	-2	120
208	eoa	eOA			2	76	-2	122	-2	174	-2	170	-2	178					2	178	2	182																																									2	134	2	132	2	136	2	132									2	126	2	124	2	124	2	124																																																																
211	AOe	aoe	2	172	0	76	2	124	2	176	2	172	2	180					-2	176	-2	180																																																																																																									-2	124	-2	124	-2	118	-2	118									-2	122	-2	124	-2	118	-2	118
213	Ayy	auu	2	174	0	76			2	178	2	174	2	182							-2	178																																																																																																																																
215	aao	AAO	2	176	0	76	-2	122	-2	176	-2	172	-2	180					2	178	2	180																																																																																																																																
216	OA	oa	2	178	0	76	2	124	2	178	2	174	2	182					-2	176	-2	178																																																																																																																																
217	ioa	iOA			2	78	-2	122	-2	176	-2	172	-2	180					2	178	2	180																																																									2	128	2	126	2	126	2	126																																																																
218	Oyi	oui	2	180	0	78	2	124	2	178	2	174	2	182					-2	176	-2	178																																																																																																															-2	116													-2	116	-2	116
219	oie	Oie	2	182	0	78	-2	122	-2	176	-2	172	-2	180					2	178	2	180																																																																																																											2	126	2	120	2	118											2	126	2	118	2	118
220	uia	yiA	2	184	0	78			-2	174	-2	170	-2	178							2	182																																																													2	128	2	128																																																													2	120	2	120
221	aAO	aao			2	80	2	124	2	176	2	172	2	180					-2	176	-2	180																																																																																																																			2	104	2	142	2	144	2	124	2	128	2	122	2	122
223	iaa	iAA			2	82			-2	174	-2	170	-2	178							2	182																																																													2	130	2	130																																																																
225	iAy	iau			2	84			2	176	2	172	2	180							-2	180																																																													-2	128	-2	128																																																																
228	eyy	euu			2	86			2	178	2	174	2	182							-2	178																																													-2	134	-2	130													-2	126	-2	126																																																																
232	Oio	OiO			2	88	-2	122	-2	176	-2	172	-2	180					2	178	2	180											2	102			2	102											2	142			2	142											2	134			2	132									2	130	2	128	2	128	2	128																																																																
238	oy	ou			2	90			2	178	2	174	2	182							-2	178																																																																																																					2	142	2	142	2	126	2	128	2	122	2	120					2	144	2	146	2	126	2	130	2	124	2	124
240	ia	iA			2	92			-2	176	-2	172	-2	180							2	180																																																													2	130	2	130																																																																
247	yoe	yOe			2	94	-2	120	-2	174	-2	170	-2	178					2	180	2	182																									2	142	2	144	2	142	2	144									2	136	2	136	2	136	2	134									2	132	2	130	2	132	2	132																																									2	128	2	130	2	124	2	122									2	128	2	132	2	126	2	126
249	iA	ia			2	96			2	176	2	172	2	180							-2	180																																																													-2	130	-2	130																																																																
252	iiA	iia			2	98			2	178	2	174	2	182							-2	178																																																													-2	128	-2	128																																																																
253	iaa	iAA			2	100			-2	176	-2	172	-2	180							2	180																																																													2	130	2	130																																																																
254	AAe	aae	2	186	0	100			2	178	2	174	2	182							-2	178																																																																																																																									-2	126	-2	130	-2	124	-2	124
262	OuO	OyO			2	102			-2	176	-2	172	-2	180							2	180													2	102	2	104													2	144	2	146													2	138	2	136													2	132	2	132																																																	2	102	2	106	2	146	2	148	2	128	2	132	2	126	2	126
265	iA	ia			2	104			2	178	2	174	2	182							-2	178																																																													-2	130	-2	130																																																																
266	Aea	AeA			2	106			-2	176	-2	172	-2	180							2	180																															2	148													2	140	2	138													2	132	2	132																																																																
269	iyO	iuo			2	108	2	122	2	178	2	174	2	182					-2	178	-2	178																																																											-2	128	-2	130	-2	130																																																																
271	aie	Aie	2	188	0	108			-2	176	-2	172	-2	180							2	180																																																																																																																											2	134	2	128	2	128
273	eai	eAi			2	110			-2	174	-2	170	-2	178							2	182																																													2	142	2	140													2	132	2	132																																																													2	130	2	130
275	Oei	oei	2	190	0	110	2	124	2	176	2	172	2	180					-2	176	-2	180																																																																																																									-2	126	-2	128	-2	122	-2	120									-2	126	-2	132	-2	128	-2	128
280	iau	iAy			2	112			-2	174	-2	170	-2	178							2	182																																																													2	134	2	134																																																																
282	uOi	uoi			2	114	2	126	2	176	2	172	2	180					-2	174	-2	180																																																																																																													-2	120	-2	118	2	104	2	108	2	148	2	150	2	128	2	134			-2	126
284	eiu	eiy			2	116			-2	174	-2	170	-2	178							2	182																																															2	142													2	136	2	136																																																																
286	Aeu	Aey			2	118			-2	172	-2	168	-2	176							2	184																															2	150													2	144	2	144													2	138	2	138																																																																
287	uAO	uao			2	120	2	128	2	174	2	170	2	178					-2	172	-2	182																																																																																																																			2	110	2	150	2	152	2	130	2	136	2	130	2	128
288	oiy	oiu			2	122			2	176	2	172	2	180							-2	180																																																													-2	136	-2	136																																							2	144			2	130											2	154			2	138				
289	Oio	OiO			2	124	-2	126	-2	174	-2	170	-2	178					2	174	2	182											2	104			2	106											2	146			2	152											2	138			2	146									2	134	2	130	2	138	2	138																																																																
291	aOy	aou			2	126	2	128	2	176	2	172	2	180					-2	172	-2	180																																																																																																																	2	106	2	112	2	152	2	156	2	132	2	140	2	132	2	130
292	aye	aue			2	128			2	178	2	174	2	182							-2	178																																																																																																																					2	154	2	158			-2	138			-2	128
293	yoi	yOi			2	130	-2	126	-2	176	-2	172	-2	180					2	174	2	180																									2	144	2	148	2	146	2	154									2	138	2	140	2	146	2	148									2	136	2	132	2	140	2	140																																													2	122	2	120													2	134	2	130
295	oAy	oau			2	132			2	178	2	174	2	182							-2	178																																																																																																					2	144	2	146	2	128	2	132	2	124	2	122					2	156	2	160	2	134	2	140	2	136	2	132
296	Aa	AA			2	134			-2	176	-2	172	-2	180							2	180																													2	148	2	156													2	148	2	150													2	142	2	142																																																																
298	eAy	eau			2	136			2	178	2	174	2	182							-2	178																																													-2	146	-2	148													-2	140	-2	140																																																																
299	Ao	AO			2	138	-2	124	-2	176	-2	172	-2	180					2	176	2	180																									2	146	2	150	2	150	2	158									2	140	2	142	2	148	2	150									2	138	2	134	2	142	2	142																																																																
301	Ouo	OyO			2	140	-2	122	-2	174	-2	170	-2	178					2	178	2	182											2	106	2	104	2	108											2	152	2	152	2	160											2	144	2	150	2	152											2	136	2	144	2	144																																																																
302	uAy	uau			2	142			2	176	2	172	2	180							-2	180																																																																																																																					2	158	2	162	2	136	2	142	2	138	2	134
306	iu	iy			2	144			-2	174	-2	170	-2	178							2	182																																																													2	146	2	146																																																																
308	aiA	aia			2	146			2	176	2	172	2	180							-2	180																																																													-2	144	-2	144																																																							2	164			2	144				
312	you	yOy			2	148	-2	120	-2	174	-2	170	-2	178					2	180	2	182																									2	148	2	154	2	154	2	162									2	142	2	146	2	152	2	154									2	140	2	138	2	146	2	146																																																																
313	iye	iue			2	150			2	176	2	172	2	180							-2	180																																																													-2	144	-2	144																																																									-2	134	-2	142	-2	136	-2	132
315	aiA	aia			2	152			2	178	2	174	2	182							-2	178																																																													-2	142	-2	142																																																							2	166			2	144				
317	iOi	ioi			2	154	2	122	2	180	2	176	2	184					-2	178	-2	176																																																									-2	138	-2	136	-2	140	-2	140																																													-2	122	-2	120													-2	134	-2	130
319	Aoa	AOA			2	156	-2	120	-2	178	-2	174	-2	182					2	180	2	178																									2	150	2	156	2	156	2	164									2	144	2	148	2	154	2	156									2	140	2	138	2	142	2	142																																																																
321	Ouu	Oyy			2	158			-2	176	-2	172	-2	180							2	180													2	106	2	110													2	158	2	166													2	156	2	158													2	144	2	144																																																																
322	Oeu	Oey			2	160			-2	174	-2	170	-2	178							2	182															2	112															2	168													2	158	2	160													2	146	2	146																																																																
326	iAO	iao			2	162	2	122	2	176	2	172	2	180					-2	178	-2	180																																																											-2	136	-2	144	-2	144																																																																
329	aeO	aeo			2	164	2	124	2	178	2	174	2	182					-2	176	-2	178																																									-2	142	-2	146	-2	156	-2	158									-2	138	-2	134	-2	142	-2	142																																																			2	114			2	168								
336	Ooi	OOi			2	166	-2	122	-2	176	-2	172	-2	180					2	178	2	180									2	102	2	108	2	108	2	114									2	152	2	158	2	160	2	170									2	144	2	148	2	158	2	160									2	140	2	136	2	144	2	144																																													2	124	2	122													2	136	2	132
337	Aai	AAi			2	168			-2	174	-2	170	-2	178							2	182																													2	162	2	172													2	160	2	162													2	146	2	146																																																													2	138	2	134
338	ayO	auo			2	170	2	124	2	176	2	172	2	180					-2	176	-2	180																																																																																																																			2	116	2	160	2	170	2	136	2	146	2	140	2	136
342	oyi	oui			2	172			2	178	2	174	2	182							-2	178																																																																																																					2	146	2	148	2	130	2	134	2	126							2	162	2	172	2	138	2	148			-2	134
343	eoi	eOi			2	174	-2	122	-2	176	-2	172	-2	180					2	178	2	180																																									2	146	2	150	2	162	2	164									2	142	2	138	2	148	2	148																																													2	128	2	124													2	142	2	136
344	Aou	AOy			2	176	-2	120	-2	174	-2	170	-2	178					2	180	2	182																									2	154	2	160	2	164	2	174									2	148	2	152	2	164	2	166									2	144	2	140	2	150	2	150																																																																
347	uAA	uaa			2	178			2	176	2	172	2	180							-2	180																																																																																																																					2	164	2	174	2	140	2	150	2	144	2	138
352	Oae	OAe			2	180			-2	174	-2	170	-2	178							2	182													2	110	2	116													2	166	2	176													2	166	2	168													2	152	2	152																																																									2	142	2	152	2	146	2	140
354	eA	ea			2	182			2	176	2	172	2	180							-2	180																																													-2	164	-2	166													-2	150	-2	150																																																																
355	iua	iyA			2	184			-2	174	-2	170	-2	178							2	182																																																													2	152	2	152																																																																
356	eOO	eoo			2	186	2	122	2	176	2	172	2	180					-2	178	-2	180																																									-2	146	-2	150	-2	162	-2	164									-2	142	-2	138	-2	150	-2	150																																																																
390	aiy	aiu			2	188			2	178	2	174	2	182							-2	178																																																													-2	148	-2	148																																																							2	176			2	154				
880	yia	yiA			2	190			-2	176	-2	172	-2	180							2	180																															2	178															2	166													2	150	2	150																																																																
13506	Oeo	OeO			0.02	190.02	-0.02	121.98	-0.02	175.98	-0.02	171.98	-0.02	179.98					0.02	178.02	0.02	180.02											0.02	108.02			0.02	116.02											0.02	160.02			0.02	178.02									0.02	146.02	0.02	150.02	0.02	162.02	0.02	166.02									0.02	142.02	0.02	138.02	0.02	150.02	0.02	150.02																																																																
13506	Apriori	Id(Bk)Syl1>>Id(Bk)	0.020000000000010232	190.02																																																																																																																																																			
19931	uiy	uiu			0.002	190.02200000000002			0.002	175.982	0.002	171.982	0.002	179.982							-0.002	180.018																																																													-0.002	150.018	-0.002	150.018																																																							0.002	176.002			0.002	154.002				
19931	Apriori	Id(Bk)Syl1>>Id(Bk)	0.0020000000000095497	190.02200000000002																																																																																																																																																			
TOTAL				190.02200000000002		190.02200000000002		121.98		175.982		171.982		179.982		144		188		178.02		180.018		100		100		100		100		102		108.02		110		116.02		100		100		120		120		154		160.02		166		178.02		100		100		120		120		146.02		150.02		162.02		166.02		100		100		120		120		142.02		138.02		150.018		150.018		100		100		100		100		100		100		100		100		100		100		120		120		120		120		120		120		100		100		146		148		130		134		128		124		106		116		164		176.002		142		154.002		146		140
