trialnum	Generated	Heard	Id(Bk)Syl1	now	Id(Bk)	now	*F1	now	*F3	now	*F4	now	*F5	now	*B1	now	*B2	now	*B3	now	*B5	now	*F1_B1	now	*F1..._B1	now	*F1_B2	now	*F1..._B2	now	*F1_B3	now	*F1..._B3	now	*F1_B5	now	*F1..._B5	now	*F3_B1	now	*F3..._B1	now	*F3_B2	now	*F3..._B2	now	*F3_B3	now	*F3..._B3	now	*F3_B5	now	*F3..._B5	now	*F4_B1	now	*F4..._B1	now	*F4_B2	now	*F4..._B2	now	*F4_B3	now	*F4..._B3	now	*F4_B5	now	*F4..._B5	now	*F5_B1	now	*F5..._B1	now	*F5_B2	now	*F5..._B2	now	*F5_B3	now	*F5..._B3	now	*F5_B5	now	*F5..._B5	now	*_B1F1	now	*_B1...F1	now	*_B1F3	now	*_B1...F3	now	*_B1F4	now	*_B1...F4	now	*_B1F5	now	*_B1...F5	now	*_B2F1	now	*_B2...F1	now	*_B2F3	now	*_B2...F3	now	*_B2F4	now	*_B2...F4	now	*_B2F5	now	*_B2...F5	now	*_B3F1	now	*_B3...F1	now	*_B3F3	now	*_B3...F3	now	*_B3F4	now	*_B3...F4	now	*_B3F5	now	*_B3...F5	now	*_B5F1	now	*_B5...F1	now	*_B5F3	now	*_B5...F3	now	*_B5F4	now	*_B5...F4	now	*_B5F5	now	*_B5...F5	now
				0		0		175.94		226.64		252.44		305.38		159.38		189.0		217.54000000000002		277.32		150.0		150.0		150.0		150.0		150.0		150.0		150.0		150.0		150.0		150.0		150.0		150.0		150.0		150.0		150.0		150.0		150.0		150.0		150.0		150.0		150.0		150.0		150.0		150.0		150.0		150.0		153.86		154.8		157.46		159.6		165.4		170.22		150.0		150.0		150.0		150.0		150.0		150.0		151.78		153.02		150.0		150.0		150.0		150.0		150.0		150.0		155.36		157.88		150.0		150.0		150.0		150.0		150.0		150.0		158.94		162.5		150.0		150.0		150.0		150.0		150.0		150.0		166.76		172.84
1	uoa	yOA	2	2	0	0	-2	173.94	-2	224.64	-2	250.44	-2	303.38					2	219.54000000000002	2	279.32																																																																																																																																
3	oEo	OeO	2	4	0	0	-2	171.94	-2	222.64	-2	248.44	-2	301.38			2	191.0	2	221.54000000000002	2	281.32																																																																																																																																
4	au	Ay	2	6	0	0			-2	220.64	-2	246.44	-2	299.38							2	283.32																																																																																																																																
6	aIu	Aiy	2	8	0	0			-2	218.64	-2	244.44	-2	297.38	2	161.38	2	193.0	2	223.54000000000002	2	285.32																																																																																																																																
7	uEu	yey	2	10	0	0			-2	216.64	-2	242.44	-2	295.38			2	195.0	2	225.54000000000002	2	287.32																																																																																																																																
11	IIo	iio	2	12	0	0							-2	293.38	2	163.38	2	197.0	2	227.54000000000002	2	289.32																																																									-2	155.46	-2	157.6	-2	163.4	-2	168.22																																																																
15	uuo	yyO	2	14	0	0	-2	169.94	-2	214.64	-2	240.44	-2	291.38					2	229.54000000000002	2	291.32																																																																																																																																
16	iiA	iia			2	2			2	216.64	2	242.44	2	293.38							-2	289.32																																																													-2	161.4	-2	166.22																																																																
17	aa	AA	2	16	0	2			-2	214.64	-2	240.44	-2	291.38							2	291.32																																																																																																																																
20	eOi	Eoi	2	18	0	2	2	171.94	2	216.64	2	242.44	2	293.38			-2	195.0	-2	227.54000000000002	-2	289.32																																																																																															-2	155.88													-2	156.94	-2	160.5													-2	164.76	-2	170.84
23	ouE	Oye	2	20	0	2	-2	169.94	-2	214.64	-2	240.44	-2	291.38			2	197.0	2	229.54000000000002	2	291.32																																																																																																																																
25	ei	Ei	2	22	0	2					2	242.44	2	293.38			-2	195.0	-2	227.54000000000002	-2	289.32																																																																																													-2	153.36	-2	153.88													-2	154.94	-2	158.5													-2	162.76	-2	168.84
26	IaE	iAe	2	24	0	2			-2	212.64	-2	240.44	-2	291.38	2	165.38	2	197.0	2	229.54000000000002	2	291.32																																																																																																																																
27	EEu	eey	2	26	0	2			-2	210.64	-2	238.44	-2	289.38			2	199.0	2	231.54000000000002	2	293.32																																																																																																																																
31	OOe	ooE	2	28	0	2	2	171.94	2	212.64	2	240.44	2	291.38			-2	197.0	-2	229.54000000000002	-2	291.32																																																																																																																																
32	EEa	eeA	2	30	0	2			-2	210.64	-2	238.44	-2	289.38			2	199.0	2	231.54000000000002	2	293.32																																																																																																																																
33	OOe	ooE	2	32	0	2	2	173.94	2	212.64	2	240.44	2	291.38			-2	197.0	-2	229.54000000000002	-2	291.32																																																																																																																																
34	EE	ee	2	34	0	2					-2	238.44	-2	289.38			2	199.0	2	231.54000000000002	2	293.32																																																																																																																																
35	OAO	oao	2	36	0	2	2	175.94	2	214.64	2	240.44	2	291.38					-2	229.54000000000002	-2	291.32																																																																																																																																
37	uoI	uoi			2	4							-2	289.38	2	167.38	2	201.0	2	231.54000000000002	2	293.32																																																																																																													-2	152.94	-2	156.5													-2	160.76	-2	166.84
38	AA	aa	2	38	0	4			2	216.64	2	242.44	2	291.38							-2	291.32																																																																																																																																
39	EoI	Eoi			2	6							-2	289.38	2	169.38	2	203.0	2	233.54000000000002	2	293.32																																																																																															-2	151.88													-2	150.94	-2	154.5													-2	158.76	-2	164.84
40	iyi	iui			2	8			2	218.64	2	244.44	2	291.38							-2	291.32																																																													-2	159.4	-2	164.22																																																													-2	156.76	-2	162.84
41	Ioo	iOO	2	40	0	8	-2	173.94	-2	216.64	-2	242.44	-2	289.38	2	171.38	2	205.0	2	235.54000000000002	2	293.32																																																																																																																																
42	yyy	uuu	2	42	0	8			2	218.64	2	244.44	2	291.38							-2	291.32																																																																																																																																
43	uaa	yAA	2	44	0	8			-2	216.64	-2	242.44	-2	289.38							2	293.32																																																																																																																																
45	iAO	Iao	2	46	0	8	2	175.94	2	218.64	2	244.44	2	291.38	-2	169.38	-2	203.0	-2	233.54000000000002	-2	291.32																																																																																																																																
46	aau	AAy	2	48	0	8			-2	216.64	-2	242.44	-2	289.38							2	293.32																																																																																																																																
47	iOA	Ioa	2	50	0	8	2	177.94	2	218.64	2	244.44	2	291.38	-2	167.38	-2	201.0	-2	231.54000000000002	-2	291.32																																																																																																																																
48	Iaa	iAA	2	52	0	8			-2	216.64	-2	242.44	-2	289.38	2	169.38	2	203.0	2	233.54000000000002	2	293.32																																																																																																																																
49	eei	EEi	2	54	0	8					2	244.44	2	291.38			-2	201.0	-2	231.54000000000002	-2	291.32																																																																																													-2	151.36	-2	149.88													-2	148.94	-2	152.5													-2	154.76	-2	160.84
52	oI	oi			2	10							-2	289.38	2	171.38	2	203.0	2	233.54000000000002	2	293.32																																																																																																													-2	146.94	-2	150.5													-2	152.76	-2	158.84
53	AAy	aau	2	56	0	10			2	218.64	2	246.44	2	291.38							-2	291.32																																																																																																																																
55	aE	Ae	2	58	0	10			-2	216.64	-2	244.44	-2	289.38			2	205.0	2	235.54000000000002	2	293.32																																																																																																																																
59	uuo	yyO	2	60	0	10	-2	175.94	-2	214.64	-2	242.44	-2	287.38					2	237.54000000000002	2	295.32																																																																																																																																
60	iyA	Iua	2	62	0	10			2	216.64	2	244.44	2	289.38	-2	169.38	-2	203.0	-2	235.54000000000002	-2	293.32																																																																																																																																
63	AOy	aou	2	64	0	10	2	177.94	2	218.64	2	246.44	2	291.38					-2	233.54000000000002	-2	291.32																																																																																																																																
64	uEI	uEi			2	12							-2	289.38	2	171.38	2	205.0	2	235.54000000000002	2	293.32																																																																																													-2	149.36	-2	147.88													-2	144.94	-2	148.5													-2	150.76	-2	156.84
65	AOA	aoa	2	66	0	12	2	179.94	2	220.64	2	248.44	2	291.38					-2	233.54000000000002	-2	291.32																																																																																																																																
68	yO	uo	2	68	0	12	2	181.94	2	222.64	2	250.44	2	293.38					-2	231.54000000000002	-2	289.32																																																																																																																																
69	ooI	ooi			2	14							-2	291.38	2	173.38	2	207.0	2	233.54000000000002	2	291.32																																																																																																													-2	142.94	-2	146.5													-2	148.76	-2	154.84
70	aEE	Aee	2	70	0	14			-2	220.64	-2	248.44	-2	289.38			2	209.0	2	235.54000000000002	2	293.32																																																																																																																																
71	eiA	Eia	2	72	0	14			2	222.64	2	250.44	2	291.38			-2	207.0	-2	233.54000000000002	-2	291.32																																																													-2	157.4	-2	162.22																													-2	147.36	-2	145.88													-2	140.94	-2	144.5													-2	146.76	-2	152.84
73	uEu	yey	2	74	0	14			-2	220.64	-2	248.44	-2	289.38			2	209.0	2	235.54000000000002	2	293.32																																																																																																																																
75	iA	Ia	2	76	0	14			2	222.64	2	250.44	2	291.38	-2	171.38	-2	207.0	-2	233.54000000000002	-2	291.32																																																																																																																																
76	yOy	uou	2	78	0	14	2	183.94	2	224.64	2	252.44	2	293.38					-2	231.54000000000002	-2	289.32																																																																																																																																
77	EoI	Eoi			2	16							-2	291.38	2	173.38	2	209.0	2	233.54000000000002	2	291.32																																																																																															-2	143.88													-2	138.94	-2	142.5													-2	144.76	-2	150.84
78	II	ii	2	80	0	16							-2	289.38	2	175.38	2	211.0	2	235.54000000000002	2	293.32																																																																																																																																
79	iOi	ioi			2	18	2	185.94	2	226.64	2	254.44	2	291.38					-2	233.54000000000002	-2	291.32																																																									-2	153.46	-2	155.6	-2	155.4	-2	160.22																																													-2	136.94	-2	140.5													-2	142.76	-2	148.84
80	Ai	ai	2	82	0	18			2	228.64	2	256.44	2	293.38							-2	289.32																																																																																																																													-2	140.76	-2	146.84
81	EaI	eAi	2	84	0	18			-2	226.64	-2	254.44	-2	291.38	2	177.38	2	213.0	2	235.54000000000002	2	291.32																																																																																																																																
82	OOy	oou	2	86	0	18	2	187.94	2	228.64	2	256.44	2	293.38					-2	233.54000000000002	-2	289.32																																																																																																																																
85	IaI	iai	2	88	0	18							-2	291.38	2	179.38	2	215.0	2	235.54000000000002	2	291.32																																																													-2	153.4	-2	158.22																																																													-2	138.76	-2	144.84
86	iei	iEi			2	20					2	258.44	2	293.38			-2	213.0	-2	233.54000000000002	-2	289.32																																																					-2	151.86	-2	152.8	-2	151.46	-2	153.6	-2	151.4	-2	156.22																													-2	145.36	-2	141.88													-2	134.94	-2	138.5													-2	136.76	-2	142.84
88	IuI	Iui			2	22							-2	291.38	2	181.38	2	215.0	2	235.54000000000002	2	291.32																																																																															-2	151.02															-2	139.88															-2	136.5													-2	134.76	-2	140.84
89	aa	AA	2	90	0	22			-2	226.64	-2	256.44	-2	289.38							2	293.32																																																																																																																																
90	yAi	uai	2	92	0	22			2	228.64	2	258.44	2	291.38							-2	291.32																																																																																																																													-2	132.76	-2	138.84
94	yOi	uoi	2	94	0	22	2	189.94	2	230.64	2	260.44	2	293.38					-2	233.54000000000002	-2	289.32																																																																																																													-2	132.94	-2	134.5													-2	130.76	-2	136.84
95	uE	ye	2	96	0	22			-2	228.64	-2	258.44	-2	291.38			2	217.0	2	235.54000000000002	2	291.32																																																																																																																																
96	yOA	uoa	2	98	0	22	2	191.94	2	230.64	2	260.44	2	293.38					-2	233.54000000000002	-2	289.32																																																																																																																																
98	uoa	yOA	2	100	0	22	-2	189.94	-2	228.64	-2	258.44	-2	291.38					2	235.54000000000002	2	291.32																																																																																																																																
99	Eao	eAO	2	102	0	22	-2	187.94	-2	226.64	-2	256.44	-2	289.38			2	219.0	2	237.54000000000002	2	293.32																																																																																																																																
104	AyO	auo	2	104	0	22	2	189.94	2	228.64	2	258.44	2	291.38					-2	235.54000000000002	-2	291.32																																																																																																																																
107	IIu	iiy	2	106	0	22			-2	226.64	-2	256.44	-2	289.38	2	183.38	2	221.0	2	237.54000000000002	2	293.32																																																																																																																																
108	iyi	iui			2	24			2	228.64	2	258.44	2	291.38							-2	291.32																																																													-2	149.4	-2	154.22																																																													-2	128.76	-2	134.84
114	eAi	Eai	2	108	0	24			2	230.64	2	260.44	2	293.38			-2	219.0	-2	235.54000000000002	-2	289.32																																																																																															-2	137.88															-2	132.5													-2	126.75999999999999	-2	132.84
115	Eua	eyA	2	110	0	24			-2	228.64	-2	258.44	-2	291.38			2	221.0	2	237.54000000000002	2	291.32																																																																																																																																
116	uEE	yee	2	112	0	24			-2	226.64	-2	256.44	-2	289.38			2	223.0	2	239.54000000000002	2	293.32																																																																																																																																
118	iiO	Iio	2	114	0	24	2	191.94	2	228.64	2	258.44	2	291.38	-2	181.38	-2	221.0	-2	237.54000000000002	-2	291.32																																																									-2	149.46	-2	151.6	-2	147.4	-2	152.22													-2	149.78	-2	149.02													-2	143.36	-2	135.88													-2	130.94	-2	130.5													-2	124.75999999999999	-2	130.84
119	Oi	oi	2	116	0	24	2	193.94	2	230.64	2	260.44	2	293.38					-2	235.54000000000002	-2	289.32																																																																																																													-2	128.94	-2	128.5													-2	122.75999999999999	-2	128.84
120	IEa	ieA	2	118	0	24			-2	228.64	-2	258.44	-2	291.38	2	183.38	2	223.0	2	237.54000000000002	2	291.32																																																																																																																																
121	aoa	AOA	2	120	0	24	-2	191.94	-2	226.64	-2	256.44	-2	289.38					2	239.54000000000002	2	293.32																																																																																																																																
125	AAe	aaE	2	122	0	24			2	228.64	2	258.44	2	291.38			-2	221.0	-2	237.54000000000002	-2	291.32																																																																																																																																
128	uEE	yee	2	124	0	24			-2	226.64	-2	256.44	-2	289.38			2	223.0	2	239.54000000000002	2	293.32																																																																																																																																
130	eeO	EEo	2	126	0	24	2	193.94	2	228.64	2	258.44	2	291.38			-2	221.0	-2	237.54000000000002	-2	291.32																																																																																																																																
133	IEo	iEo	2	128	0	24							-2	289.38	2	185.38	2	223.0	2	239.54000000000002	2	293.32																																																					-2	149.86	-2	150.8	-2	147.46	-2	149.6	-2	145.4	-2	150.22																																																																
135	iei	IEi	2	130	0	24					2	260.44	2	291.38	-2	183.38	-2	221.0	-2	237.54000000000002	-2	291.32																																																																															-2	147.02													-2	141.36	-2	133.88													-2	126.94	-2	126.5													-2	120.75999999999999	-2	126.84
137	IuE	iye	2	132	0	24			-2	226.64	-2	258.44	-2	289.38	2	185.38	2	223.0	2	239.54000000000002	2	293.32																																																																																																																																
138	iOy	iou			2	26	2	195.94	2	228.64	2	260.44	2	291.38					-2	237.54000000000002	-2	291.32																																																									-2	145.46	-2	147.6	-2	143.4	-2	148.22																																																																
139	iO	io			2	28	2	197.94	2	230.64	2	262.44	2	293.38					-2	235.54000000000002	-2	289.32																																																									-2	143.46	-2	145.6	-2	141.4	-2	146.22																																																																
141	EE	ee	2	134	0	28					-2	260.44	-2	291.38			2	225.0	2	237.54000000000002	2	291.32																																																																																																																																
142	Iao	iAO	2	136	0	28	-2	195.94	-2	228.64	-2	258.44	-2	289.38	2	187.38	2	227.0	2	239.54000000000002	2	293.32																																																																																																																																
143	iei	iEi			2	30					2	260.44	2	291.38			-2	225.0	-2	237.54000000000002	-2	291.32																																																					-2	147.86	-2	148.8	-2	141.46	-2	143.6	-2	139.4	-2	144.22																													-2	139.36	-2	131.88													-2	124.94	-2	124.5													-2	118.75999999999999	-2	124.84
144	IaI	iai	2	138	0	30							-2	289.38	2	189.38	2	227.0	2	239.54000000000002	2	293.32																																																													-2	137.4	-2	142.22																																																													-2	116.75999999999999	-2	122.84
145	ei	Ei	2	140	0	30					2	262.44	2	291.38			-2	225.0	-2	237.54000000000002	-2	291.32																																																																																													-2	137.36	-2	129.88													-2	122.94	-2	122.5													-2	114.75999999999999	-2	120.84
146	OOA	ooa	2	142	0	30	2	197.94	2	230.64	2	264.44	2	293.38					-2	235.54000000000002	-2	289.32																																																																																																																																
147	Iau	iAy	2	144	0	30			-2	228.64	-2	262.44	-2	291.38	2	191.38	2	227.0	2	237.54000000000002	2	291.32																																																																																																																																
148	aaI	aai			2	32							-2	289.38	2	193.38	2	229.0	2	239.54000000000002	2	293.32																																																																																																																													-2	112.75999999999999	-2	118.84
149	iAO	Iao	2	146	0	32	2	199.94	2	230.64	2	264.44	2	291.38	-2	191.38	-2	227.0	-2	237.54000000000002	-2	291.32																																																																																																																																
150	OA	oa	2	148	0	32	2	201.94	2	232.64	2	266.44	2	293.38					-2	235.54000000000002	-2	289.32																																																																																																																																
152	ouI	Oyi	2	150	0	32	-2	199.94	-2	230.64	-2	264.44	-2	291.38	2	193.38	2	229.0	2	237.54000000000002	2	291.32																																																																																																																																
153	II	Ii			2	34							-2	289.38	2	195.38	2	231.0	2	239.54000000000002	2	293.32																																																																													-2	147.78	-2	145.02													-2	135.36	-2	127.88													-2	120.94	-2	120.5													-2	110.75999999999999	-2	116.84
157	AOe	aoE	2	152	0	34	2	201.94	2	232.64	2	266.44	2	291.38			-2	229.0	-2	237.54000000000002	-2	291.32																																																																																																																																
159	Eao	eAO	2	154	0	34	-2	199.94	-2	230.64	-2	264.44	-2	289.38			2	231.0	2	239.54000000000002	2	293.32																																																																																																																																
164	IIE	iiE	2	156	0	34							-2	287.38	2	197.38	2	233.0	2	241.54000000000002	2	295.32																																																					-2	145.86	-2	146.8	-2	139.46	-2	141.6	-2	135.4	-2	140.22																																																																
165	OeA	oEa	2	158	0	34	2	201.94	2	232.64	2	266.44	2	289.38			-2	231.0	-2	239.54000000000002	-2	293.32																																																																																																																																
169	iOe	ioE			2	36	2	203.94	2	234.64	2	268.44	2	291.38			-2	229.0	-2	237.54000000000002	-2	291.32																																																							-2	144.8	-2	137.46	-2	139.6	-2	133.4	-2	138.22																																																																
171	EIa	eiA	2	160	0	36			-2	232.64	-2	266.44	-2	289.38	2	199.38	2	231.0	2	239.54000000000002	2	293.32																																																																																																																																
174	OAi	oai	2	162	0	36	2	205.94	2	234.64	2	268.44	2	291.38					-2	237.54000000000002	-2	291.32																																																																																																															-2	118.5													-2	108.75999999999999	-2	114.84
175	aEu	Aey	2	164	0	36			-2	232.64	-2	266.44	-2	289.38			2	233.0	2	239.54000000000002	2	293.32																																																																																																																																
177	eyy	Euu	2	166	0	36			2	234.64	2	268.44	2	291.38			-2	231.0	-2	237.54000000000002	-2	291.32																																																																																																																																
179	iey	iEu			2	38			2	236.64	2	270.44	2	293.38			-2	229.0	-2	235.54000000000002	-2	289.32																																																					-2	143.86	-2	142.8	-2	135.46	-2	137.6	-2	131.4	-2	136.22																																																																
180	uoI	yOi	2	168	0	38	-2	203.94	-2	234.64	-2	268.44	-2	291.38	2	201.38	2	231.0	2	237.54000000000002	2	291.32																																																																																																																																
181	Iuu	iuu	2	170	0	38							-2	289.38	2	203.38	2	233.0	2	239.54000000000002	2	293.32																																																													-2	129.4	-2	134.22																																																																
182	iyi	iui			2	40			2	236.64	2	270.44	2	291.38							-2	291.32																																																													-2	127.4	-2	132.22																																																													-2	106.75999999999999	-2	112.84
184	ouE	Oye	2	172	0	40	-2	201.94	-2	234.64	-2	268.44	-2	289.38			2	235.0	2	241.54000000000002	2	293.32																																																																																																																																
185	ie	iE			2	42					2	270.44	2	291.38			-2	233.0	-2	239.54000000000002	-2	291.32																																																					-2	141.86	-2	140.8	-2	133.46	-2	135.6	-2	125.4	-2	130.22																																																																
186	iiA	iia			2	44			2	236.64	2	272.44	2	293.38							-2	289.32																																																													-2	123.4	-2	128.22																																																																
187	IIo	iio	2	174	0	44							-2	291.38	2	205.38	2	235.0	2	241.54000000000002	2	291.32																																																									-2	131.46	-2	133.6	-2	121.4	-2	126.22																																																																
188	iiO	iio			2	46	2	203.94	2	238.64	2	274.44	2	293.38					-2	239.54000000000002	-2	289.32																																																									-2	129.46	-2	131.6	-2	119.4	-2	124.22																																																																
191	aaI	aai			2	48							-2	291.38	2	207.38	2	237.0	2	241.54000000000002	2	291.32																																																																																																																													-2	104.75999999999999	-2	110.84
192	oE	Oe	2	176	0	48	-2	201.94	-2	236.64	-2	272.44	-2	289.38			2	239.0	2	243.54000000000002	2	293.32																																																																																																																																
193	iO	Io	2	178	0	48	2	203.94	2	238.64	2	274.44	2	291.38	-2	205.38	-2	237.0	-2	241.54000000000002	-2	291.32																																																																																																																																
194	uIu	uiu			2	50							-2	289.38	2	207.38	2	239.0	2	243.54000000000002	2	293.32																																																													-2	117.4	-2	122.22																																																													-2	102.75999999999999	-2	108.84
197	OeA	oEa	2	180	0	50	2	205.94	2	240.64	2	276.44	2	291.38			-2	237.0	-2	241.54000000000002	-2	291.32																																																																																																																																
199	OiO	oio	2	182	0	50	2	207.94	2	242.64	2	278.44	2	293.38					-2	239.54000000000002	-2	289.32																																																									-2	127.46000000000001	-2	129.6	-2	115.4	-2	120.22																																													-2	118.94	-2	116.5													-2	100.75999999999999	-2	106.84
201	ouE	Oye	2	184	0	50	-2	205.94	-2	240.64	-2	276.44	-2	291.38			2	239.0	2	241.54000000000002	2	291.32																																																																																																																																
202	uEI	yei	2	186	0	50			-2	238.64	-2	274.44	-2	289.38	2	209.38	2	241.0	2	243.54000000000002	2	293.32																																																																																																																																
203	Oe	oE	2	188	0	50	2	207.94	2	240.64	2	276.44	2	291.38			-2	239.0	-2	241.54000000000002	-2	291.32																																																																																																																																
204	uIo	uio			2	52							-2	289.38	2	211.38	2	241.0	2	243.54000000000002	2	293.32																																																									-2	125.46000000000001	-2	127.6	-2	113.4	-2	118.22																																																													-2	98.75999999999999	-2	104.84
205	eOe	EoE	2	190	0	52	2	209.94	2	242.64	2	278.44	2	291.38			-2	239.0	-2	241.54000000000002	-2	291.32																																																																																																																																
206	Ia	iA	2	192	0	52			-2	240.64	-2	276.44	-2	289.38	2	213.38	2	241.0	2	243.54000000000002	2	293.32																																																																																																																																
207	OO	oo	2	194	0	52	2	211.94	2	242.64	2	278.44	2	291.38					-2	241.54000000000002	-2	291.32																																																																																																																																
208	EE	ee	2	196	0	52					-2	276.44	-2	289.38			2	243.0	2	243.54000000000002	2	293.32																																																																																																																																
210	AAO	aao	2	198	0	52	2	213.94	2	244.64	2	278.44	2	291.38					-2	241.54000000000002	-2	291.32																																																																																																																																
211	iyO	Iuo	2	200	0	52	2	215.94	2	246.64	2	280.44	2	293.38	-2	211.38	-2	241.0	-2	239.54000000000002	-2	289.32																																																																																																																																
212	aaa	AAA	2	202	0	52			-2	244.64	-2	278.44	-2	291.38							2	291.32																																																																																																																																
216	Aiy	aiu	2	204	0	52			2	246.64	2	280.44	2	293.38							-2	289.32																																																													-2	111.4	-2	116.22																																																													-2	96.75999999999999	-2	102.84
218	aI	Ai	2	206	0	52			-2	244.64	-2	278.44	-2	291.38	2	213.38	2	243.0	2	241.54000000000002	2	291.32																																																																																																																																
219	iyO	Iuo	2	208	0	52	2	217.94	2	246.64	2	280.44	2	293.38	-2	211.38	-2	241.0	-2	239.54000000000002	-2	289.32																																																																																																																																
220	II	ii	2	210	0	52							-2	291.38	2	213.38	2	243.0	2	241.54000000000002	2	291.32																																																																																																																																
221	AiO	aio	2	212	0	52	2	219.94	2	248.64	2	282.44	2	293.38					-2	239.54000000000002	-2	289.32																																																									-2	123.46000000000001	-2	125.6	-2	109.4	-2	114.22																																																													-2	94.75999999999999	-2	100.84
223	Euu	eyy	2	214	0	52			-2	246.64	-2	280.44	-2	291.38			2	245.0	2	241.54000000000002	2	291.32																																																																																																																																
224	uo	yO	2	216	0	52	-2	217.94	-2	244.64	-2	278.44	-2	289.38					2	243.54000000000002	2	293.32																																																																																																																																
225	iOA	Ioa	2	218	0	52	2	219.94	2	246.64	2	280.44	2	291.38	-2	211.38	-2	243.0	-2	241.54000000000002	-2	291.32																																																																																																																																
226	iOi	ioi			2	54	2	221.94	2	248.64	2	282.44	2	293.38					-2	239.54000000000002	-2	289.32																																																									-2	121.46000000000001	-2	123.6	-2	107.4	-2	112.22																																													-2	116.94	-2	114.5													-2	92.75999999999999	-2	98.84
228	oaI	oai			2	56							-2	291.38	2	213.38	2	245.0	2	241.54000000000002	2	291.32																																																																																																															-2	112.5													-2	90.75999999999999	-2	96.84
229	aau	AAy	2	220	0	56			-2	246.64	-2	280.44	-2	289.38							2	293.32																																																																																																																																
234	eAA	Eaa	2	222	0	56			2	248.64	2	282.44	2	291.38			-2	243.0	-2	239.54000000000002	-2	291.32																																																																																																																																
235	oIE	oiE			2	58							-2	289.38	2	215.38	2	245.0	2	241.54000000000002	2	293.32																																																					-2	139.86	-2	138.8	-2	119.46000000000001	-2	121.6	-2	105.4	-2	110.22																																													-2	114.94	-2	110.5													-2	88.75999999999999	-2	94.84
238	eie	EiE	2	224	0	58					2	284.44	2	291.38			-2	243.0	-2	239.54000000000002	-2	291.32																																																					-2	137.86	-2	136.8	-2	117.46000000000001	-2	119.6	-2	103.4	-2	108.22																													-2	133.36	-2	125.88													-2	112.94	-2	108.5													-2	86.75999999999999	-2	92.84
239	Aey	aEu	2	226	0	58			2	250.64	2	286.44	2	293.38			-2	241.0	-2	237.54000000000002	-2	289.32																																																																																																																																
240	ouI	Oyi	2	228	0	58	-2	219.94	-2	248.64	-2	284.44	-2	291.38	2	217.38	2	243.0	2	239.54000000000002	2	291.32																																																																																																																																
242	iOi	ioi			2	60	2	221.94	2	250.64	2	286.44	2	293.38					-2	237.54000000000002	-2	289.32																																																									-2	115.46000000000001	-2	117.6	-2	101.4	-2	106.22																																													-2	110.94	-2	106.5													-2	84.75999999999999	-2	90.84
243	ouI	Oyi	2	230	0	60	-2	219.94	-2	248.64	-2	284.44	-2	291.38	2	219.38	2	245.0	2	239.54000000000002	2	291.32																																																																																																																																
244	IoI	Ioi			2	62							-2	289.38	2	221.38	2	247.0	2	241.54000000000002	2	293.32																																																																															-2	143.02															-2	123.88													-2	108.94	-2	104.5													-2	82.75999999999999	-2	88.84
249	AOe	aoE	2	232	0	62	2	221.94	2	250.64	2	286.44	2	291.38			-2	245.0	-2	239.54000000000002	-2	291.32																																																																																																																																
253	Io	iO	2	234	0	62	-2	219.94	-2	248.64	-2	284.44	-2	289.38	2	223.38	2	247.0	2	241.54000000000002	2	293.32																																																																																																																																
254	Ayi	aui	2	236	0	62			2	250.64	2	286.44	2	291.38							-2	291.32																																																																																																																													-2	80.75999999999999	-2	86.84
256	iie	iiE			2	64					2	288.44	2	293.38			-2	245.0	-2	239.54000000000002	-2	289.32																																																					-2	135.86	-2	134.8	-2	113.46000000000001	-2	115.6	-2	99.4	-2	104.22																																																																
257	aI	Ai	2	238	0	64			-2	248.64	-2	286.44	-2	291.38	2	225.38	2	247.0	2	241.54000000000002	2	291.32																																																																																																																																
258	iee	iEE			2	66					2	288.44	2	293.38			-2	245.0	-2	239.54000000000002	-2	289.32																																																					-2	133.86	-2	132.8	-2	111.46000000000001	-2	113.6	-2	97.4	-2	102.22																																																																
259	oIa	oia			2	68							-2	291.38	2	227.38	2	247.0	2	241.54000000000002	2	291.32																																																													-2	95.4	-2	100.22																																													-2	106.94	-2	102.5													-2	78.75999999999999	-2	84.84
260	yey	uEu	2	240	0	68			2	250.64	2	290.44	2	293.38			-2	245.0	-2	239.54000000000002	-2	289.32																																																																																																																																
261	ua	yA	2	242	0	68			-2	248.64	-2	288.44	-2	291.38							2	291.32																																																																																																																																
262	ieO	iEo			2	70	2	221.94	2	250.64	2	290.44	2	293.38			-2	243.0	-2	237.54000000000002	-2	289.32																																																					-2	131.86	-2	130.8	-2	109.46000000000001	-2	111.6	-2	93.4	-2	98.22																																																																
263	Euo	eyO	2	244	0	70	-2	219.94	-2	248.64	-2	288.44	-2	291.38			2	245.0	2	239.54000000000002	2	291.32																																																																																																																																
264	auE	Aye	2	246	0	70			-2	246.64	-2	286.44	-2	289.38			2	247.0	2	241.54000000000002	2	293.32																																																																																																																																
266	AyA	aua	2	248	0	70			2	248.64	2	288.44	2	291.38							-2	291.32																																																																																																																																
267	iiA	iia			2	72			2	250.64	2	290.44	2	293.38							-2	289.32																																																													-2	91.4	-2	96.22																																																																
268	aEE	Aee	2	250	0	72			-2	248.64	-2	288.44	-2	291.38			2	249.0	2	243.54000000000002	2	291.32																																																																																																																																
272	IoE	ioE	2	252	0	72							-2	289.38	2	229.38	2	251.0	2	245.54000000000002	2	293.32																																																							-2	128.8	-2	107.46000000000001	-2	109.6	-2	89.4	-2	94.22																																																																
273	yei	uEi	2	254	0	72			2	250.64	2	290.44	2	291.38			-2	249.0	-2	243.54000000000002	-2	291.32																																																																																													-2	131.36	-2	121.88													-2	104.94	-2	100.5													-2	76.75999999999999	-2	82.84
274	eyy	Euu	2	256	0	72			2	252.64	2	292.44	2	293.38			-2	247.0	-2	241.54000000000002	-2	289.32																																																																																																																																
276	EEu	eey	2	258	0	72			-2	250.64	-2	290.44	-2	291.38			2	249.0	2	243.54000000000002	2	291.32																																																																																																																																
277	OiO	oio	2	260	0	72	2	221.94	2	252.64	2	292.44	2	293.38					-2	241.54000000000002	-2	289.32																																																									-2	105.46000000000001	-2	107.6	-2	87.4	-2	92.22																																													-2	102.94	-2	98.5													-2	74.75999999999999	-2	80.84
279	AAy	aau	2	262	0	72			2	254.64	2	294.44	2	295.38							-2	287.32																																																																																																																																
281	oII	Oii	2	264	0	72	-2	219.94	-2	252.64	-2	292.44	-2	293.38	2	231.38	2	251.0	2	243.54000000000002	2	289.32																																																																																																																																
282	EIu	Eiu			2	74							-2	291.38	2	233.38	2	253.0	2	245.54000000000002	2	291.32																																																													-2	85.4	-2	90.22																													-2	129.36	-2	119.88													-2	100.94	-2	96.5													-2	72.75999999999999	-2	78.84
283	EaE	eAe	2	266	0	74			-2	250.64	-2	290.44	-2	289.38			2	255.0	2	247.54000000000002	2	293.32																																																																																																																																
284	OyA	oua	2	268	0	74	2	221.94	2	252.64	2	292.44	2	291.38					-2	245.54000000000002	-2	291.32																																																																																																																																
286	EIu	eiy	2	270	0	74			-2	250.64	-2	290.44	-2	289.38	2	235.38	2	257.0	2	247.54000000000002	2	293.32																																																																																																																																
287	yO	uo	2	272	0	74	2	223.94	2	252.64	2	292.44	2	291.38					-2	245.54000000000002	-2	291.32																																																																																																																																
291	EaI	eAi	2	274	0	74			-2	250.64	-2	290.44	-2	289.38	2	237.38	2	259.0	2	247.54000000000002	2	293.32																																																																																																																																
292	ie	IE	2	276	0	74					2	292.44	2	291.38	-2	235.38	-2	257.0	-2	245.54000000000002	-2	291.32																																																																																																																																
294	uuo	yyO	2	278	0	74	-2	221.94	-2	248.64	-2	290.44	-2	289.38					2	247.54000000000002	2	293.32																																																																																																																																
295	iey	iEu			2	76			2	250.64	2	292.44	2	291.38			-2	255.0	-2	245.54000000000002	-2	291.32																																																					-2	129.86	-2	126.80000000000001	-2	103.46000000000001	-2	105.6	-2	83.4	-2	88.22																																																																
296	auI	aui			2	78							-2	289.38	2	237.38	2	257.0	2	247.54000000000002	2	293.32																																																																																																																													-2	70.75999999999999	-2	76.84
297	aou	AOy	2	280	0	78	-2	219.94	-2	248.64	-2	290.44	-2	287.38					2	249.54000000000002	2	295.32																																																																																																																																
298	Ae	aE	2	282	0	78			2	250.64	2	292.44	2	289.38			-2	255.0	-2	247.54000000000002	-2	293.32																																																																																																																																
299	Aiy	aiu	2	284	0	78			2	252.64	2	294.44	2	291.38							-2	291.32																																																													-2	81.4	-2	86.22																																																													-2	68.75999999999999	-2	74.84
300	aoi	AOi	2	286	0	78	-2	217.94	-2	250.64	-2	292.44	-2	289.38					2	249.54000000000002	2	293.32																																																																																																													2	102.94	2	98.5													2	70.75999999999999	2	76.84
301	EIE	eie	2	288	0	78					-2	290.44	-2	287.38	2	239.38	2	257.0	2	251.54000000000002	2	295.32																																																																																																																																
304	Oye	ouE	2	290	0	78	2	219.94	2	252.64	2	292.44	2	289.38			-2	255.0	-2	249.54000000000002	-2	293.32																																																																																																																																
306	iEa	ieA			2	80			-2	250.64	-2	290.44	-2	287.38			2	257.0	2	251.54000000000002	2	295.32																																																					2	131.86	2	128.8	2	105.46000000000001	2	107.6	2	83.4	2	88.22																																																																
307	eeA	EEa	2	292	0	80			2	252.64	2	292.44	2	289.38			-2	255.0	-2	249.54000000000002	-2	293.32																																																																																																																																
308	uyA	uua			2	82			2	254.64	2	294.44	2	291.38							-2	291.32																																																																																																																					2	152.0	2	152.0	2	152.0	2	152.0	2	72.75999999999999	2	78.84
311	uoa	yOA	2	294	0	82	-2	217.94	-2	252.64	-2	292.44	-2	289.38					2	251.54000000000002	2	293.32																																																																																																																																
314	aii	Aii	2	296	0	82			-2	250.64	-2	290.44	-2	287.38							2	295.32																																																																																																																													2	74.75999999999999	2	80.84
319	OA	oa	2	298	0	82	2	219.94	2	252.64	2	292.44	2	289.38					-2	249.54000000000002	-2	293.32																																																																																																																																
320	aOy	aou			2	84	2	221.94	2	254.64	2	294.44	2	291.38					-2	247.54000000000002	-2	291.32																																																																																																																	2	152.0	2	152.0	2	154.0	2	154.0	2	154.0	2	154.0	2	76.75999999999999	2	82.84
323	oIE	oiE			2	86							-2	289.38	2	241.38	2	257.0	2	249.54000000000002	2	293.32																																																					-2	129.86	-2	126.80000000000001	-2	103.46000000000001	-2	105.6	-2	81.4	-2	86.22																																													-2	100.94	-2	96.5													-2	74.75999999999999	-2	80.84
325	oAe	oaE			2	88			2	256.64	2	296.44	2	291.38			-2	255.0	-2	247.54000000000002	-2	291.32																																																																																																					2	152.0	2	152.0	2	152.0	2	152.0	2	102.94	2	98.5					2	156.0	2	156.0	2	156.0	2	156.0	2	76.75999999999999	2	82.84
326	ouI	oui			2	90							-2	289.38	2	243.38	2	257.0	2	249.54000000000002	2	293.32																																																																																																															-2	96.5													-2	74.75999999999999	-2	80.84
327	Auo	AyO			2	92	-2	219.94	-2	254.64	-2	294.44	-2	287.38					2	251.54000000000002	2	295.32																											2	152.0	2	152.0	2	152.0											2	152.0	2	152.0	2	152.0											2	107.6	2	83.4	2	88.22																																																																
330	Oiu	Oiy			2	94			-2	252.64	-2	292.44	-2	285.38							2	297.32															2	152.0															2	154.0															2	154.0													2	85.4	2	90.22																																																																
331	Eee	EEE			2	96					2	294.44	2	287.38			-2	255.0	-2	249.54000000000002	-2	295.32																																																																																									2	152.0	2	152.0	2	131.36	2	121.88									2	154.0	2	154.0	2	104.94	2	98.5									2	158.0	2	158.0	2	76.75999999999999	2	82.84
333	oee	oEE			2	98					2	296.44	2	289.38			-2	253.0	-2	247.54000000000002	-2	293.32																																																																																																									2	156.0	2	156.0	2	106.94	2	100.5									2	160.0	2	160.0	2	78.75999999999999	2	84.84
336	IyA	Iua			2	100			2	254.64	2	298.44	2	291.38							-2	291.32																																																																					2	152.0	2	152.0	2	152.0	2	152.0	2	149.78	2	145.02					2	152.0	2	152.0	2	154.0	2	154.0	2	133.36	2	123.88					2	154.0	2	154.0	2	158.0	2	158.0	2	108.94	2	102.5					2	158.0	2	158.0	2	162.0	2	162.0	2	80.75999999999999	2	86.84
337	EI	Ei			2	102							-2	289.38	2	245.38	2	255.0	2	249.54000000000002	2	293.32																																																																																													-2	131.36	-2	121.88													-2	106.94	-2	100.5													-2	78.75999999999999	-2	84.84
339	uio	yiO	2	300	0	102	-2	217.94	-2	252.64	-2	296.44	-2	287.38					2	251.54000000000002	2	295.32																																																									2	105.46000000000001	2	109.6	2	87.4	2	92.22																																																													2	80.75999999999999	2	86.84
343	eou	eOy			2	104	-2	215.94	-2	250.64	-2	294.44	-2	285.38					2	253.54000000000002	2	297.32																																									2	152.0	2	154.0	2	154.0	2	156.0									2	107.46000000000001	2	111.6	2	89.4	2	94.22																																																																
346	OA	oa	2	302	0	104	2	217.94	2	252.64	2	296.44	2	287.38					-2	251.54000000000002	-2	295.32																																																																																																																																
347	uOe	uoE			2	106	2	219.94	2	254.64	2	298.44	2	289.38			-2	253.0	-2	249.54000000000002	-2	293.32																																																																																																																	2	154.0	2	154.0	2	160.0	2	160.0	2	164.0	2	164.0	2	82.75999999999999	2	88.84
351	AEE	Aee			2	108					-2	296.44	-2	287.38			2	255.0	2	251.54000000000002	2	295.32																					2	152.0	2	152.0	2	152.0	2	154.0	2	154.0	2	156.0					2	152.0	2	152.0	2	154.0	2	156.0	2	156.0	2	158.0					2	131.86	2	128.8	2	109.46000000000001	2	113.6	2	91.4	2	96.22																																																																
356	Eyi	Eui			2	110			2	256.64	2	298.44	2	289.38							-2	293.32																																																																																					2	154.0	2	154.0	2	156.0	2	156.0	2	133.36							2	156.0	2	156.0	2	160.0	2	160.0	2	108.94							2	162.0	2	162.0	2	166.0	2	166.0			-2	86.84
357	aoo	AOO	2	304	0	110	-2	217.94	-2	254.64	-2	296.44	-2	287.38					2	253.54000000000002	2	295.32																																																																																																																																
358	aiA	aia			2	112			2	256.64	2	298.44	2	289.38							-2	293.32																																																													-2	89.4	-2	94.22																																																							2	164.0			2	168.0				
359	oII	oii			2	114							-2	287.38	2	247.38	2	257.0	2	255.54000000000002	2	295.32																																																																																																													-2	106.94	-2	98.5													-2	80.75999999999999	-2	84.84
365	OEa	OeA			2	116			-2	254.64	-2	296.44	-2	285.38			2	259.0	2	257.54	2	297.32					2	152.0	2	152.0	2	152.0	2	152.0	2	152.0	2	154.0					2	154.0	2	154.0	2	154.0	2	156.0	2	156.0	2	158.0					2	154.0	2	154.0	2	156.0	2	158.0	2	158.0	2	160.0					2	133.86	2	130.8	2	111.46000000000001	2	115.6	2	91.4	2	96.22																																																																
366	Eei	EEi			2	118					2	298.44	2	287.38			-2	257.0	-2	255.54000000000002	-2	295.32																																																																																									2	158.0	2	158.0			-2	119.88									2	162.0	2	162.0			-2	96.5									2	168.0	2	170.0			-2	82.84
369	Oo	OO			2	120	-2	215.94	-2	252.64	-2	296.44	-2	285.38					2	257.54	2	297.32									2	154.0	2	154.0	2	154.0	2	156.0									2	156.0	2	158.0	2	158.0	2	160.0									2	158.0	2	160.0	2	160.0	2	162.0									2	113.46000000000001	2	117.6	2	93.4	2	98.22																																																																
370	eao	eAO			2	122	-2	213.94	-2	250.64	-2	294.44	-2	283.38					2	259.54	2	299.32																																											2	162.0	2	162.0	2	164.0											2	119.6	2	95.4	2	100.22																																																																
371	uye	uuE			2	124			2	252.64	2	296.44	2	285.38			-2	255.0	-2	257.54	-2	297.32																																																																																																																					2	164.0	2	166.0	2	170.0	2	172.0	2	82.75999999999999	2	84.84
374	EOe	EoE			2	126	2	215.94	2	254.64	2	298.44	2	287.38			-2	253.0	-2	255.54000000000002	-2	295.32																																																																																	2	152.0	2	152.0	2	156.0	2	156.0	2	160.0	2	160.0	2	135.36	2	121.88	2	152.0	2	152.0	2	158.0	2	158.0	2	164.0	2	164.0	2	108.94	2	98.5	2	156.0	2	156.0	2	166.0	2	168.0	2	172.0	2	174.0	2	84.75999999999999	2	86.84
375	oe	oE			2	128					2	300.44	2	289.38			-2	251.0	-2	253.54000000000002	-2	293.32																																																																																																									2	166.0	2	166.0	2	110.94	2	100.5									2	174.0	2	176.0	2	86.75999999999999	2	88.84
380	AoE	AOe			2	130	-2	213.94	-2	252.64	-2	298.44	-2	287.38			2	253.0	2	255.54000000000002	2	295.32																							2	156.0	2	158.0	2	160.0	2	160.0	2	162.0							2	156.0	2	160.0	2	164.0	2	164.0	2	166.0							2	132.8	2	115.46000000000001	2	121.6	2	97.4	2	102.22																																																																
381	iia	iiA			2	132			-2	250.64	-2	296.44	-2	285.38							2	297.32																																																													2	99.4	2	104.22																																																																
384	yau	yAy			2	134			-2	248.64	-2	294.44	-2	283.38							2	299.32																													2	162.0	2	164.0													2	166.0	2	168.0													2	101.4	2	106.22																																																																
385	ie	iE			2	136					2	296.44	2	285.38			-2	251.0	-2	253.54000000000002	-2	297.32																																																					-2	131.86	-2	130.8	-2	113.46000000000001	-2	119.6	-2	99.4	-2	104.22																																																																
386	yEa	yeA			2	138			-2	246.64	-2	294.44	-2	283.38			2	253.0	2	255.54000000000002	2	299.32																					2	156.0	2	158.0	2	160.0	2	162.0	2	164.0	2	166.0					2	156.0	2	158.0	2	162.0	2	166.0	2	168.0	2	170.0					2	133.86	2	132.8	2	115.46000000000001	2	121.6	2	101.4	2	106.22																																																																
387	oei	oEi			2	140					2	296.44	2	285.38			-2	251.0	-2	253.54000000000002	-2	297.32																																																																																													-2	133.36	-2	119.88									2	168.0	2	168.0			-2	98.5									2	176.0	2	178.0			-2	86.84
388	EeA	EEa			2	142			2	248.64	2	298.44	2	287.38			-2	249.0	-2	251.54000000000002	-2	295.32																																																																																							2	158.0	2	162.0	2	162.0	2	135.36	2	121.88							2	160.0	2	170.0	2	170.0	2	112.94	2	100.5							2	170.0	2	178.0	2	180.0	2	88.75999999999999	2	88.84
389	iio	iiO			2	144	-2	211.94	-2	246.64	-2	296.44	-2	285.38					2	253.54000000000002	2	297.32																																																									2	117.46000000000001	2	123.6	2	103.4	2	108.22																																																																
390	ue	uE			2	146					2	298.44	2	287.38			-2	247.0	-2	251.54000000000002	-2	295.32																																																																																																																									2	180.0	2	182.0	2	90.75999999999999	2	90.84
392	Aa	AA			2	148			-2	244.64	-2	296.44	-2	285.38							2	297.32																													2	166.0	2	168.0													2	170.0	2	172.0													2	105.4	2	110.22																																																																
393	Aio	AiO			2	150	-2	209.94	-2	242.64	-2	294.44	-2	283.38					2	253.54000000000002	2	299.32																											2	164.0			2	170.0											2	168.0			2	174.0									2	119.46000000000001	2	125.6	2	107.4	2	112.22																																																																
394	ayA	aua			2	152			2	244.64	2	296.44	2	285.38							-2	297.32																																																																																																																					2	168.0	2	172.0	2	182.0	2	184.0	2	92.75999999999999	2	92.84
396	oOi	ooi			2	154	2	211.94	2	246.64	2	298.44	2	287.38					-2	251.54000000000002	-2	295.32																																																																																																	2	154.0	2	154.0	2	160.0	2	162.0	2	172.0	2	172.0			-2	98.5	2	158.0	2	158.0	2	170.0	2	174.0	2	184.0	2	186.0			-2	90.84
398	AEE	Aee			2	156					-2	296.44	-2	285.38			2	249.0	2	253.54000000000002	2	297.32																					2	158.0	2	160.0	2	162.0	2	166.0	2	168.0	2	172.0					2	158.0	2	160.0	2	164.0	2	170.0	2	172.0	2	176.0					2	135.86	2	134.8	2	121.46000000000001	2	127.6	2	109.4	2	114.22																																																																
399	AEu	Aey			2	158			-2	244.64	-2	294.44	-2	283.38			2	251.0	2	255.54000000000002	2	299.32																					2	160.0	2	162.0	2	164.0	2	168.0	2	170.0	2	174.0					2	160.0	2	162.0	2	166.0	2	172.0	2	174.0	2	178.0					2	137.86	2	136.8	2	123.46000000000001	2	129.6	2	111.4	2	116.22																																																																
401	IAA	Iaa			2	160			2	246.64	2	296.44	2	285.38							-2	297.32																																																																					2	154.0	2	154.0	2	154.0	2	154.0	2	151.78	2	147.02					2	158.0	2	160.0	2	164.0	2	164.0	2	137.36	2	123.88					2	162.0	2	164.0	2	174.0	2	174.0	2	114.94	2	100.5					2	172.0	2	176.0	2	186.0	2	188.0	2	94.75999999999999	2	92.84
403	uey	uEu			2	162			2	248.64	2	298.44	2	287.38			-2	249.0	-2	253.54000000000002	-2	295.32																																																																																																																							2	178.0	2	188.0	2	190.0	2	96.75999999999999	2	94.84
405	Oiu	Oiy			2	164			-2	246.64	-2	296.44	-2	285.38							2	297.32															2	158.0															2	176.0															2	180.0													2	113.4	2	118.22																																																																
406	yua	yyA			2	166			-2	244.64	-2	294.44	-2	283.38							2	299.32																													2	172.0	2	178.0													2	176.0	2	182.0													2	115.4	2	120.22																																																																
407	oOy	oou			2	168	2	213.94	2	246.64	2	296.44	2	285.38					-2	251.54000000000002	-2	297.32																																																																																																	2	156.0	2	156.0	2	164.0	2	166.0	2	176.0	2	176.0	2	116.94	2	102.5	2	160.0	2	160.0	2	174.0	2	180.0	2	190.0	2	192.0	2	98.75999999999999	2	96.84
411	eoo	eOO			2	170	-2	211.94	-2	244.64	-2	294.44	-2	283.38					2	253.54000000000002	2	299.32																																									2	168.0	2	174.0	2	178.0	2	184.0									2	125.46000000000001	2	131.6	2	117.4	2	122.22																																																																
412	EAy	Eau			2	172			2	246.64	2	296.44	2	285.38							-2	297.32																																																																																					2	160.0	2	162.0	2	166.0	2	166.0	2	139.36	2	125.88					2	166.0	2	168.0	2	178.0	2	178.0	2	118.94	2	104.5					2	176.0	2	182.0	2	192.0	2	194.0	2	100.75999999999999	2	98.84
414	oAA	oaa			2	174			2	248.64	2	298.44	2	287.38							-2	295.32																																																																																																					2	168.0	2	170.0	2	180.0	2	180.0	2	120.94	2	106.5					2	178.0	2	184.0	2	194.0	2	196.0	2	102.75999999999999	2	100.84
419	eio	eiO			2	176	-2	209.94	-2	246.64	-2	296.44	-2	285.38					2	255.54000000000002	2	297.32																																											2	176.0			2	186.0									2	127.46000000000001	2	133.6	2	119.4	2	124.22																																																																
421	iiO	iio			2	178	2	211.94	2	248.64	2	298.44	2	287.38					-2	253.54000000000002	-2	295.32																																																									-2	125.46000000000001	-2	131.6	-2	117.4	-2	122.22																																																																
423	euu	eyy			2	180			-2	246.64	-2	296.44	-2	285.38							2	297.32																																													2	180.0	2	188.0													2	119.4	2	124.22																																																																
427	ayO	auo			2	182	2	213.94	2	248.64	2	298.44	2	287.38					-2	251.54000000000002	-2	295.32																																																																																																																			2	162.0	2	180.0	2	186.0	2	196.0	2	198.0	2	104.75999999999999	2	102.84
428	yo	yO			2	184	-2	211.94	-2	246.64	-2	296.44	-2	285.38					2	253.54000000000002	2	297.32																									2	166.0	2	170.0	2	174.0	2	180.0									2	170.0	2	178.0	2	182.0	2	190.0									2	127.46000000000001	2	133.6	2	121.4	2	126.22																																																																
430	OaE	OAe			2	186			-2	244.64	-2	294.44	-2	283.38			2	251.0	2	255.54000000000002	2	299.32							2	154.0			2	156.0	2	156.0	2	160.0							2	164.0			2	172.0	2	176.0	2	182.0							2	164.0			2	180.0	2	184.0	2	192.0							2	138.8			2	135.6	2	123.4	2	128.22																																																																
435	aOi	aoi			2	188	2	213.94	2	246.64	2	296.44	2	285.38					-2	253.54000000000002	-2	297.32																																																																																																													-2	118.94	-2	104.5	2	162.0	2	164.0	2	182.0	2	188.0	2	198.0	2	200.0			-2	100.84
437	EOA	Eoa			2	190	2	215.94	2	248.64	2	298.44	2	287.38					-2	251.54000000000002	-2	295.32																																																																																	2	154.0	2	154.0	2	162.0	2	164.0	2	168.0	2	168.0	2	141.36	2	127.88	2	158.0	2	158.0	2	170.0	2	172.0	2	182.0	2	182.0	2	120.94	2	106.5	2	164.0	2	166.0	2	184.0	2	190.0	2	200.0	2	202.0	2	106.75999999999999	2	102.84
449	OE	Oe			2	192					-2	296.44	-2	285.38			2	253.0	2	253.54000000000002	2	297.32					2	154.0	2	156.0	2	156.0	2	158.0	2	158.0	2	162.0					2	162.0	2	166.0	2	168.0	2	174.0	2	178.0	2	184.0					2	162.0	2	166.0	2	172.0	2	182.0	2	186.0	2	194.0					2	139.86	2	140.8	2	129.46	2	137.6	2	125.4	2	130.22																																																																
450	Ee	EE			2	194					2	298.44	2	287.38			-2	251.0	-2	251.54000000000002	-2	295.32																																																																																									2	170.0	2	170.0	2	143.36	2	129.88									2	184.0	2	184.0	2	122.94	2	108.5									2	202.0	2	204.0	2	108.75999999999999	2	104.84
451	AEa	AeA			2	196			-2	246.64	-2	296.44	-2	285.38			2	253.0	2	253.54000000000002	2	297.32																					2	164.0	2	168.0	2	170.0	2	176.0	2	180.0	2	186.0					2	164.0	2	168.0	2	174.0	2	184.0	2	188.0	2	196.0					2	141.86	2	142.8	2	131.46	2	139.6	2	127.4	2	132.22																																																																
452	IO	Io			2	198	2	217.94	2	248.64	2	298.44	2	287.38					-2	251.54000000000002	-2	295.32																																																																	2	152.0	2	152.0	2	156.0	2	156.0	2	156.0	2	156.0	2	153.78	2	149.02	2	156.0	2	156.0	2	164.0	2	166.0	2	172.0	2	172.0	2	145.36	2	131.88	2	160.0	2	160.0	2	172.0	2	174.0	2	186.0	2	186.0	2	124.94	2	110.5	2	166.0	2	168.0	2	186.0	2	192.0	2	204.0	2	206.0	2	110.75999999999999	2	106.84
453	Oao	OAO			2	200	-2	215.94	-2	246.64	-2	296.44	-2	285.38					2	253.54000000000002	2	297.32											2	160.0	2	160.0	2	164.0											2	178.0	2	182.0	2	188.0											2	186.0	2	190.0	2	198.0											2	141.6	2	129.4	2	134.22																																																																
454	yiE	yie			2	202					-2	294.44	-2	283.38			2	255.0	2	255.54000000000002	2	299.32																							2	170.0			2	180.0			2	190.0							2	170.0			2	188.0			2	200.0					2	143.86	2	144.8	2	133.46	2	143.6	2	131.4	2	136.22																																																																
458	oA	oa			2	204			2	248.64	2	296.44	2	285.38							-2	297.32																																																																																																					2	174.0	2	176.0	2	188.0	2	188.0	2	126.94	2	112.5					2	188.0	2	194.0	2	206.0	2	208.0	2	112.75999999999999	2	108.84
460	oe	oE			2	206					2	298.44	2	287.38			-2	253.0	-2	253.54000000000002	-2	295.32																																																																																																									2	190.0	2	190.0	2	128.94	2	114.5									2	208.0	2	210.0	2	114.75999999999999	2	110.84
461	iu	iy			2	208			-2	246.64	-2	296.44	-2	285.38							2	297.32																																																													2	133.4	2	138.22																																																																
462	oOe	ooE			2	210	2	217.94	2	248.64	2	298.44	2	287.38			-2	251.0	-2	251.54000000000002	-2	295.32																																																																																																	2	162.0	2	162.0	2	176.0	2	178.0	2	192.0	2	192.0	2	130.94	2	116.5	2	168.0	2	170.0	2	190.0	2	196.0	2	210.0	2	212.0	2	116.75999999999999	2	112.84
464	Oiu	Oiy			2	212			-2	246.64	-2	296.44	-2	285.38							2	297.32															2	166.0															2	192.0															2	202.0													2	135.4	2	140.22																																																																
470	Oo	OO			2	214	-2	215.94	-2	244.64	-2	294.44	-2	283.38					2	253.54000000000002	2	299.32									2	158.0	2	162.0	2	162.0	2	168.0									2	172.0	2	182.0	2	184.0	2	194.0									2	176.0	2	190.0	2	192.0	2	204.0									2	135.46	2	145.6	2	137.4	2	142.22																																																																
474	AOy	aou	2	306	0	214	2	217.94	2	246.64	2	296.44	2	285.38					-2	251.54000000000002	-2	297.32																																																																																																																																
476	Ouo	OyO			2	216	-2	215.94	-2	244.64	-2	294.44	-2	283.38					2	253.54000000000002	2	299.32											2	164.0	2	164.0	2	170.0											2	184.0	2	186.0	2	196.0											2	192.0	2	194.0	2	206.0											2	147.6	2	139.4	2	144.22																																																																
477	EOy	Eou			2	218	2	217.94	2	246.64	2	296.44	2	285.38					-2	251.54000000000002	-2	297.32																																																																																	2	158.0	2	158.0	2	166.0	2	168.0	2	174.0	2	174.0	2	147.36	2	133.88	2	164.0	2	164.0	2	178.0	2	180.0	2	194.0	2	194.0	2	132.94	2	118.5	2	170.0	2	172.0	2	192.0	2	198.0	2	212.0	2	214.0	2	118.75999999999999	2	114.84
478	Iy	Iu			2	220			2	248.64	2	298.44	2	287.38							-2	295.32																																																																					2	158.0	2	158.0	2	158.0	2	158.0	2	155.78	2	151.02					2	168.0	2	170.0	2	176.0	2	176.0	2	149.36	2	135.88					2	180.0	2	182.0	2	196.0	2	196.0	2	134.94	2	120.5					2	194.0	2	200.0	2	214.0	2	216.0	2	120.75999999999999	2	116.84
480	eaa	eAA			2	222			-2	246.64	-2	296.44	-2	285.38							2	297.32																																													2	196.0	2	208.0													2	141.4	2	146.22																																																																
481	uOy	uou			2	224	2	219.94	2	248.64	2	298.44	2	287.38					-2	249.54000000000002	-2	295.32																																																																																																																	2	172.0	2	174.0	2	196.0	2	202.0	2	216.0	2	218.0	2	122.75999999999999	2	118.84
483	yEE	yee			2	226					-2	296.44	-2	285.38			2	253.0	2	251.54000000000002	2	297.32																					2	166.0	2	172.0	2	174.0	2	186.0	2	188.0	2	198.0					2	166.0	2	172.0	2	178.0	2	194.0	2	198.0	2	210.0					2	145.86	2	146.8	2	137.46	2	149.6	2	143.4	2	148.22																																																																
486	eao	eAO			2	228	-2	217.94	-2	246.64	-2	294.44	-2	283.38					2	253.54000000000002	2	299.32																																											2	196.0	2	200.0	2	212.0											2	151.6	2	145.4	2	150.22																																																																
487	oe	oE			2	230					2	296.44	2	285.38			-2	251.0	-2	251.54000000000002	-2	297.32																																																																																																									2	198.0	2	198.0	2	136.94	2	122.5									2	218.0	2	220.0	2	124.75999999999999	2	120.84
489	yuu	yyy			2	232			-2	244.64	-2	294.44	-2	283.38							2	299.32																													2	190.0	2	200.0													2	202.0	2	214.0													2	147.4	2	152.22																																																																
493	aAA	aaa			2	234			2	246.64	2	296.44	2	285.38							-2	297.32																																																																																																																					2	198.0	2	204.0	2	220.0	2	222.0	2	126.75999999999999	2	122.84
494	iyO	iuo			2	236	2	219.94	2	248.64	2	298.44	2	287.38					-2	249.54000000000002	-2	295.32																																																											-2	149.6	-2	145.4	-2	150.22																																																																
496	eEi	eei			2	238					-2	296.44	-2	285.38			2	253.0	2	251.54000000000002	2	297.32																																					2	168.0	2	174.0	2	180.0	2	198.0	2	204.0	2	216.0					2	147.86	2	148.8	2	139.46	2	151.6	2	147.4	2	152.22																													2	151.36	2	137.88													2	138.94	2	124.5													2	128.76	2	124.84
501	oyA	oua			2	240			2	250.64	2	298.44	2	287.38							-2	295.32																																																																																																					2	182.0	2	184.0	2	200.0	2	200.0	2	140.94	2	126.5					2	200.0	2	206.0	2	222.0	2	224.0	2	130.76	2	126.84
502	Aaa	AAA			2	242			-2	248.64	-2	296.44	-2	285.38							2	297.32																													2	192.0	2	202.0													2	206.0	2	218.0													2	149.4	2	154.22																																																																
507	IAA	Iaa			2	244			2	250.64	2	298.44	2	287.38							-2	295.32																																																																					2	160.0	2	160.0	2	160.0	2	160.0	2	157.78	2	153.02					2	170.0	2	172.0	2	178.0	2	178.0	2	153.36	2	139.88					2	184.0	2	186.0	2	202.0	2	202.0	2	142.94	2	128.5					2	202.0	2	208.0	2	224.0	2	226.0	2	132.76	2	128.84
511	iuu	iyy			2	246			-2	248.64	-2	296.44	-2	285.38							2	297.32																																																													2	151.4	2	156.22																																																																
514	IAi	Iai			2	248			2	250.64	2	298.44	2	287.38							-2	295.32																																																																					2	162.0	2	162.0	2	162.0	2	162.0	2	159.78							2	172.0	2	174.0	2	180.0	2	180.0	2	155.36							2	186.0	2	188.0	2	204.0	2	204.0	2	144.94							2	204.0	2	210.0	2	226.0	2	228.0			-2	126.84
515	Oua	OyA			2	250			-2	248.64	-2	296.44	-2	285.38							2	297.32													2	166.0	2	172.0													2	194.0	2	204.0													2	208.0	2	220.0													2	153.4	2	158.22																																																																
517	oAe	oaE			2	252			2	250.64	2	298.44	2	287.38			-2	251.0	-2	249.54000000000002	-2	295.32																																																																																																					2	188.0	2	190.0	2	206.0	2	206.0	2	146.94	2	130.5					2	206.0	2	212.0	2	228.0	2	230.0	2	134.76	2	128.84
519	Oaa	OAA			2	254			-2	248.64	-2	296.44	-2	285.38							2	297.32													2	168.0	2	174.0													2	196.0	2	206.0													2	210.0	2	222.0													2	155.4	2	160.22																																																																
523	IAe	IaE			2	256			2	250.64	2	298.44	2	287.38			-2	249.0	-2	247.54000000000002	-2	295.32																																																																					2	164.0	2	164.0	2	164.0	2	164.0	2	161.78	2	155.02					2	174.0	2	176.0	2	182.0	2	182.0	2	157.36	2	141.88					2	190.0	2	192.0	2	208.0	2	208.0	2	148.94	2	132.5					2	208.0	2	214.0	2	230.0	2	232.0	2	136.76	2	130.84
524	iui	iyi			2	258			-2	248.64	-2	296.44	-2	285.38							2	297.32																																																													2	157.4	2	162.22																																																													2	138.76	2	132.84
525	iuE	iye			2	260			-2	246.64	-2	294.44	-2	283.38			2	251.0	2	249.54000000000002	2	299.32																																																							2	150.8			2	153.6	2	159.4	2	164.22																																																																
527	Iie	IiE			2	262					2	296.44	2	285.38			-2	249.0	-2	247.54000000000002	-2	297.32																																																					-2	145.86	-2	148.8	-2	137.46	-2	151.6	-2	157.4	-2	162.22											2	166.0															2	184.0															2	210.0															2	234.0				
530	aAi	aai			2	264			2	248.64	2	298.44	2	287.38							-2	295.32																																																																																																																					2	210.0	2	216.0	2	232.0	2	236.0			-2	130.84
531	iuE	iye			2	266			-2	246.64	-2	296.44	-2	285.38			2	251.0	2	249.54000000000002	2	297.32																																																							2	150.8			2	153.6	2	159.4	2	164.22																																																																
533	iAe	iaE			2	268			2	248.64	2	298.44	2	287.38			-2	249.0	-2	247.54000000000002	-2	295.32																																																							-2	148.8			-2	151.6	-2	157.4	-2	162.22																																																																
536	eaa	eAA			2	270			-2	246.64	-2	296.44	-2	285.38							2	297.32																																													2	212.0	2	224.0													2	159.4	2	164.22																																																																
539	EOe	EoE			2	272	2	221.94	2	248.64	2	298.44	2	287.38			-2	247.0	-2	245.54000000000002	-2	295.32																																																																																	2	160.0	2	160.0	2	176.0	2	178.0	2	184.0	2	186.0	2	159.36	2	143.88	2	166.0	2	166.0	2	192.0	2	194.0	2	210.0	2	212.0	2	150.94	2	134.5	2	174.0	2	176.0	2	212.0	2	218.0	2	234.0	2	238.0	2	140.76	2	132.84
543	uyi	uui			2	274			2	250.64	2	300.44	2	289.38							-2	293.32																																																																																																																					2	214.0	2	220.0	2	236.0	2	240.0			-2	130.84
544	AEa	AeA			2	276			-2	248.64	-2	298.44	-2	287.38			2	249.0	2	247.54000000000002	2	295.32																					2	168.0	2	174.0	2	176.0	2	188.0	2	198.0	2	208.0					2	170.0	2	176.0	2	182.0	2	200.0	2	214.0	2	226.0					2	147.86	2	150.8	2	139.46	2	153.6	2	161.4	2	166.22																																																																
546	oee	oEE			2	278					2	300.44	2	289.38			-2	247.0	-2	245.54000000000002	-2	293.32																																																																																																									2	212.0	2	214.0	2	152.94	2	136.5									2	238.0	2	242.0	2	142.76	2	132.84
552	OiE	Oie			2	280					-2	298.44	-2	287.38			2	249.0	2	247.54000000000002	2	295.32							2	158.0			2	166.0			2	176.0							2	176.0			2	190.0			2	210.0							2	178.0			2	202.0			2	228.0					2	149.86	2	152.8	2	141.46	2	155.6	2	163.4	2	168.22																																																																
555	iye	iuE			2	282			2	250.64	2	300.44	2	289.38			-2	247.0	-2	245.54000000000002	-2	293.32																																																							-2	150.8			-2	153.6	-2	161.4	-2	166.22																																																																
556	iuu	iyy			2	284			-2	248.64	-2	298.44	-2	287.38							2	295.32																																																													2	163.4	2	168.22																																																																
558	uyA	uua			2	286			2	250.64	2	300.44	2	289.38							-2	293.32																																																																																																																					2	216.0	2	222.0	2	240.0	2	244.0	2	144.76	2	134.84
560	eio	eiO			2	288	-2	219.94	-2	248.64	-2	298.44	-2	287.38					2	247.54000000000002	2	295.32																																											2	204.0			2	230.0									2	143.46	2	155.6	2	165.4	2	170.22																																																																
561	AaE	AAe			2	290			-2	246.64	-2	296.44	-2	285.38			2	249.0	2	249.54000000000002	2	297.32																							2	178.0			2	192.0	2	200.0	2	212.0							2	180.0			2	206.0	2	216.0	2	232.0							2	152.8			2	157.6	2	167.4	2	172.22																																																																
566	iio	iiO			2	292	-2	217.94	-2	244.64	-2	294.44	-2	283.38					2	251.54000000000002	2	299.32																																																									2	145.46	2	159.6	2	169.4	2	174.22																																																																
567	Ee	EE			2	294					2	296.44	2	285.38			-2	247.0	-2	249.54000000000002	-2	297.32																																																																																									2	186.0	2	188.0	2	161.36	2	145.88									2	214.0	2	216.0	2	154.94	2	138.5									2	242.0	2	246.0	2	146.76	2	136.84
568	uee	uEE			2	296					2	298.44	2	287.38			-2	245.0	-2	247.54000000000002	-2	295.32																																																																																																																									2	244.0	2	248.0	2	148.76	2	138.84
569	eau	eAy			2	298			-2	242.64	-2	296.44	-2	285.38							2	297.32																																													2	218.0	2	234.0													2	171.4	2	176.22																																																																
572	yai	yAi			2	300			-2	240.64	-2	294.44	-2	283.38							2	299.32																													2	202.0	2	214.0													2	220.0	2	236.0													2	173.4	2	178.22																																																													2	150.76	2	140.84
583	OEE	Oee			2	302					-2	292.44	-2	281.38			2	247.0	2	249.54000000000002	2	301.32					2	156.0	2	160.0	2	160.0	2	168.0	2	170.0	2	178.0					2	170.0	2	180.0	2	178.0	2	194.0	2	204.0	2	216.0					2	172.0	2	182.0	2	184.0	2	208.0	2	222.0	2	238.0					2	151.86	2	154.8	2	147.46	2	161.6	2	175.4	2	180.22																																																																
600	aAA	aaa			2	304			2	242.64	2	294.44	2	283.38							-2	299.32																																																																																																																					2	218.0	2	224.0	2	246.0	2	250.0	2	152.76	2	142.84
665	oAe	oaE			2	306			2	244.64	2	296.44	2	285.38			-2	245.0	-2	247.54000000000002	-2	297.32																																																																																																					2	194.0	2	196.0	2	216.0	2	218.0	2	156.94	2	140.5					2	220.0	2	226.0	2	248.0	2	252.0	2	154.76	2	144.84
4015	oee	oEE			2	308					2	298.44	2	287.38			-2	243.0	-2	245.54000000000002	-2	295.32																																																																																																									2	218.0	2	220.0	2	158.94	2	142.5									2	250.0	2	254.0	2	156.76	2	146.84
4015	Apriori	Id(Bk)Syl1>>Id(Bk)	2	308																																																																																																																																																			
5570	OoE	OOe			0.2	308.2	-0.2	217.74	-0.2	244.44	-0.2	298.24	-0.2	287.18			0.2	243.2	0.2	245.74	0.2	295.52							0.2	160.2	0.2	160.2	0.2	168.2	0.2	170.2	0.2	178.2							0.2	180.2	0.2	178.2	0.2	194.2	0.2	204.2	0.2	216.2							0.2	182.2	0.2	184.2	0.2	208.2	0.2	222.2	0.2	238.2							0.2	155.0	0.2	147.66	0.2	161.79999999999998	0.2	175.6	0.2	180.42																																																																
5570	Apriori	Id(Bk)Syl1>>Id(Bk)	0.19999999999998863	308.2																																																																																																																																																			
TOTAL				308.2		308.2		217.74		244.44		298.24		287.18		247.38		243.2		245.74		295.52		150.0		150.0		156.0		160.2		160.2		168.2		170.2		178.2		150.0		150.0		170.0		180.2		178.2		194.2		204.2		216.2		150.0		150.0		172.0		182.2		184.2		208.2		222.2		238.2		150.0		150.0		151.86		155.0		147.66		161.79999999999998		175.6		180.42		152.0		152.0		164.0		164.0		164.0		166.0		161.78		155.02		160.0		160.0		176.0		178.0		186.0		188.0		161.36		145.88		166.0		166.0		194.0		196.0		218.0		220.0		158.94		142.5		174.0		176.0		220.0		226.0		250.0		254.0		156.76		146.84
