trialnum	Generated	Heard	Id(Bk)Syl1	now	Id(Bk)	now	*F1	now	*F3	now	*F4	now	*F5	now	*B1	now	*B2	now	*B3	now	*B5	now	*F1_B1	now	*F1..._B1	now	*F1_B2	now	*F1..._B2	now	*F1_B3	now	*F1..._B3	now	*F1_B5	now	*F1..._B5	now	*F3_B1	now	*F3..._B1	now	*F3_B2	now	*F3..._B2	now	*F3_B3	now	*F3..._B3	now	*F3_B5	now	*F3..._B5	now	*F4_B1	now	*F4..._B1	now	*F4_B2	now	*F4..._B2	now	*F4_B3	now	*F4..._B3	now	*F4_B5	now	*F4..._B5	now	*F5_B1	now	*F5..._B1	now	*F5_B2	now	*F5..._B2	now	*F5_B3	now	*F5..._B3	now	*F5_B5	now	*F5..._B5	now	*_B1F1	now	*_B1...F1	now	*_B1F3	now	*_B1...F3	now	*_B1F4	now	*_B1...F4	now	*_B1F5	now	*_B1...F5	now	*_B2F1	now	*_B2...F1	now	*_B2F3	now	*_B2...F3	now	*_B2F4	now	*_B2...F4	now	*_B2F5	now	*_B2...F5	now	*_B3F1	now	*_B3...F1	now	*_B3F3	now	*_B3...F3	now	*_B3F4	now	*_B3...F4	now	*_B3F5	now	*_B3...F5	now	*_B5F1	now	*_B5...F1	now	*_B5F3	now	*_B5...F3	now	*_B5F4	now	*_B5...F4	now	*_B5F5	now	*_B5...F5	now
				0		0		100		100		100		100		100		100		100		100		100		100		100		100		100		100		100		100		100		100		100		100		100		100		100		100		100		100		100		100		100		100		100		100		100		100		100		100		100		100		100		100		100		100		100		100		100		100		100		100		100		100		100		100		100		100		100		100		100		100		100		100		100		100		100		100		100		100		100		100		100		100		100		100
3	auo	AyO	2	2	0	0	-2	98	-2	98	-2	98	-2	98					2	102	2	102																																																																																																																																
5	aia	AiA	2	4	0	0			0	98	0	98	0	98							2	104																																																													2	102	2	102																																																													2	102	2	102
7	AA	aa	2	6	0	0			2	100	2	100	2	100							-2	102																																																																																																																																
8	AeA	aea	2	8	0	0			2	102	2	102	2	102							-2	100																																													-2	98	-2	98													-2	100	-2	100																																																									-2	98	-2	98	-2	100	-2	100
9	OAy	oau	2	10	0	0	2	100	2	104	2	104	2	104					-2	100	0	100																																																																																																																																
10	oII	Oii	2	12	0	0	-2	98	-2	102	-2	102	-2	102	2	102	2	102	2	102	2	102																																																																																																																																
13	OyO	ouo	2	14	0	0	2	100	2	104	2	104	2	104					-2	100	-2	100																																																																																																																																
14	aIE	Aie	2	16	0	0			-2	102	-2	102	-2	102	2	104	2	104	2	102	2	102																																																																																																																																
16	Oeu	Oey			2	2			-2	100	-2	100	-2	100							2	104															2	102															2	102													2	100	2	100													2	102	2	102																																																																
20	ye	ue	2	18	0	2			2	102	2	102	2	102							-2	102																																																																																																																									0	98	0	98	-2	98	-2	98
21	oIa	oia			2	4							0	102	2	106	2	106	2	104	2	104																																																													0	102	0	102																																													0	100	0	100													0	98	0	98
22	Aie	aie	2	20	0	4			2	104	2	104	2	104							-2	102																																																																																																																											0	98	0	98	0	98
25	oEo	oeo			2	6					0	104	0	104			2	108	2	106	2	104																																									0	100	0	100	0	100	0	100									0	100	0	100	0	102	0	102																																									0	100	0	100	0	100	0	100									0	98	0	98	0	98	0	98
28	aea	AeA	2	22	0	6			-2	102	-2	102	-2	102							2	106																																													2	102	2	102													2	104	2	104																																																									2	100	2	100	2	100	2	100
30	AyO	auo	2	24	0	6	2	102	2	104	2	104	2	104					-2	104	-2	104																																																																																																																																
32	aiA	AiA	2	26	0	6			-2	102	-2	102	-2	102							2	106																																																																																																																							2	102			2	102	2	102	2	102
33	AAe	aae	2	28	0	6			2	104	2	104	2	104							-2	104																																																																																																																									0	100	-2	100	-2	100	-2	100
37	yeA	uea	2	30	0	6			2	106	2	106	2	106							-2	102																																													0	102	0	102													-2	102	-2	102																																																									0	100	0	100	0	100	0	100
38	uio	yiO	2	32	0	6	0	102	-2	104	-2	104	-2	104					2	106	2	104																																																									2	102	2	102	2	104	2	104																																																													2	102	2	102
44	Aie	aie	2	34	0	6			2	106	2	106	2	106							-2	102																																																																																																																											0	100	0	102	0	102
45	auI	aui			2	8							0	106	2	108	2	110	2	108	2	104																																																																																																																													0	102	0	102
46	Ayi	aui	2	36	0	8			2	108	2	108	2	108							0	104																																																																																																																													0	102	0	102
47	aiu	Aiy	2	38	0	8			-2	106	-2	106	-2	106							2	106																																																													2	106	2	106																																																													2	104	2	104
48	aIo	aio			2	10							0	106	2	110	2	112	2	110	2	108																																																									0	102	0	102	0	106	0	106																																																													0	104	0	104
50	uu	yy	2	40	0	10			0	106	0	106	0	106							2	110																																																																																																																																
51	ueO	ueo			2	12	2	104	2	108	2	108	2	108					-2	108	-2	108																																									0	100	0	100	0	102	0	102									0	102	0	102	-2	104	-2	104																																																			2	102			2	104								
54	yiO	uio	2	42	0	12	2	106	2	110	2	110	2	110					-2	106	-2	106																																																									0	102	0	102	0	104	0	104																																																													0	104	0	104
56	oIa	OiA	2	44	0	12	0	106	0	110	0	110	0	110	2	112	2	114	2	108	2	108																																																																																																																																
57	aEo	aeo			2	14					0	110	0	110			2	116	2	110	2	110																																									0	100	0	100	0	102	0	102									0	102	0	102	0	104	0	104																																																									0	100	0	100	0	104	0	104
58	uou	yOy	2	46	0	14	0	106	-2	108	-2	108	-2	108					2	112	2	112																																																																																																																																
63	Oue	Oye			2	16			0	108	0	108	0	108							2	114													2	102	2	104													2	102	2	104													2	104	2	104													2	106	2	106																																																									2	102	2	102	2	106	2	106
64	Ae	ae	2	48	0	16			2	110	2	110	2	110							-2	112																																																																																																																									0	102	0	102	0	106	0	106
65	AOO	aoo	2	50	0	16	2	108	2	112	2	112	2	112					-2	110	-2	110																																																																																																																																
66	uia	yiA	2	52	0	16			-2	110	-2	110	-2	110							2	112																																																													2	108	2	108																																																													2	108	2	108
67	OAO	oao	2	54	0	16	2	110	2	112	2	112	2	112					-2	108	-2	110																																																																																																																																
69	uoa	yOA	2	56	0	16	-2	108	-2	110	-2	110	-2	110					2	110	2	112																																																																																																																																
75	AAO	aao	2	58	0	16	2	110	2	112	2	112	2	112					-2	108	-2	110																																																																																																																																
76	aae	AAe	2	60	0	16			-2	110	-2	110	-2	110							2	112																																																																																																																									2	104	2	104	2	110	2	110
77	OyO	ouo	2	62	0	16	2	112	2	112	2	112	2	112					0	108	-2	110																																																																																																																																
78	oiu	Oiy	2	64	0	16	-2	110	-2	110	-2	110	-2	110					2	110	2	112																																																													2	110	2	110																																													2	102	2	102													2	112	2	112
80	uau	yAy	2	66	0	16			0	110	0	110	0	110							2	114																																																																																																																																
83	OeA	oea	2	68	0	16	2	112	2	112	2	112	2	112					-2	108	-2	112																																													0	104	0	104													-2	108	-2	108																																									0	100	0	100	0	102	0	102									0	104	0	104	-2	110	-2	110
84	uuu	yyy	2	70	0	16			-2	110	-2	110	-2	110							2	114																																																																																																																																
86	yey	ueu	2	72	0	16			2	112	2	112	2	112							-2	112																																													0	104	0	104													0	108	0	108																																																									0	104	0	104	-2	108	-2	108
87	aia	AiA	2	74	0	16			-2	110	-2	110	-2	110							2	114																																																													2	110	2	110																																																													2	110	2	110
91	Ao	ao	2	76	0	16			2	112	2	112	2	112							-2	112																									2	102	2	102	2	104	2	106									2	102	2	102	2	106	2	106									2	104	2	104	2	112	2	112																																																																
93	aei	Aei	2	78	0	16			-2	110	-2	110	-2	110							2	114																																																																																																																									2	106	2	106	2	112	2	112
102	Oei	oei	2	80	0	16	2	114	2	112	2	112	2	112					0	108	-2	112																																																																																																									0	100	0	100	0	102	0	102									0	106	0	106	-2	110	-2	110
103	uaE	yAe	2	82	0	16			0	112	0	112	0	112			2	118	2	110	2	114																																																																																																																																
105	uue	yye	2	84	0	16			0	112	0	112	0	112							2	116																																																																																																																									2	108	2	108	2	112	2	112
106	Ayy	auu	2	86	0	16			2	114	2	114	2	114							-2	114																																																																																																																																
108	uua	yyA	2	88	0	16			-2	112	-2	112	-2	112							2	116																																																																																																																																
109	oAo	OAO	2	90	0	16	0	114	0	112	0	112	0	112					2	112	2	118																									2	104	2	104	2	106	2	108									2	104	2	104	2	108	2	108									2	106	2	106	2	114	2	114																																					2	102	2	102	2	102	2	102	2	104	2	104					2	102	2	106	2	110	2	110	2	114	2	114
111	yie	uie	2	92	0	16			2	114	2	114	2	114							-2	116																																																																																																																											0	110	-2	112	-2	112
113	aee	Aee	2	94	0	16			0	114	0	114	0	114							2	118																																																																																																																									2	112	2	112	2	114	2	114
114	AeA	aea	2	96	0	16			2	116	2	116	2	116							-2	116																																													0	108	0	108													-2	112	-2	112																																																									0	112	0	112	-2	112	-2	112
117	uI	yi	2	98	0	16			0	116	0	116	0	116	2	114	2	120	2	114	2	118																																																																																																																																
118	Oia	oia	2	100	0	16	2	116	2	118	2	118	2	118					0	114	-2	116															2	106															2	110															2	110																																																													0	104	0	104													0	112	0	112
119	yei	uei	2	102	0	16			2	120	2	120	2	120							0	116																																																																																																																									0	112	0	112	0	112	0	112
121	aEo	aeo			2	18					-2	118	-2	118			2	122	2	116	2	118																																									0	104	0	104	0	108	0	110									0	106	0	106	0	112	0	112																																																									0	112	0	112	0	112	0	112
122	uoi	yOi	2	104	0	18	0	116	-2	118	-2	116	-2	116					2	118	2	120																																																																																																													2	106	2	106													2	114	2	114
123	uEu	yey	2	106	0	18			0	118	0	116	0	116			2	124	2	120	2	122																																																																																																																																
124	Oa	OA			2	20			0	118	0	116	0	116							2	124													2	104	2	108													2	108	2	112													2	110	2	112													2	114	2	114																																																																
126	yyA	uua	2	108	0	20			2	120	2	118	2	118							-2	122																																																																																																																																
130	yiA	uia	2	110	0	20			2	122	2	120	2	120							-2	120																																																													0	114	0	114																																																													0	114	0	114
133	uau	yAy	2	112	0	20			-2	120	-2	118	-2	118							2	122																																																																																																																																
135	Aei	aei	2	114	0	20			2	122	2	120	2	120							-2	120																																																																																																																									0	112	0	112	0	114	0	114
136	aao	AAO	2	116	0	20	0	116	-2	120	-2	118	-2	118					2	122	2	122																																																																																																																																
137	yee	uee	2	118	0	20			2	122	2	120	2	120							-2	120																																																																																																																									0	112	0	112	0	114	0	114
138	aei	Aei	2	120	0	20			-2	120	-2	118	-2	118							2	122																																																																																																																									2	114	2	114	2	116	2	116
140	AAe	aae	2	122	0	20			2	122	2	120	2	120							-2	120																																																																																																																									0	114	0	114	0	116	0	116
141	OO	oo	2	124	0	20	2	118	2	124	2	122	2	122					-2	120	0	120																																																																																																																																
143	AAi	aai	2	126	0	20			2	126	2	124	2	124							0	120																																																																																																																													0	116	0	116
144	oEo	oeo			2	22					-2	122	-2	122			2	126	2	122	2	122																																									0	104	0	104	0	110	0	112									0	106	0	106	0	114	0	114																																									0	102	0	102	0	106	0	106									0	114	0	114	0	116	0	116
149	ou	Oy	2	128	0	22	0	118	-2	124	0	122	0	122					2	124	2	124																																																																																																																																
151	Oa	OA			2	24			-2	122	0	122	0	122							2	126													2	106	2	110													2	110	2	114													2	112	2	114													2	116	2	116																																																																
152	aAy	aau			2	26			2	124	2	124	2	124							-2	124																																																																																																																					2	104	2	108	2	116	2	116	2	118	2	118
153	Ooe	OOe			2	28	0	118	-2	122	-2	122	-2	122					2	126	2	126									2	102	2	102	2	108	2	112									2	106	2	106	2	112	2	116									2	106	2	106	2	114	2	116									2	108	2	108	2	118	2	118																																									2	104	2	104	2	108	2	108									2	118	2	118	2	120	2	120
155	uey	ueu			2	30			2	124	2	124	2	124							-2	124																																													0	114	0	116													0	118	0	118																																																							2	110								
156	yOa	yOA			2	32			-2	122	-2	122	-2	122							2	126													2	110	2	114													2	114	2	118													2	116	2	118													2	120	2	120																																																																
157	OyO	ouo	2	130	0	32	2	120	2	124	2	124	2	124					0	126	0	126																																																																																																																																
161	Aa	AA			2	34			0	124	0	124	0	124							2	128																													2	116	2	120													2	118	2	120													2	122	2	122																																																																
165	oeA	oea			2	36			2	126	2	126	2	126							-2	126																																													0	118	0	120													0	122	0	122																																							2	104															2	112								
166	oyy	ouu			2	38			2	128	2	128	2	128							-2	124																																																																																																					2	104	2	106	2	106	2	106	2	110	2	110					2	106	2	114	2	120	2	120	2	122	2	122
167	Ou	Oy			2	40			-2	126	-2	126	-2	126							2	126													2	112	2	116													2	118	2	122													2	120	2	122													2	124	2	124																																																																
168	Oau	OAy			2	42			-2	124	-2	124	-2	124							2	128													2	114	2	118													2	120	2	124													2	122	2	124													2	126	2	126																																																																
171	ooI	ooi			2	44							0	124	2	116	2	128	2	128	2	130																																																																																																													0	110	0	110													0	122	0	122
172	OOi	ooi	2	132	0	44	2	122	2	126	2	126	2	126					0	128	-2	128																																																																																																													0	110	0	110													0	122	0	122
179	ya	yA			2	46			0	126	0	126	0	126							2	130																													2	122	2	126													2	124	2	126													2	128	2	128																																																																
183	oiA	oia			2	48			2	128	2	128	2	128							-2	128																																																													-2	126	-2	126																																							2	108			2	108											2	116			2	122				
184	uOi	uoi			2	50	2	124	2	130	2	130	2	130					-2	126	-2	126																																																																																																													0	110	0	110	2	102	2	104	2	108	2	118	2	122	2	124			0	122
186	aa	AA	2	134	0	50			0	130	0	130	0	130							2	128																																																																																																																																
187	AuE	Aye			2	52			-2	128	-2	128	-2	128			2	130	2	128	2	130																							2	102			2	108	2	124	2	128							2	102			2	108	2	126	2	128							2	102			2	110	2	128	2	128																																																																
192	uOe	uoe			2	54	2	126	2	130	2	130	2	130					-2	126	-2	128																																																																																																									0	106	0	108	0	110	0	110	2	104	2	106	2	110	2	120			0	124			0	122
194	yEo	yeO			2	56	0	126	-2	128	-2	128	-2	128			2	132	2	128	2	130																					2	102	2	104	2	108	2	110	2	126	2	130					2	102	2	104	2	108	2	110	2	128	2	130					2	102	2	104	2	110	2	112	2	130	2	130																																																																
195	OyA	oua	2	136	0	56	2	128	2	130	2	130	2	130					0	128	0	130																																																																																																																																
204	Oue	Oye			2	58			-2	128	-2	128	-2	128							2	132													2	116	2	120													2	128	2	132													2	130	2	132													2	132	2	132																																																									2	124	2	126	2	124	2	124
209	Oyi	oui	2	138	0	58	2	130	2	130	2	130	2	130					0	128	0	132																																																																																																															0	110													0	124	0	124
210	Aio	AiO			2	60	0	130	0	130	0	130	0	130					2	130	2	134																											2	112			2	134											2	112			2	134									2	112	2	114	2	134	2	134																																																																
211	uOe	uoe			2	62	2	132	2	132	2	132	2	132					-2	128	-2	132																																																																																																									0	106	0	108	0	110	0	110	2	106	2	108	2	112	2	122			0	126			0	124
213	auI	aui			2	64							-2	130	2	118	2	134	2	130	2	134																																																																																																																													0	124	0	124
215	oua	OyA	2	140	0	64	0	132	0	132	0	132	0	130					2	132	2	136																																																																																																																																
221	aiO	aio			2	66	2	134	2	134	2	134	2	132					-2	130	-2	134																																																									0	112	0	114	-2	132	-2	132																																																			2	110			2	124			2	128				
224	uEE	yee	2	142	0	66			0	134	0	134	0	132			2	136	2	132	2	136																																																																																																																																
227	AA	aa	2	144	0	66			2	136	2	136	2	134							0	136																																																																																																																																
229	Auu	Ayy			2	68			-2	134	-2	134	0	134							2	138																													2	130	2	136													2	132	2	136													2	134	2	134																																																																
232	oAA	oaa			2	70			2	136	2	136	2	136							-2	136																																																																																																					2	106	2	110	2	108	2	110	2	112	2	112					2	114	2	126	2	126	2	130	2	126	2	126
233	uOy	uou			2	72	2	136	2	138	2	138	2	138					0	132	-2	134																																																																																																																	2	108	2	112	2	116	2	128	2	128	2	132	2	128	2	128
235	yoI	yOi			2	74	-2	134	-2	136	-2	136	-2	136	2	120	2	138	2	134	2	136																			2	102			2	106	2	110	2	114	2	132	2	138			2	102			2	106	2	110	2	114	2	134	2	138			2	102			2	106	2	114	2	116	2	136	2	136																																																																
236	aEo	aeo			2	76					0	136	0	136			2	140	2	136	2	138																																									0	110	0	114	0	134	-2	136									0	114	0	116	0	136	0	136																																																									0	128	0	132	0	128	0	128
239	Oua	OyA			2	78			0	136	0	136	0	136							2	140													2	118	2	122													2	134	2	140													2	136	2	138													2	138	2	138																																																																
247	yeA	uea	2	146	0	78			2	138	2	138	2	138							0	140																																													0	136	0	138													0	138	0	138																																																									0	128	0	132	0	128	0	128
249	uyA	uua			2	80			2	140	2	140	2	140							-2	138																																																																																																																					2	118	2	130	2	130	2	134	2	130	2	130
250	aE	ae			2	82					-2	138	-2	138			2	142	2	138	2	140																																																																																																																									0	130	0	134	0	130	0	130
255	yuo	yyO			2	84	0	134	-2	138	0	138	0	138					2	140	2	142																											2	116	2	136	2	142											2	116	2	138	2	140											2	118	2	140	2	140																																																																
260	uAe	uae			2	86			2	140	2	140	2	140							-2	140																																																																																																																					2	120	2	132			0	134			0	130
266	oE	oe			2	88					0	140	0	140			2	144	2	142	2	142																																																																																																									0	108	0	110	0	112	0	112									0	130	0	134	0	130	0	130
267	Oae	oae	2	148	0	88	2	136	2	142	2	142	2	142					0	142	0	142													2	120	2	124													2	138	2	144													2	140	2	142													2	142	2	142																																											0	110			0	112											0	134			0	130
270	aOO	aoo			2	90	2	138	2	144	2	144	2	144					-2	140	-2	140																																																																																																																	2	110	2	114	2	122	2	134	2	132	2	136	2	132	2	132
272	Auu	Ayy			2	92			-2	142	-2	142	-2	142							2	142																													2	140	2	146													2	142	2	144													2	144	2	144																																																																
289	oiy	oiu			2	94			2	144	2	144	2	144							-2	140																																																													-2	142	-2	142																																							2	112			2	112											2	136			2	138				
290	Aao	AAO			2	96	0	138	0	144	0	144	0	144					2	142	2	142																											2	118	2	142	2	148											2	118	2	144	2	146											2	120	2	144	2	144																																																																
291	yuo	yyO			2	98	0	138	0	144	0	144	0	144					2	144	2	144																											2	120	2	144	2	150											2	120	2	146	2	148											2	122	2	146	2	146																																																																
295	uuO	uuo			2	100	2	140	2	146	2	146	2	146					-2	142	-2	142																																																																																																																	2	112	2	116	2	124	2	138	2	134	2	140	2	134	2	134
296	aIE	Aie	2	150	0	100			0	146	0	146	0	146	2	122	2	146	2	144	2	144																																																																																																																																
300	aEi	aei			2	102					-2	144	-2	144			2	148	2	146	2	146																																																																																													2	102	2	102													2	114	2	114									0	134	0	140			2	136
305	AAe	aae	2	152	0	102			2	148	2	146	2	146							0	146																																																																																																																									0	134	0	140	0	134	0	136
307	oEE	oee			2	104					0	146	0	146			2	150	2	148	2	148																																																																																																									0	108	0	112	0	114	0	114									0	134	0	140	0	134	0	136
308	you	yOy			2	106	0	140	0	148	0	146	0	146					2	150	2	150																									2	112	2	122	2	146	2	152									2	112	2	122	2	148	2	150									2	116	2	124	2	148	2	148																																																																
310	oOy	oou			2	108	2	142	2	150	2	148	2	148					-2	148	-2	148																																																																																																	2	102	2	102	2	108	2	114	2	110	2	114	2	116	2	116	2	114	2	118	2	126	2	140	2	136	2	142	2	136	2	138
315	uEu	yey	2	154	0	108			0	150	0	148	0	148			2	152	2	150	2	150																																																																																																																																
316	aOO	aoo			2	110	2	144	2	152	2	150	2	150					-2	148	-2	148																																																																																																																	2	116	2	120	2	128	2	142	2	138	2	144	2	138	2	140
317	Oua	OyA			2	112			-2	150	0	150	0	150							2	150													2	122	2	126													2	148	2	154													2	150	2	152													2	150	2	150																																																																
317	Apriori	Id(Bk)Syl1>>Id(Bk)	1.4495284636834072	155.4495284636834																																																																																																																																																			
319	oyi	oui			2	114			2	152	2	152	2	152							-2	148																																																																																																					2	110	2	116	2	112	2	116	2	118							2	130	2	144	2	140	2	146			0	140
319	Apriori	Id(Bk)Syl1>>Id(Bk)	2.0	157.4495284636834																																																																																																																																																			
321	Oio	OiO			2	116	0	144	0	152	0	152	0	152					2	150	2	150											2	104			2	128											2	124			2	156											2	124			2	154									2	118	2	126	2	152	2	152																																																																
321	Apriori	Id(Bk)Syl1>>Id(Bk)	2.0	159.4495284636834																																																																																																																																																			
325	oEo	oeo			2	118					-2	150	-2	150			2	154	2	152	2	152																																									0	112	0	124	0	150	-2	152									0	118	0	126	-2	150	-2	150																																									0	112	0	116	0	118	0	116									0	140	0	146	0	138	0	140
325	Apriori	Id(Bk)Syl1>>Id(Bk)	2.0	161.4495284636834																																																																																																																																																			
327	ayi	aui			2	120			2	154	2	152	2	152							-2	150																																																																																																																					2	132	2	146	2	142	2	148			0	140
327	Apriori	Id(Bk)Syl1>>Id(Bk)	2.0	163.4495284636834																																																																																																																																																			
329	uEI	uei			2	122					0	152	0	152	2	124	2	156	2	154	2	152																																																																																																																									0	142	0	148	0	138	0	140
329	Apriori	Id(Bk)Syl1>>Id(Bk)	2.0	165.4495284636834																																																																																																																																																			
330	ueO	ueo			2	124	2	146	2	156	2	154	2	154					-2	152	0	152																																									0	112	0	124	0	150	0	152									0	118	0	126	0	150	0	150																																																			2	122			2	148								
330	Apriori	Id(Bk)Syl1>>Id(Bk)	2.0	167.4495284636834																																																																																																																																																			
332	yaa	yAA			2	126			-2	154	0	154	0	154							2	154																													2	150	2	158													2	152	2	154													2	152	2	152																																																																
332	Apriori	Id(Bk)Syl1>>Id(Bk)	2.0	169.4495284636834																																																																																																																																																			
335	aAO	aao			2	128	2	148	2	156	2	156	2	156					0	152	-2	152																																																																																																																			2	124	2	134	2	150	2	144	2	150	2	140	2	142
335	Apriori	Id(Bk)Syl1>>Id(Bk)	2.0	171.4495284636834																																																																																																																																																			
336	ooE	ooe			2	130					-2	154	-2	154			2	158	2	154	2	154																																																																																																									0	112	0	116	0	118	0	116									0	144	0	150	0	140	0	142
336	Apriori	Id(Bk)Syl1>>Id(Bk)	2.0	173.4495284636834																																																																																																																																																			
337	Aae	AAe			2	132			0	156	0	154	0	154							2	156																													2	152	2	160													2	154	2	156													2	154	2	154																																																									2	146	2	152	2	142	2	144
337	Apriori	Id(Bk)Syl1>>Id(Bk)	2.0	175.4495284636834																																																																																																																																																			
338	oOe	ooe			2	134	2	150	2	158	2	156	2	156					0	154	-2	154																																																																																																	2	104	2	104	2	112	2	118			0	116			0	116	2	118	2	126	2	136	2	152			0	152			0	144
338	Apriori	Id(Bk)Syl1>>Id(Bk)	2.0	177.4495284636834																																																																																																																																																			
339	auE	aue			2	136					0	156	0	156			2	160	2	156	2	156																																																																																																																									0	146	0	152	0	142	0	144
339	Apriori	Id(Bk)Syl1>>Id(Bk)	2.0	179.4495284636834																																																																																																																																																			
343	oiA	oia			2	138			2	160	2	158	2	158							0	156																																																													0	154	0	154																																							2	120			2	118											2	154			2	154				
343	Apriori	Id(Bk)Syl1>>Id(Bk)	2.0	181.4495284636834																																																																																																																																																			
346	yaE	yAe			2	140			-2	158	0	158	0	158			2	162	2	158	2	158																							2	108			2	126	2	154	2	162							2	108			2	126	2	156	2	158							2	108			2	128	2	156	2	156																																																																
346	Apriori	Id(Bk)Syl1>>Id(Bk)	2.0	183.4495284636834																																																																																																																																																			
348	aeA	aea			2	142			2	160	2	160	2	160							-2	156																																													0	156	-2	156													0	156	0	156																																																							2	156								
348	Apriori	Id(Bk)Syl1>>Id(Bk)	2.0	185.4495284636834																																																																																																																																																			
349	Oia	OiA			2	144			0	160	0	160	0	160							2	158															2	130															2	164															2	158													2	158	2	158																																																																
349	Apriori	Id(Bk)Syl1>>Id(Bk)	2.0	187.4495284636834																																																																																																																																																			
359	yau	yAy			2	146			0	160	0	160	0	160							2	160																													2	156	2	166													2	158	2	160													2	160	2	160																																																																
359	Apriori	Id(Bk)Syl1>>Id(Bk)	2.0	189.4495284636834																																																																																																																																																			
360	aIu	aiu			2	148							0	160	2	126	2	164	2	160	2	162																																																													0	160	0	160																																																													0	142	0	144
360	Apriori	Id(Bk)Syl1>>Id(Bk)	2.0	191.4495284636834																																																																																																																																																			
363	uyA	uua			2	150			2	162	2	162	2	162							-2	160																																																																																																																					2	138	2	158	2	148	2	156	2	144	2	146
363	Apriori	Id(Bk)Syl1>>Id(Bk)	2.0	193.4495284636834																																																																																																																																																			
364	aI	ai			2	152							0	162	2	128	2	166	2	162	2	162																																																																																																																													0	144	0	146
364	Apriori	Id(Bk)Syl1>>Id(Bk)	2.0	195.4495284636834																																																																																																																																																			
365	aiy	aiu			2	154			2	164	2	164	2	164							-2	160																																																													0	160	0	160																																																							2	160			2	158				
365	Apriori	Id(Bk)Syl1>>Id(Bk)	2.0	197.4495284636834																																																																																																																																																			
370	oeA	oea			2	156			2	166	2	166	2	166							0	160																																													0	158	0	160													0	160	0	160																																							2	122															2	162								
370	Apriori	Id(Bk)Syl1>>Id(Bk)	2.0	199.4495284636834																																																																																																																																																			
372	yuE	yye			2	158			-2	164	-2	164	-2	164			2	168	2	164	2	162																							2	110			2	128	2	158	2	168							2	110			2	128	2	160	2	162							2	110			2	130	2	162	2	162																																																																
372	Apriori	Id(Bk)Syl1>>Id(Bk)	2.0	201.4495284636834																																																																																																																																																			
374	oaO	oao			2	160	2	152	2	166	2	166	2	166					-2	162	0	162																																																																																																			2	106			2	124			2	120			2	118	2	120	2	128	2	140	2	164	2	150	2	160	2	146	2	148
374	Apriori	Id(Bk)Syl1>>Id(Bk)	2.0	203.4495284636834																																																																																																																																																			
377	Aue	Aye			2	162			0	166	0	166	0	166							2	164																													2	160	2	170													2	162	2	164													2	164	2	164																																																									2	152	2	162	2	148	2	150
377	Apriori	Id(Bk)Syl1>>Id(Bk)	2.0	205.4495284636834																																																																																																																																																			
379	uEi	uei			2	164					0	166	0	166			2	170	2	164	2	166																																																																																													2	104	2	104													2	120	2	120									0	152	0	162			2	152
379	Apriori	Id(Bk)Syl1>>Id(Bk)	2.0	207.4495284636834																																																																																																																																																			
380	Auo	AyO			2	166	0	152	0	166	0	166	0	166					2	166	2	168																											2	130	2	162	2	172											2	130	2	164	2	166											2	132	2	166	2	166																																																																
380	Apriori	Id(Bk)Syl1>>Id(Bk)	2.0	209.4495284636834																																																																																																																																																			
387	Ooo	OOO			2	168	0	152	0	166	0	166	0	166					2	168	2	170									2	104	2	106	2	124	2	132									2	114	2	132	2	164	2	174									2	114	2	132	2	166	2	168									2	120	2	134	2	168	2	168																																																																
387	Apriori	Id(Bk)Syl1>>Id(Bk)	2.0	211.4495284636834																																																																																																																																																			
393	aOe	aoe			2	170	2	154	2	168	2	168	2	168					-2	166	-2	168																																																																																																									0	112	0	120	0	120	0	120	2	122	2	130	2	142	2	166			0	162			0	152
393	Apriori	Id(Bk)Syl1>>Id(Bk)	2.0	213.4495284636834																																																																																																																																																			
409	uoI	uoi			2	172							0	168	2	130	2	172	2	168	2	170																																																																																																													0	120	0	120													0	148	0	152
409	Apriori	Id(Bk)Syl1>>Id(Bk)	2.0	215.4495284636834																																																																																																																																																			
423	aiO	aio			2	174	2	156	2	170	2	170	2	170					0	168	0	170																																																									0	120	0	134	0	168	0	168																																																			2	132			2	168			2	164				
423	Apriori	Id(Bk)Syl1>>Id(Bk)	2.0	217.4495284636834																																																																																																																																																			
446	Oio	OiO			2	176	0	156	0	170	0	170	0	170					2	170	2	172											2	108			2	134											2	134			2	176											2	134			2	170									2	122	2	136	2	170	2	170																																																																
446	Apriori	Id(Bk)Syl1>>Id(Bk)	2.0	219.4495284636834																																																																																																																																																			
453	uAy	uau			2	178			2	172	2	172	2	172							0	172																																																																																																																					2	144	2	170	2	154	2	166	2	150	2	154
453	Apriori	Id(Bk)Syl1>>Id(Bk)	2.0	221.4495284636834																																																																																																																																																			
572	yoE	yOe			2	180	0	156	0	172	0	172	0	172			2	174	2	172	2	174																							2	112	2	116	2	136	2	166	2	178							2	112	2	116	2	136	2	168	2	172							2	112	2	124	2	138	2	172	2	172																																																																
572	Apriori	Id(Bk)Syl1>>Id(Bk)	2.0	223.4495284636834																																																																																																																																																			
672	oey	oeu			2	182			2	174	2	174	2	174							0	174																																													0	168	0	172													0	172	0	172																																							2	126															2	172								
672	Apriori	Id(Bk)Syl1>>Id(Bk)	2.0	225.4495284636834																																																																																																																																																			
819	oAA	oaa			2	184			2	176	2	176	2	176							0	174																																																																																																					2	114	2	128	2	114	2	122	2	122	2	122					2	146	2	174	2	156	2	168	2	152	2	156
819	Apriori	Id(Bk)Syl1>>Id(Bk)	2.0	227.4495284636834																																																																																																																																																			
1003	AEI	Aei			0.2	184.2					0	176	0	176	0.2	130.2	0.2	174.2	0.2	172.2	0.2	174.2																			0.2	102.2	0.2	102.2	0.2	112.2	0.2	116.2	0.2	136.2	0.2	166.2	0.2	178.2			0.2	102.2	0.2	102.2	0.2	112.2	0.2	116.2	0.2	136.2	0.2	168.2	0.2	172.2			0.2	102.2	0.2	102.2	0.2	112.2	0.2	124.2	0.2	138.2	0.2	172.2	0.2	172.2																																																																
1003	Apriori	Id(Bk)Syl1>>Id(Bk)	0.19999999999998863	227.6495284636834																																																																																																																																																			
1618	Aiu	Aiy			0.2	184.39999999999998			0	176	0	176	0	176							0.2	174.39999999999998																															0.2	178.39999999999998															0.2	172.39999999999998													0.2	172.39999999999998	0.2	172.39999999999998																																																																
1618	Apriori	Id(Bk)Syl1>>Id(Bk)	0.19999999999998863	227.84952846368338																																																																																																																																																			
1756	Ooa	OOA			0.2	184.59999999999997	0	156	0	176	0	176	0	176					0.2	172.39999999999998	0.2	174.59999999999997									0.2	104.2	0.2	108.2	0.2	124.2	0.2	134.2									0.2	116.4	0.2	136.39999999999998	0.2	166.39999999999998	0.2	178.59999999999997									0.2	116.4	0.2	136.39999999999998	0.2	168.39999999999998	0.2	172.59999999999997									0.2	124.4	0.2	138.39999999999998	0.2	172.59999999999997	0.2	172.59999999999997																																																																
1756	Apriori	Id(Bk)Syl1>>Id(Bk)	0.19999999999998863	228.04952846368337																																																																																																																																																			
2321	uuE	uue			0.02	184.61999999999998					0	176	0	176			0.02	174.22	0.02	172.42	0.02	174.61999999999998																																																																																																																									0	156	0	168	0	152	0	156
2321	Apriori	Id(Bk)Syl1>>Id(Bk)	0.01999999999998181	228.06952846368335																																																																																																																																																			
2923	AEo	AeO			0.02	184.64	0	156	0	176	0	176	0	176			0.02	174.24	0.02	172.44	0.02	174.64																					0.02	102.22	0.02	112.22	0.02	116.42	0.02	136.42	0.02	166.42	0.02	178.61999999999998					0.02	102.22	0.02	112.22	0.02	116.42	0.02	136.42	0.02	168.42	0.02	172.61999999999998					0.02	102.22	0.02	112.22	0.02	124.42	0.02	138.42	0.02	172.61999999999998	0.02	172.61999999999998																																																																
2923	Apriori	Id(Bk)Syl1>>Id(Bk)	0.020000000000038654	228.0895284636834																																																																																																																																																			
TOTAL				228.0895284636834		184.64		156		176		176		176		130.2		174.24		172.44		174.64		100		100		100		100		104.2		108.2		124.2		134.2		100		102.2		102.22		112.22		116.42		136.42		166.42		178.61999999999998		100		102.2		102.22		112.22		116.42		136.42		168.42		172.61999999999998		100		102.2		102.22		112.22		124.42		138.42		172.61999999999998		172.61999999999998		100		100		100		100		100		100		100		100		100		100		100		100		100		100		104		104		104		106		114		128		114		122		122		122		122		132		146		174		156		168		152		156
