trialnum	Generated	Heard	Id(Bk)Syl1	now	Id(Bk)	now	*F1	now	*F3	now	*F4	now	*F5	now	*B1	now	*B2	now	*B3	now	*B5	now	*F1_B1	now	*F1..._B1	now	*F1_B2	now	*F1..._B2	now	*F1_B3	now	*F1..._B3	now	*F1_B5	now	*F1..._B5	now	*F3_B1	now	*F3..._B1	now	*F3_B2	now	*F3..._B2	now	*F3_B3	now	*F3..._B3	now	*F3_B5	now	*F3..._B5	now	*F4_B1	now	*F4..._B1	now	*F4_B2	now	*F4..._B2	now	*F4_B3	now	*F4..._B3	now	*F4_B5	now	*F4..._B5	now	*F5_B1	now	*F5..._B1	now	*F5_B2	now	*F5..._B2	now	*F5_B3	now	*F5..._B3	now	*F5_B5	now	*F5..._B5	now	*_B1F1	now	*_B1...F1	now	*_B1F3	now	*_B1...F3	now	*_B1F4	now	*_B1...F4	now	*_B1F5	now	*_B1...F5	now	*_B2F1	now	*_B2...F1	now	*_B2F3	now	*_B2...F3	now	*_B2F4	now	*_B2...F4	now	*_B2F5	now	*_B2...F5	now	*_B3F1	now	*_B3...F1	now	*_B3F3	now	*_B3...F3	now	*_B3F4	now	*_B3...F4	now	*_B3F5	now	*_B3...F5	now	*_B5F1	now	*_B5...F1	now	*_B5F3	now	*_B5...F3	now	*_B5F4	now	*_B5...F4	now	*_B5F5	now	*_B5...F5	now
				0		0		163.18		189.28		202.11		229.38		154.31		168.91		183.89		212.19		150.0		150.0		150.0		150.0		150.0		150.0		150.0		150.0		150.0		150.0		150.0		150.0		150.0		150.0		150.0		150.0		150.0		150.0		150.0		150.0		150.0		150.0		150.0		150.0		150.0		150.0		151.82		152.33		153.7		154.76		157.34		159.5		150.0		150.0		150.0		150.0		150.0		150.0		150.87		151.39		150.0		150.0		150.0		150.0		150.0		150.0		152.98		154.19		150.0		150.0		150.0		150.0		150.0		150.0		154.83		156.82		150.0		150.0		150.0		150.0		150.0		150.0		158.64		161.88
0	Apriori	Id(Bk)Syl1>>Id(Bk)	30	30																																																																																																																																																		
2	Eo	eO	2	32	0	0	-2	161.18	-2	187.28	-2	200.11	-2	227.38			2	170.91	2	185.89	2	214.19																																																																																																																																
4	Iuo	iyO	2	34	0	0	-2	159.18	-2	185.28	-2	198.11	-2	225.38	2	156.31	2	172.91	2	187.89	2	216.19																																																																																																																																
5	Eu	ey	2	36	0	0			-2	183.28	-2	196.11	-2	223.38			2	174.91	2	189.89	2	218.19																																																																																																																																
7	aE	Ae	2	38	0	0			-2	181.28	-2	194.11	-2	221.38			2	176.91	2	191.89	2	220.19																																																																																																																																
9	IIu	iiu	2	40	0	0							-2	219.38	2	158.31	2	178.91	2	193.89	2	222.19																																																													-2	155.34	-2	157.5																																																																
10	iiA	iia			2	2			2	183.28	2	196.11	2	221.38							-2	220.19																																																													-2	153.34	-2	155.5																																																																
11	IEo	ieO	2	42	0	2	-2	157.18	-2	181.28	-2	194.11	-2	219.38	2	160.31	2	180.91	2	195.89	2	222.19																																																																																																																																
12	uu	yy	2	44	0	2			-2	179.28	-2	192.11	-2	217.38							2	224.19																																																																																																																																
13	aIo	AiO	2	46	0	2	-2	155.18	-2	177.28	-2	190.11	-2	215.38	2	162.31	2	182.91	2	197.89	2	226.19																																																																																																																																
16	iiA	Iia	2	48	0	2			2	179.28	2	192.11	2	217.38	-2	160.31	-2	180.91	-2	195.89	-2	224.19																																																													-2	151.34	-2	153.5													-2	148.87	-2	149.39													-2	150.98	-2	152.19													-2	152.83	-2	154.82													-2	156.64	-2	159.88
17	EIo	eiO	2	50	0	2	-2	153.18	-2	177.28	-2	190.11	-2	215.38	2	162.31	2	182.91	2	197.89	2	226.19																																																																																																																																
19	eOA	Eoa	2	52	0	2	2	155.18	2	179.28	2	192.11	2	217.38			-2	180.91	-2	195.89	-2	224.19																																																																																																																																
20	Oie	oiE	2	54	0	2	2	157.18	2	181.28	2	194.11	2	219.38			-2	178.91	-2	193.89	-2	222.19																																																					-2	149.82	-2	150.33	-2	151.7	-2	152.76	-2	149.34	-2	151.5																																													-2	150.83	-2	152.82													-2	154.64	-2	157.88
23	oa	OA	2	56	0	2	-2	155.18	-2	179.28	-2	192.11	-2	217.38					2	195.89	2	224.19																																																																																																																																
26	yOO	uoo	2	58	0	2	2	157.18	2	181.28	2	194.11	2	219.38					-2	193.89	-2	222.19																																																																																																																																
27	EIu	eiy	2	60	0	2			-2	179.28	-2	192.11	-2	217.38	2	164.31	2	180.91	2	195.89	2	224.19																																																																																																																																
31	OAy	oau	2	62	0	2	2	159.18	2	181.28	2	194.11	2	219.38					-2	193.89	-2	222.19																																																																																																																																
33	oIu	Oiy	2	64	0	2	-2	157.18	-2	179.28	-2	192.11	-2	217.38	2	166.31	2	182.91	2	195.89	2	224.19																																																																																																																																
34	ie	iE			2	4					2	194.11	2	219.38			-2	180.91	-2	193.89	-2	222.19																																																					-2	147.82	-2	148.33	-2	149.7	-2	150.76	-2	147.34	-2	149.5																																																																
35	yii	uii	2	66	0	4			2	181.28	2	196.11	2	221.38							-2	220.19																																																																																																																													-2	152.64	-2	155.88
36	Euu	eyy	2	68	0	4			-2	179.28	-2	194.11	-2	219.38			2	182.91	2	195.89	2	222.19																																																																																																																																
38	iee	IEE	2	70	0	4					2	196.11	2	221.38	-2	164.31	-2	180.91	-2	193.89	-2	220.19																																																																																																																																
40	oao	OAO	2	72	0	4	-2	155.18	-2	177.28	-2	194.11	-2	219.38					2	195.89	2	222.19																																																																																																																																
42	AAi	aai	2	74	0	4			2	179.28	2	196.11	2	221.38							-2	220.19																																																																																																																													-2	150.64	-2	153.88
43	ieA	iEa			2	6			2	181.28	2	198.11	2	223.38			-2	178.91	-2	193.89	-2	218.19																																																					-2	145.82	-2	146.33	-2	147.7	-2	148.76	-2	145.34	-2	147.5																																																																
44	uoo	yOO	2	76	0	6	-2	153.18	-2	179.28	-2	196.11	-2	221.38					2	195.89	2	220.19																																																																																																																																
46	iAi	Iai	2	78	0	6			2	181.28	2	198.11	2	223.38	-2	162.31	-2	176.91	-2	193.89	-2	218.19																																																																															-2	147.39															-2	150.19															-2	150.82													-2	148.64	-2	151.88
48	IoI	Ioi			2	8							-2	221.38	2	164.31	2	178.91	2	195.89	2	220.19																																																																															-2	145.39															-2	148.19													-2	148.83	-2	148.82													-2	146.64	-2	149.88
49	AOi	aoi	2	80	0	8	2	155.18	2	183.28	2	200.11	2	223.38					-2	193.89	-2	218.19																																																																																																													-2	146.83	-2	146.82													-2	144.64	-2	147.88
50	oou	OOy	2	82	0	8	-2	153.18	-2	181.28	-2	198.11	-2	221.38					2	195.89	2	220.19																																																																																																																																
52	III	iii	2	84	0	8							-2	219.38	2	166.31	2	180.91	2	197.89	2	222.19																																																																																																																																
53	uIa	uia			2	10							-2	217.38	2	168.31	2	182.91	2	199.89	2	224.19																																																													-2	143.34	-2	145.5																																																													-2	142.64	-2	145.88
54	AOy	aou	2	86	0	10	2	155.18	2	183.28	2	200.11	2	219.38					-2	197.89	-2	222.19																																																																																																																																
55	AOi	aoi	2	88	0	10	2	157.18	2	185.28	2	202.11	2	221.38					-2	195.89	-2	220.19																																																																																																													-2	144.83	-2	144.82													-2	140.64	-2	143.88
57	IaI	iAi	2	90	0	10			-2	183.28	-2	200.11	-2	219.38	2	170.31	2	184.91	2	197.89	2	222.19																																																																																																																																
58	Aye	auE	2	92	0	10			2	185.28	2	202.11	2	221.38			-2	182.91	-2	195.89	-2	220.19																																																																																																																																
61	oa	OA	2	94	0	10	-2	155.18	-2	183.28	-2	200.11	-2	219.38					2	197.89	2	222.19																																																																																																																																
69	iOi	ioi			2	12	2	157.18	2	185.28	2	202.11	2	221.38					-2	195.89	-2	220.19																																																									-2	145.7	-2	146.76	-2	141.34	-2	143.5																																													-2	142.83	-2	142.82													-2	138.64	-2	141.88
71	aI	Ai	2	96	0	12			-2	183.28	-2	200.11	-2	219.38	2	172.31	2	184.91	2	197.89	2	222.19																																																																																																																																
72	Aiy	aiu	2	98	0	12			2	185.28	2	202.11	2	221.38							-2	220.19																																																													-2	139.34	-2	141.5																																																													-2	136.64	-2	139.88
73	aaI	AAi	2	100	0	12			-2	183.28	-2	200.11	-2	219.38	2	174.31	2	186.91	2	199.89	2	222.19																																																																																																																																
74	iAA	iaa			2	14			2	185.28	2	202.11	2	221.38							-2	220.19																																																													-2	137.34	-2	139.5																																																																
77	EEo	eeO	2	102	0	14	-2	155.18	-2	183.28	-2	200.11	-2	219.38			2	188.91	2	201.89	2	222.19																																																																																																																																
78	eiA	Eia	2	104	0	14			2	185.28	2	202.11	2	221.38			-2	186.91	-2	199.89	-2	220.19																																																													-2	135.34	-2	137.5																													-2	148.98	-2	146.19													-2	140.83	-2	140.82													-2	134.64	-2	137.88
79	uoE	yOe	2	106	0	14	-2	153.18	-2	183.28	-2	200.11	-2	219.38			2	188.91	2	201.89	2	222.19																																																																																																																																
82	iOA	Ioa	2	108	0	14	2	155.18	2	185.28	2	202.11	2	221.38	-2	172.31	-2	186.91	-2	199.89	-2	220.19																																																																																																																																
83	aoI	AOi	2	110	0	14	-2	153.18	-2	183.28	-2	200.11	-2	219.38	2	174.31	2	188.91	2	201.89	2	222.19																																																																																																																																
84	oo	OO	2	112	0	14	-2	151.18	-2	181.28	-2	198.11	-2	217.38					2	203.89	2	224.19																																																																																																																																
88	Oyi	oui	2	114	0	14	2	153.18	2	183.28	2	200.11	2	219.38					-2	201.89	-2	222.19																																																																																																															-2	138.82													-2	132.64	-2	135.88
89	Iaa	iAA	2	116	0	14			-2	181.28	-2	198.11	-2	217.38	2	176.31	2	190.91	2	203.89	2	224.19																																																																																																																																
90	iiA	Iia	2	118	0	14			2	183.28	2	200.11	2	219.38	-2	174.31	-2	188.91	-2	201.89	-2	222.19																																																													-2	133.34	-2	135.5													-2	146.87	-2	143.39													-2	146.98	-2	144.19													-2	138.83	-2	136.82													-2	130.64	-2	133.88
92	iie	iiE			2	16					2	202.11	2	221.38			-2	186.91	-2	199.89	-2	220.19																																																					-2	143.82	-2	144.33	-2	143.7	-2	144.76	-2	131.34	-2	133.5																																																																
93	auo	AyO	2	120	0	16	-2	151.18	-2	181.28	-2	200.11	-2	219.38					2	201.89	2	222.19																																																																																																																																
96	iAi	Iai	2	122	0	16			2	183.28	2	202.11	2	221.38	-2	172.31	-2	184.91	-2	199.89	-2	220.19																																																																															-2	141.39															-2	142.19															-2	134.82													-2	128.64	-2	131.88
97	AOi	aoi	2	124	0	16	2	153.18	2	185.28	2	204.11	2	223.38					-2	197.89	-2	218.19																																																																																																													-2	136.83	-2	132.82													-2	126.63999999999999	-2	129.88
98	Iuo	iuo	2	126	0	16							-2	221.38	2	174.31	2	186.91	2	199.89	2	220.19																																																											-2	142.76	-2	129.34	-2	131.5																																																																
100	iyy	iuu			2	18			2	187.28	2	206.11	2	223.38							-2	218.19																																																													-2	127.34	-2	129.5																																																																
102	aI	ai			2	20							-2	221.38	2	176.31	2	188.91	2	201.89	2	220.19																																																																																																																													-2	124.63999999999999	-2	127.88
103	OAi	oai	2	128	0	20	2	155.18	2	189.28	2	208.11	2	223.38					-2	199.89	-2	218.19																																																																																																															-2	130.82													-2	122.63999999999999	-2	125.88
104	uEa	yeA	2	130	0	20			-2	187.28	-2	206.11	-2	221.38			2	190.91	2	201.89	2	220.19																																																																																																																																
106	eOe	EoE	2	132	0	20	2	157.18	2	189.28	2	208.11	2	223.38			-2	188.91	-2	199.89	-2	218.19																																																																																																																																
107	IIE	iiE	2	134	0	20							-2	221.38	2	178.31	2	190.91	2	201.89	2	220.19																																																					-2	141.82	-2	142.33	-2	141.7	-2	140.76	-2	125.34	-2	127.5																																																																
110	oou	OOy	2	136	0	20	-2	155.18	-2	187.28	-2	206.11	-2	219.38					2	203.89	2	222.19																																																																																																																																
112	iye	IuE	2	138	0	20			2	189.28	2	208.11	2	221.38	-2	176.31	-2	188.91	-2	201.89	-2	220.19																																																																																																																																
113	Aey	aEu	2	140	0	20			2	191.28	2	210.11	2	223.38			-2	186.91	-2	199.89	-2	218.19																																																																																																																																
115	oau	OAy	2	142	0	20	-2	153.18	-2	189.28	-2	208.11	-2	221.38					2	201.89	2	220.19																																																																																																																																
117	ee	EE	2	144	0	20					2	210.11	2	223.38			-2	184.91	-2	199.89	-2	218.19																																																																																																																																
118	ooo	OOO	2	146	0	20	-2	151.18	-2	187.28	-2	208.11	-2	221.38					2	201.89	2	220.19																																																																																																																																
119	uaa	yAA	2	148	0	20			-2	185.28	-2	206.11	-2	219.38							2	222.19																																																																																																																																
120	EE	ee	2	150	0	20					-2	204.11	-2	217.38			2	186.91	2	203.89	2	224.19																																																																																																																																
121	Oie	oiE	2	152	0	20	2	153.18	2	187.28	2	206.11	2	219.38			-2	184.91	-2	201.89	-2	222.19																																																					-2	139.82	-2	140.33	-2	139.7	-2	138.76	-2	123.34	-2	125.5																																													-2	134.83	-2	128.82													-2	120.63999999999999	-2	123.88
123	yiA	uia	2	154	0	20			2	189.28	2	208.11	2	221.38							-2	220.19																																																													-2	121.34	-2	123.5																																																													-2	118.63999999999999	-2	121.88
124	aaI	AAi	2	156	0	20			-2	187.28	-2	206.11	-2	219.38	2	178.31	2	186.91	2	203.89	2	222.19																																																																																																																																
126	aoI	AOi	2	158	0	20	-2	151.18	-2	185.28	-2	204.11	-2	217.38	2	180.31	2	188.91	2	205.89	2	224.19																																																																																																																																
127	iAe	iaE			2	22			2	187.28	2	206.11	2	219.38			-2	186.91	-2	203.89	-2	222.19																																																							-2	138.33			-2	136.76	-2	119.34	-2	121.5																																																																
129	AiO	aio	2	160	0	22	2	153.18	2	189.28	2	208.11	2	221.38					-2	201.89	-2	220.19																																																									-2	137.7	-2	134.76	-2	117.34	-2	119.5																																																													-2	116.63999999999999	-2	119.88
130	iAA	Iaa	2	162	0	22			2	191.28	2	210.11	2	223.38	-2	178.31	-2	184.91	-2	199.89	-2	218.19																																																																																																																																
131	aEE	Aee	2	164	0	22			-2	189.28	-2	208.11	-2	221.38			2	186.91	2	201.89	2	220.19																																																																																																																																
133	EIo	Eio			2	24							-2	219.38	2	180.31	2	188.91	2	203.89	2	222.19																																																									-2	135.7	-2	132.76	-2	115.34	-2	117.5																													-2	144.98	-2	140.19													-2	132.83	-2	126.82													-2	114.63999999999999	-2	117.88
134	OyO	ouo	2	166	0	24	2	155.18	2	191.28	2	210.11	2	221.38					-2	201.89	-2	220.19																																																																																																																																
136	oIa	OiA	2	168	0	24	-2	153.18	-2	189.28	-2	208.11	-2	219.38	2	182.31	2	190.91	2	203.89	2	222.19																																																																																																																																
139	yei	uEi	2	170	0	24			2	191.28	2	210.11	2	221.38			-2	188.91	-2	201.89	-2	220.19																																																																																													-2	142.98	-2	138.19													-2	130.83	-2	124.82													-2	112.63999999999999	-2	115.88
140	IIu	iiu	2	172	0	24							-2	219.38	2	184.31	2	190.91	2	203.89	2	222.19																																																													-2	113.34	-2	115.5																																																																
142	AO	ao	2	174	0	24	2	155.18	2	193.28	2	212.11	2	221.38					-2	201.89	-2	220.19																																																																																																																																
143	aEu	Aey	2	176	0	24			-2	191.28	-2	210.11	-2	219.38			2	192.91	2	203.89	2	222.19																																																																																																																																
144	iiA	iia			2	26			2	193.28	2	212.11	2	221.38							-2	220.19																																																													-2	111.34	-2	113.5																																																																
147	Aei	aEi	2	178	0	26			2	195.28	2	214.11	2	223.38			-2	190.91	-2	201.89	-2	218.19																																																																																													-2	140.98	-2	136.19													-2	128.83	-2	122.82													-2	110.63999999999999	-2	113.88
149	uu	yy	2	180	0	26			-2	193.28	-2	212.11	-2	221.38							2	220.19																																																																																																																																
150	oaa	OAA	2	182	0	26	-2	153.18	-2	191.28	-2	210.11	-2	219.38					2	203.89	2	222.19																																																																																																																																
151	AeA	aEa	2	184	0	26			2	193.28	2	212.11	2	221.38			-2	188.91	-2	201.89	-2	220.19																																																																																																																																
152	Aie	aiE	2	186	0	26			2	195.28	2	214.11	2	223.38			-2	186.91	-2	199.89	-2	218.19																																																					-2	137.82	-2	136.33	-2	133.7	-2	130.76	-2	109.34	-2	111.5																																																													-2	108.63999999999999	-2	111.88
153	oI	Oi	2	188	0	26	-2	151.18	-2	193.28	-2	212.11	-2	221.38	2	186.31	2	188.91	2	201.89	2	220.19																																																																																																																																
155	Ayy	auu	2	190	0	26			2	195.28	2	214.11	2	223.38							-2	218.19																																																																																																																																
156	ouo	OyO	2	192	0	26	-2	149.18	-2	193.28	-2	212.11	-2	221.38					2	203.89	2	220.19																																																																																																																																
158	eAA	Eaa	2	194	0	26			2	195.28	2	214.11	2	223.38			-2	186.91	-2	201.89	-2	218.19																																																																																																																																
159	aoI	AOi	2	196	0	26	-2	147.18	-2	193.28	-2	212.11	-2	221.38	2	188.31	2	188.91	2	203.89	2	220.19																																																																																																																																
160	yyi	uui	2	198	0	26			2	195.28	2	214.11	2	223.38							-2	218.19																																																																																																																													-2	106.63999999999999	-2	109.88
161	II	Ii			2	28							-2	221.38	2	190.31	2	190.91	2	205.89	2	220.19																																																																													-2	144.87	-2	139.39													-2	138.98	-2	134.19													-2	126.83000000000001	-2	120.82													-2	104.63999999999999	-2	107.88
162	iOA	ioa			2	30	2	149.18	2	197.28	2	216.11	2	223.38					-2	203.89	-2	218.19																																																									-2	131.7	-2	128.76	-2	107.34	-2	109.5																																																																
163	oIE	oiE			2	32							-2	221.38	2	192.31	2	192.91	2	205.89	2	220.19																																																					-2	135.82	-2	134.33	-2	129.7	-2	126.75999999999999	-2	105.34	-2	107.5																																													-2	124.83000000000001	-2	118.82													-2	102.63999999999999	-2	105.88
165	uIu	uiu			2	34							-2	219.38	2	194.31	2	194.91	2	207.89	2	222.19																																																													-2	103.34	-2	105.5																																																													-2	100.63999999999999	-2	103.88
170	eiA	Eia	2	200	0	34			2	199.28	2	218.11	2	221.38			-2	192.91	-2	205.89	-2	220.19																																																													-2	101.34	-2	103.5																													-2	136.98	-2	132.19													-2	122.83000000000001	-2	116.82													-2	98.63999999999999	-2	101.88
171	EI	ei	2	202	0	34					-2	216.11	-2	219.38	2	196.31	2	194.91	2	207.89	2	222.19																																																																																																																																
172	iAe	IaE	2	204	0	34			2	201.28	2	218.11	2	221.38	-2	194.31	-2	192.91	-2	205.89	-2	220.19																																																																																																																																
173	aua	AyA	2	206	0	34			-2	199.28	-2	216.11	-2	219.38							2	222.19																																																																																																																																
176	AO	ao	2	208	0	34	2	151.18	2	201.28	2	218.11	2	221.38					-2	203.89	-2	220.19																																																																																																																																
177	iiO	iio			2	36	2	153.18	2	203.28	2	220.11	2	223.38					-2	201.89	-2	218.19																																																									-2	127.69999999999999	-2	124.75999999999999	-2	99.34	-2	101.5																																																																
178	Iaa	iaa	2	210	0	36							-2	221.38	2	196.31	2	194.91	2	203.89	2	220.19																																																													-2	97.34	-2	99.5																																																																
179	ye	uE	2	212	0	36			2	205.28	2	222.11	2	223.38			-2	192.91	-2	201.89	-2	218.19																																																																																																																																
180	oaa	OAA	2	214	0	36	-2	151.18	-2	203.28	-2	220.11	-2	221.38					2	203.89	2	220.19																																																																																																																																
182	IuE	iye	2	216	0	36			-2	201.28	-2	218.11	-2	219.38	2	198.31	2	194.91	2	205.89	2	222.19																																																																																																																																
185	yey	uEu	2	218	0	36			2	203.28	2	220.11	2	221.38			-2	192.91	-2	203.89	-2	220.19																																																																																																																																
186	iyO	Iuo	2	220	0	36	2	153.18	2	205.28	2	222.11	2	223.38	-2	196.31	-2	190.91	-2	201.89	-2	218.19																																																																																																																																
187	aIa	AiA	2	222	0	36			-2	203.28	-2	220.11	-2	221.38	2	198.31	2	192.91	2	203.89	2	220.19																																																																																																																																
188	uEo	yeO	2	224	0	36	-2	151.18	-2	201.28	-2	218.11	-2	219.38			2	194.91	2	205.89	2	222.19																																																																																																																																
192	ay	au			2	38			2	203.28	2	220.11	2	221.38							-2	220.19																																																																																																																					2	152.0	2	152.0	2	152.0	2	152.0	2	100.63999999999999	2	103.88
193	Oai	OAi			2	40			-2	201.28	-2	218.11	-2	219.38							2	222.19													2	152.0	2	152.0													2	152.0	2	152.0													2	152.0	2	152.0													2	99.34	2	101.5																																																													2	102.63999999999999	2	105.88
194	oOO	ooo			2	42	2	153.18	2	203.28	2	220.11	2	221.38					-2	203.89	-2	220.19																																																																																																	2	152.0	2	152.0	2	152.0	2	152.0	2	152.0	2	152.0	2	124.83000000000001	2	118.82	2	152.0	2	152.0	2	154.0	2	154.0	2	154.0	2	154.0	2	104.63999999999999	2	107.88
195	iao	iAO			2	44	-2	151.18	-2	201.28	-2	218.11	-2	219.38					2	205.89	2	222.19																																																											2	126.75999999999999	2	101.34	2	103.5																																																																
196	eOO	Eoo	2	226	0	44	2	153.18	2	203.28	2	220.11	2	221.38			-2	192.91	-2	203.89	-2	220.19																																																																																																																																
198	iE	ie			2	46					-2	218.11	-2	219.38			2	194.91	2	205.89	2	222.19																																																					2	137.82	2	136.33	2	129.7	2	128.76	2	103.34	2	105.5																																																																
199	iiO	iio			2	48	2	155.18	2	205.28	2	220.11	2	221.38					-2	203.89	-2	220.19																																																									-2	127.69999999999999	-2	126.75999999999999	-2	101.34	-2	103.5																																																																
200	yiy	uiu	2	228	0	48			2	207.28	2	222.11	2	223.38							-2	218.19																																																													-2	99.34	-2	101.5																																																													-2	102.63999999999999	-2	105.88
201	yaE	yAe			2	50			-2	205.28	-2	220.11	-2	221.38			2	196.91	2	205.89	2	220.19																							2	152.0			2	152.0	2	154.0	2	154.0							2	152.0			2	152.0	2	154.0	2	154.0							2	138.33			2	128.76	2	101.34	2	103.5																																																																
203	ioa	iOA			2	52	-2	153.18	-2	203.28	-2	218.11	-2	219.38					2	207.89	2	222.19																																																									2	129.7	2	130.76	2	103.34	2	105.5																																																																
204	yua	yyA			2	54			-2	201.28	-2	216.11	-2	217.38							2	224.19																													2	156.0	2	156.0													2	156.0	2	156.0													2	105.34	2	107.5																																																																
205	EOy	Eou			2	56	2	155.18	2	203.28	2	218.11	2	219.38					-2	205.89	-2	222.19																																																																																	2	152.0	2	152.0	2	152.0	2	152.0	2	152.0	2	152.0	2	138.98	2	134.19	2	154.0	2	154.0	2	154.0	2	154.0	2	154.0	2	154.0	2	126.83000000000001	2	120.82	2	154.0	2	154.0	2	156.0	2	156.0	2	156.0	2	156.0	2	104.63999999999999	2	107.88
209	IAe	IaE			2	58			2	205.28	2	220.11	2	221.38			-2	194.91	-2	203.89	-2	220.19																																																																					2	152.0	2	152.0	2	152.0	2	152.0	2	146.87	2	141.39					2	154.0	2	154.0	2	154.0	2	154.0	2	140.98	2	136.19					2	156.0	2	156.0	2	156.0	2	156.0	2	128.83	2	122.82					2	158.0	2	158.0	2	158.0	2	158.0	2	106.63999999999999	2	109.88
210	EOy	Eou			2	60	2	157.18	2	207.28	2	222.11	2	223.38					-2	201.89	-2	218.19																																																																																	2	154.0	2	154.0	2	156.0	2	156.0	2	156.0	2	156.0	2	142.98	2	138.19	2	156.0	2	156.0	2	158.0	2	158.0	2	158.0	2	158.0	2	130.83	2	124.82	2	156.0	2	156.0	2	160.0	2	160.0	2	160.0	2	160.0	2	108.63999999999999	2	111.88
211	uEI	uEi			2	62							-2	221.38	2	200.31	2	196.91	2	203.89	2	220.19																																																																																													-2	140.98	-2	136.19													-2	128.83	-2	122.82													-2	106.63999999999999	-2	109.88
212	OuE	Oye			2	64			-2	205.28	-2	220.11	-2	219.38			2	198.91	2	205.89	2	222.19							2	152.0			2	152.0	2	154.0	2	154.0							2	154.0			2	154.0	2	158.0	2	158.0							2	154.0			2	154.0	2	158.0	2	158.0							2	140.33			2	132.76	2	107.34	2	109.5																																																																
213	iiA	iia			2	66			2	207.28	2	222.11	2	221.38							-2	220.19																																																													-2	105.34	-2	107.5																																																																
215	Oa	OA			2	68			-2	205.28	-2	220.11	-2	219.38							2	222.19													2	156.0	2	156.0													2	160.0	2	160.0													2	160.0	2	160.0													2	107.34	2	109.5																																																																
216	IaI	Iai			2	70							-2	217.38	2	202.31	2	200.91	2	207.89	2	224.19																																																																															-2	139.39															-2	134.19															-2	120.82													-2	104.63999999999999	-2	107.88
218	IA	Ia			2	72			2	207.28	2	222.11	2	219.38							-2	222.19																																																																					2	154.0	2	154.0	2	154.0	2	154.0	2	148.87	2	141.39					2	158.0	2	158.0	2	158.0	2	158.0	2	142.98	2	136.19					2	160.0	2	160.0	2	160.0	2	160.0	2	130.83	2	122.82					2	162.0	2	162.0	2	162.0	2	162.0	2	106.63999999999999	2	109.88
219	Aou	AOy			2	74	-2	155.18	-2	205.28	-2	220.11	-2	217.38					2	209.89	2	224.19																									2	152.0	2	156.0	2	162.0	2	162.0									2	152.0	2	156.0	2	162.0	2	162.0									2	131.7	2	134.76	2	109.34	2	111.5																																																																
221	Iiy	Iiu			2	76			2	207.28	2	222.11	2	219.38							-2	222.19																																																													-2	107.34	-2	109.5							2	156.0			2	156.0											2	160.0			2	160.0											2	162.0			2	162.0											2	164.0			2	164.0				
222	Iee	IEE			2	78					2	224.11	2	221.38			-2	198.91	-2	207.89	-2	220.19																																																																									2	156.0	2	158.0	2	150.87	2	143.39									2	160.0	2	162.0	2	144.98	2	138.19									2	162.0	2	164.0	2	132.83	2	124.82									2	164.0	2	166.0	2	108.63999999999999	2	111.88
224	AoE	AOe			2	80	-2	153.18	-2	205.28	-2	222.11	-2	219.38			2	200.91	2	209.89	2	222.19																							2	156.0	2	154.0	2	158.0	2	164.0	2	164.0							2	156.0	2	154.0	2	158.0	2	164.0	2	164.0							2	142.33	2	133.7	2	136.76	2	109.34	2	111.5																																																																
226	IO	Io			2	82	2	155.18	2	207.28	2	224.11	2	221.38					-2	207.89	-2	220.19																																																																	2	152.0	2	152.0	2	156.0	2	158.0	2	158.0	2	160.0	2	152.87	2	145.39	2	156.0	2	156.0	2	160.0	2	162.0	2	162.0	2	164.0	2	146.98	2	140.19	2	158.0	2	158.0	2	162.0	2	164.0	2	164.0	2	166.0	2	134.83	2	126.82	2	158.0	2	158.0	2	164.0	2	166.0	2	166.0	2	168.0	2	110.63999999999999	2	113.88
227	oEa	OeA	2	230	0	82	-2	153.18	-2	205.28	-2	222.11	-2	219.38			2	202.91	2	209.89	2	222.19																																																																																																																																
231	yEE	yee			2	84					-2	220.11	-2	217.38			2	204.91	2	211.89	2	224.19																					2	152.0	2	158.0	2	156.0	2	160.0	2	166.0	2	166.0					2	152.0	2	158.0	2	156.0	2	160.0	2	166.0	2	166.0					2	139.82	2	144.33	2	135.7	2	138.76	2	111.34	2	113.5																																																																
233	Eey	EEu			2	86			2	207.28	2	222.11	2	219.38			-2	202.91	-2	209.89	-2	222.19																																																																																							2	164.0	2	164.0	2	166.0	2	148.98	2	142.19							2	166.0	2	166.0	2	168.0	2	136.83	2	128.82							2	168.0	2	168.0	2	170.0	2	112.63999999999999	2	115.88
237	uAy	uau			2	88			2	209.28	2	224.11	2	221.38							-2	220.19																																																																																																																					2	166.0	2	170.0	2	170.0	2	172.0	2	114.63999999999999	2	117.88
238	IuI	Iui			2	90							-2	219.38	2	204.31	2	204.91	2	211.89	2	222.19																																																																															-2	143.39															-2	140.19															-2	126.82													-2	112.63999999999999	-2	115.88
239	yoE	yOe			2	92	-2	151.18	-2	207.28	-2	222.11	-2	217.38			2	206.91	2	213.89	2	224.19																							2	160.0	2	158.0	2	162.0	2	168.0	2	168.0							2	160.0	2	158.0	2	162.0	2	168.0	2	168.0							2	146.33	2	137.7	2	140.76	2	113.34	2	115.5																																																																
243	uai	yAi	2	232	0	92			-2	205.28	-2	220.11	-2	215.38							2	226.19																																																																																																																													2	114.63999999999999	2	117.88
244	IOO	Ioo			2	94	2	153.18	2	207.28	2	222.11	2	217.38					-2	211.89	-2	224.19																																																																	2	154.0	2	154.0	2	158.0	2	160.0	2	160.0	2	162.0	2	154.87	2	145.39	2	158.0	2	158.0	2	162.0	2	166.0	2	166.0	2	168.0	2	150.98	2	142.19	2	160.0	2	160.0	2	164.0	2	168.0	2	168.0	2	170.0	2	138.83	2	128.82	2	160.0	2	160.0	2	168.0	2	172.0	2	172.0	2	174.0	2	116.63999999999999	2	119.88
247	Ou	Oy			2	96			-2	205.28	-2	220.11	-2	215.38							2	226.19													2	158.0	2	158.0													2	170.0	2	170.0													2	170.0	2	170.0													2	115.34	2	117.5																																																																
250	aOA	aoa			2	98	2	155.18	2	207.28	2	222.11	2	217.38					-2	209.89	-2	224.19																																																																																																																	2	162.0	2	162.0	2	170.0	2	174.0	2	174.0	2	176.0	2	118.63999999999999	2	121.88
251	oie	oiE			2	100					2	224.11	2	219.38			-2	204.91	-2	207.89	-2	222.19																																																					-2	137.82	-2	144.33	-2	135.7	-2	138.76	-2	113.34	-2	115.5																																											2	172.0															2	178.0				
255	uAA	uaa			2	102			2	209.28	2	226.11	2	221.38							-2	220.19																																																																																																																					2	172.0	2	176.0	2	176.0	2	180.0	2	120.63999999999999	2	123.88
257	oy	ou			2	104			2	211.28	2	228.11	2	223.38							-2	218.19																																																																																																					2	166.0	2	170.0	2	170.0	2	174.0	2	140.83	2	130.82					2	174.0	2	178.0	2	178.0	2	182.0	2	122.63999999999999	2	125.88
258	iEE	iee			2	106					-2	226.11	-2	221.38			2	206.91	2	209.89	2	220.19																																																					2	139.82	2	146.33	2	137.7	2	140.76	2	115.34	2	117.5																																																																
259	AEo	AeO			2	108	-2	153.18	-2	209.28	-2	224.11	-2	219.38			2	208.91	2	211.89	2	222.19																					2	154.0	2	162.0	2	160.0	2	164.0	2	172.0	2	172.0					2	154.0	2	162.0	2	160.0	2	164.0	2	172.0	2	172.0					2	141.82	2	148.33	2	139.7	2	142.76	2	117.34	2	119.5																																																																
260	uAy	uau			2	110			2	211.28	2	226.11	2	221.38							-2	220.19																																																																																																																					2	176.0	2	180.0	2	180.0	2	184.0	2	124.63999999999999	2	127.88
261	iIE	iie			2	112					-2	224.11	-2	219.38	2	206.31	2	210.91	2	213.89	2	222.19																																																	2	152.0	2	152.0	2	143.82	2	150.33	2	141.7	2	144.76	2	119.34	2	121.5																																																																
263	uuI	uui			2	114							-2	217.38	2	208.31	2	212.91	2	215.89	2	224.19																																																																																																																													-2	122.63999999999999	-2	125.88
269	iuu	iyy			2	116			-2	209.28	-2	222.11	-2	215.38							2	226.19																																																													2	121.34	2	123.5																																																																
270	ae	aE			2	118					2	224.11	2	217.38			-2	210.91	-2	213.89	-2	224.19																																																																																																																									2	182.0	2	186.0	2	124.63999999999999	2	127.88
271	iuo	iyO			2	120	-2	151.18	-2	207.28	-2	222.11	-2	215.38					2	215.89	2	226.19																																																											2	146.76	2	123.34	2	125.5																																																																
272	uAe	uaE			2	122			2	209.28	2	224.11	2	217.38			-2	208.91	-2	213.89	-2	224.19																																																																																																																					2	178.0	2	182.0	2	184.0	2	188.0	2	126.63999999999999	2	129.88
273	eiE	eie			2	124					-2	222.11	-2	215.38			2	210.91	2	215.89	2	226.19																																							2	164.0			2	166.0			2	174.0					2	145.82	2	152.33	2	143.7	2	148.76	2	125.34	2	127.5																																																																
274	IAe	IaE			2	126			2	211.28	2	224.11	2	217.38			-2	208.91	-2	213.89	-2	224.19																																																																					2	160.0	2	162.0	2	162.0	2	164.0	2	156.87	2	147.39					2	164.0	2	168.0	2	168.0	2	170.0	2	152.98	2	144.19					2	168.0	2	172.0	2	172.0	2	176.0	2	142.83	2	132.82					2	180.0	2	184.0	2	186.0	2	190.0	2	128.64	2	131.88
275	EOy	Eou			2	128	2	153.18	2	213.28	2	226.11	2	219.38					-2	211.89	-2	222.19																																																																																	2	160.0	2	160.0	2	166.0	2	170.0	2	170.0	2	172.0	2	154.98	2	146.19	2	162.0	2	162.0	2	170.0	2	174.0	2	174.0	2	178.0	2	144.83	2	134.82	2	164.0	2	164.0	2	182.0	2	186.0	2	188.0	2	192.0	2	130.64	2	133.88
278	euE	eye			2	130			-2	211.28	-2	224.11	-2	217.38			2	210.91	2	213.89	2	224.19																																							2	166.0			2	168.0	2	174.0	2	176.0							2	154.33			2	150.76	2	127.34	2	129.5																																																																
279	Au	Ay			2	132			-2	209.28	-2	222.11	-2	215.38							2	226.19																													2	174.0	2	174.0													2	176.0	2	178.0													2	129.34	2	131.5																																																																
280	uie	uiE			2	134					2	224.11	2	217.38			-2	208.91	-2	211.89	-2	224.19																																																					-2	143.82	-2	152.33	-2	141.7	-2	148.76	-2	127.34	-2	129.5																																																											2	194.0				
281	Oa	OA			2	136			-2	207.28	-2	222.11	-2	215.38							2	226.19													2	160.0	2	160.0													2	176.0	2	176.0													2	178.0	2	180.0													2	129.34	2	131.5																																																																
282	EOA	Eoa			2	138	2	155.18	2	209.28	2	224.11	2	217.38					-2	209.89	-2	224.19																																																																																	2	162.0	2	162.0	2	168.0	2	172.0	2	172.0	2	174.0	2	156.98	2	148.19	2	164.0	2	164.0	2	172.0	2	176.0	2	176.0	2	180.0	2	146.83	2	136.82	2	166.0	2	166.0	2	184.0	2	188.0	2	190.0	2	196.0	2	132.64	2	135.88
283	yEu	yey			2	140			-2	207.28	-2	222.11	-2	215.38			2	210.91	2	211.89	2	226.19																					2	156.0	2	164.0	2	162.0	2	166.0	2	178.0	2	178.0					2	156.0	2	168.0	2	162.0	2	170.0	2	180.0	2	182.0					2	145.82	2	154.33	2	143.7	2	150.76	2	131.34	2	133.5																																																																
285	oAi	oai			2	142			2	209.28	2	224.11	2	217.38							-2	224.19																																																																																																					2	174.0	2	178.0	2	178.0	2	182.0	2	148.83							2	186.0	2	190.0	2	192.0	2	198.0			-2	133.88
286	iie	iiE			2	144					2	226.11	2	219.38			-2	208.91	-2	209.89	-2	222.19																																																					-2	143.82	-2	152.33	-2	141.7	-2	148.76	-2	129.34	-2	131.5																																																																
287	AEu	Aey			2	146			-2	207.28	-2	224.11	-2	217.38			2	210.91	2	211.89	2	224.19																					2	158.0	2	166.0	2	164.0	2	168.0	2	180.0	2	180.0					2	158.0	2	170.0	2	164.0	2	172.0	2	182.0	2	184.0					2	145.82	2	154.33	2	143.7	2	150.76	2	131.34	2	133.5																																																																
288	Oou	OOy			2	148	-2	153.18	-2	205.28	-2	222.11	-2	215.38					2	213.89	2	226.19									2	152.0	2	154.0	2	162.0	2	162.0									2	166.0	2	170.0	2	182.0	2	182.0									2	166.0	2	174.0	2	184.0	2	186.0									2	145.7	2	152.76	2	133.34	2	135.5																																																																
293	uiy	uiu			2	150			2	207.28	2	224.11	2	217.38							-2	224.19																																																													-2	131.34	-2	133.5																																																							2	192.0			2	200.0				
295	iOi	ioi			2	152	2	155.18	2	209.28	2	226.11	2	219.38					-2	211.89	-2	222.19																																																									-2	143.7	-2	150.76	-2	129.34	-2	131.5																																													-2	146.83	-2	134.82													-2	130.64	-2	131.88
296	Aaa	AAA			2	154			-2	207.28	-2	224.11	-2	217.38							2	224.19																													2	184.0	2	184.0													2	186.0	2	188.0													2	131.34	2	133.5																																																																
297	aey	aEu			2	156			2	209.28	2	226.11	2	219.38			-2	208.91	-2	209.89	-2	222.19																																																																																																																							2	194.0	2	194.0	2	202.0	2	132.64	2	133.88
298	Aa	AA			2	158			-2	207.28	-2	224.11	-2	217.38							2	224.19																													2	186.0	2	186.0													2	188.0	2	190.0													2	133.34	2	135.5																																																																
300	Oo	OO			2	160	-2	153.18	-2	205.28	-2	222.11	-2	215.38					2	211.89	2	226.19									2	154.0	2	156.0	2	164.0	2	164.0									2	168.0	2	172.0	2	188.0	2	188.0									2	168.0	2	176.0	2	190.0	2	192.0									2	145.7	2	152.76	2	135.34	2	137.5																																																																
305	uiO	uio			2	162	2	155.18	2	207.28	2	224.11	2	217.38					-2	209.89	-2	224.19																																																									-2	143.7	-2	150.76	-2	133.34	-2	135.5																																																			2	168.0			2	196.0			2	204.0				
306	eEi	eei			2	164					-2	222.11	-2	215.38			2	210.91	2	211.89	2	226.19																																					2	160.0	2	172.0	2	170.0	2	178.0	2	192.0	2	194.0					2	147.82	2	156.33	2	145.7	2	152.76	2	135.34	2	137.5																													2	158.98	2	150.19													2	148.83	2	136.82													2	134.64	2	135.88
307	ue	uE			2	166					2	224.11	2	217.38			-2	208.91	-2	209.89	-2	224.19																																																																																																																									2	196.0	2	206.0	2	136.64	2	137.88
308	yEo	yeO			2	168	-2	153.18	-2	205.28	-2	222.11	-2	215.38			2	210.91	2	211.89	2	226.19																					2	160.0	2	168.0	2	170.0	2	174.0	2	190.0	2	190.0					2	162.0	2	174.0	2	172.0	2	180.0	2	194.0	2	196.0					2	149.82	2	158.33	2	147.7	2	154.76	2	137.34	2	139.5																																																																
310	IeA	IEa			2	170			2	207.28	2	224.11	2	217.38			-2	208.91	-2	209.89	-2	224.19																																																																							2	164.0	2	164.0	2	166.0	2	158.87	2	149.39							2	174.0	2	174.0	2	176.0	2	160.98	2	152.19							2	180.0	2	180.0	2	184.0	2	150.83	2	138.82							2	198.0	2	198.0	2	208.0	2	138.64	2	139.88
312	EiO	Eio			2	172	2	155.18	2	209.28	2	226.11	2	219.38					-2	207.89	-2	222.19																																																									-2	145.7	-2	152.76	-2	135.34	-2	137.5																			2	164.0			2	176.0			2	178.0							2	166.0			2	182.0			2	186.0							2	170.0			2	200.0			2	210.0				
313	iOA	ioa			2	174	2	157.18	2	211.28	2	228.11	2	221.38					-2	205.89	-2	220.19																																																									-2	143.7	-2	150.76	-2	133.34	-2	135.5																																																																
316	yu	yy			2	176			-2	209.28	-2	226.11	-2	219.38							2	222.19																													2	192.0	2	192.0													2	196.0	2	198.0													2	135.34	2	137.5																																																																
322	ia	iA			2	178			-2	207.28	-2	224.11	-2	217.38							2	224.19																																																													2	137.34	2	139.5																																																																
323	AuE	Aye			2	180			-2	205.28	-2	222.11	-2	215.38			2	210.91	2	207.89	2	226.19																							2	170.0			2	176.0	2	194.0	2	194.0							2	176.0			2	182.0	2	198.0	2	200.0							2	160.33			2	152.76	2	139.34	2	141.5																																																																
324	IAi	Iai			2	182			2	207.28	2	224.11	2	217.38							-2	224.19																																																																					2	162.0	2	166.0	2	166.0	2	168.0	2	160.87							2	170.0	2	178.0	2	176.0	2	180.0	2	162.98							2	176.0	2	184.0	2	182.0	2	188.0	2	152.83							2	188.0	2	202.0	2	200.0	2	212.0			-2	137.88
328	OiE	Oie			2	184					-2	222.11	-2	215.38			2	212.91	2	209.89	2	226.19							2	154.0			2	158.0			2	166.0							2	172.0			2	178.0			2	196.0							2	178.0			2	184.0			2	202.0					2	151.82	2	162.33	2	145.7	2	154.76	2	141.34	2	143.5																																																																
329	EAy	Eau			2	186			2	209.28	2	224.11	2	217.38							-2	224.19																																																																																					2	172.0	2	180.0	2	178.0	2	182.0	2	164.98	2	154.19					2	178.0	2	186.0	2	184.0	2	190.0	2	154.83	2	140.82					2	190.0	2	204.0	2	202.0	2	214.0	2	140.64	2	139.88
330	iiA	iia			2	188			2	211.28	2	226.11	2	219.38							-2	222.19																																																													-2	139.34	-2	141.5																																																																
331	aIo	aio			2	190							-2	217.38	2	210.31	2	214.91	2	211.89	2	224.19																																																									-2	143.7	-2	152.76	-2	137.34	-2	139.5																																																													-2	138.64	-2	137.88
333	aAy	aau			2	192			2	213.28	2	228.11	2	219.38							-2	222.19																																																																																																																					2	192.0	2	206.0	2	204.0	2	216.0	2	140.64	2	139.88
334	AoE	AOe			2	194	-2	155.18	-2	211.28	-2	226.11	-2	217.38			2	216.91	2	213.89	2	224.19																							2	174.0	2	172.0	2	180.0	2	196.0	2	198.0							2	180.0	2	174.0	2	186.0	2	200.0	2	204.0							2	164.33	2	145.7	2	154.76	2	139.34	2	141.5																																																																
338	Eei	EEi			2	196					2	228.11	2	219.38			-2	214.91	-2	211.89	-2	222.19																																																																																									2	180.0	2	184.0			-2	152.19									2	186.0	2	192.0			-2	138.82									2	206.0	2	218.0			-2	137.88
340	AEi	Aei			2	198					-2	226.11	-2	217.38			2	216.91	2	213.89	2	224.19																					2	162.0	2	176.0	2	174.0	2	182.0	2	198.0	2	200.0					2	164.0	2	182.0	2	176.0	2	188.0	2	202.0	2	206.0					2	153.82	2	166.33	2	147.7	2	156.76	2	141.34	2	143.5																													2	166.98	2	154.19													2	156.83	2	140.82													2	142.64	2	139.88
341	Aa	AA			2	200			-2	209.28	-2	224.11	-2	215.38							2	226.19																													2	200.0	2	202.0													2	204.0	2	208.0													2	143.34	2	145.5																																																																
342	Aa	AA			2	202			-2	207.28	-2	222.11	-2	213.38							2	228.19																													2	202.0	2	204.0													2	206.0	2	210.0													2	145.34	2	147.5																																																																
343	aA	aa			2	204			2	209.28	2	224.11	2	215.38							-2	226.19																																																																																																																					2	194.0	2	208.0	2	208.0	2	220.0	2	144.64	2	141.88
343	Apriori	Id(Bk)Syl1>>Id(Bk)	2	234																																																																																																																																																			
344	IAe	IaE			2	206			2	211.28	2	226.11	2	217.38			-2	214.91	-2	211.89	-2	224.19																																																																					2	164.0	2	168.0	2	168.0	2	170.0	2	162.87	2	151.39					2	174.0	2	182.0	2	182.0	2	186.0	2	168.98	2	156.19					2	180.0	2	188.0	2	188.0	2	194.0	2	158.83	2	142.82					2	196.0	2	210.0	2	210.0	2	222.0	2	146.64	2	143.88
344	Apriori	Id(Bk)Syl1>>Id(Bk)	2	236																																																																																																																																																			
347	eo	eO			2	208	-2	153.18	-2	209.28	-2	224.11	-2	215.38					2	213.89	2	226.19																																									2	178.0	2	190.0	2	208.0	2	212.0									2	149.7	2	158.76	2	147.34	2	149.5																																																																
347	Apriori	Id(Bk)Syl1>>Id(Bk)	2	238																																																																																																																																																			
348	ayA	aua			2	210			2	211.28	2	226.11	2	217.38							-2	224.19																																																																																																																					2	198.0	2	212.0	2	212.0	2	224.0	2	148.64	2	145.88
348	Apriori	Id(Bk)Syl1>>Id(Bk)	2	240																																																																																																																																																			
349	aOO	aoo			2	212	2	155.18	2	213.28	2	228.11	2	219.38					-2	211.89	-2	222.19																																																																																																																	2	168.0	2	172.0	2	200.0	2	214.0	2	214.0	2	226.0	2	150.64	2	147.88
349	Apriori	Id(Bk)Syl1>>Id(Bk)	2	242																																																																																																																																																			
356	Aiu	Aiy			2	214			-2	211.28	-2	226.11	-2	217.38							2	224.19																															2	206.0															2	214.0													2	149.34	2	151.5																																																																
356	Apriori	Id(Bk)Syl1>>Id(Bk)	2	244																																																																																																																																																			
357	yia	yiA			2	216			-2	209.28	-2	224.11	-2	215.38							2	226.19																															2	208.0															2	216.0													2	151.34	2	153.5																																																																
357	Apriori	Id(Bk)Syl1>>Id(Bk)	2	246																																																																																																																																																			
358	EO	Eo			2	218	2	157.18	2	211.28	2	226.11	2	217.38					-2	209.89	-2	224.19																																																																																	2	164.0	2	166.0	2	176.0	2	184.0	2	184.0	2	188.0	2	170.98	2	158.19	2	166.0	2	168.0	2	182.0	2	190.0	2	190.0	2	196.0	2	160.83	2	144.82	2	170.0	2	174.0	2	202.0	2	216.0	2	216.0	2	228.0	2	152.64	2	149.88
358	Apriori	Id(Bk)Syl1>>Id(Bk)	2	248																																																																																																																																																			
359	Oui	Oyi			2	220			-2	209.28	-2	224.11	-2	215.38							2	226.19													2	166.0	2	168.0													2	204.0	2	210.0													2	210.0	2	218.0													2	153.34	2	155.5																																																													2	154.64	2	151.88
359	Apriori	Id(Bk)Syl1>>Id(Bk)	2	250																																																																																																																																																			
360	iu	iy			2	222			-2	207.28	-2	222.11	-2	213.38							2	228.19																																																													2	155.34	2	157.5																																																																
360	Apriori	Id(Bk)Syl1>>Id(Bk)	2	252																																																																																																																																																			
361	oee	oEE			2	224					2	224.11	2	215.38			-2	212.91	-2	207.89	-2	226.19																																																																																																									2	192.0	2	198.0	2	162.83	2	146.82									2	218.0	2	230.0	2	156.64	2	153.88
361	Apriori	Id(Bk)Syl1>>Id(Bk)	2	254																																																																																																																																																			
369	Aoo	AOO			2	226	-2	155.18	-2	205.28	-2	222.11	-2	213.38					2	209.89	2	228.19																									2	176.0	2	184.0	2	206.0	2	212.0									2	180.0	2	192.0	2	212.0	2	220.0									2	151.7	2	160.76	2	157.34	2	159.5																																																																
369	Apriori	Id(Bk)Syl1>>Id(Bk)	2	256																																																																																																																																																			
375	Ie	IE			2	228					2	224.11	2	215.38			-2	210.91	-2	207.89	-2	226.19																																																																									2	170.0	2	172.0	2	164.87	2	153.39									2	186.0	2	190.0	2	172.98	2	160.19									2	194.0	2	200.0	2	164.83	2	148.82									2	220.0	2	232.0	2	158.64	2	155.88
375	Apriori	Id(Bk)Syl1>>Id(Bk)	2	258																																																																																																																																																			
404	iu	iy			2	230			-2	203.28	-2	222.11	-2	213.38							2	228.19																																																													2	159.34	2	161.5																																																																
404	Apriori	Id(Bk)Syl1>>Id(Bk)	2	260																																																																																																																																																			
455	iiO	iio			2	232	2	157.18	2	205.28	2	224.11	2	215.38					-2	205.89	-2	226.19																																																									-2	149.7	-2	158.76	-2	157.34	-2	159.5																																																																
455	Apriori	Id(Bk)Syl1>>Id(Bk)	2	262																																																																																																																																																			
566	AEE	Aee			2	234					-2	222.11	-2	213.38			2	212.91	2	207.89	2	228.19																					2	164.0	2	178.0	2	178.0	2	186.0	2	208.0	2	214.0					2	166.0	2	184.0	2	182.0	2	194.0	2	214.0	2	222.0					2	155.82	2	168.33	2	151.7	2	160.76	2	159.34	2	161.5																																																																
566	Apriori	Id(Bk)Syl1>>Id(Bk)	2	264																																																																																																																																																			
901	EAA	Eaa			2	236			2	207.28	2	224.11	2	215.38							-2	226.19																																																																																					2	178.0	2	186.0	2	188.0	2	192.0	2	174.98	2	162.19					2	184.0	2	192.0	2	196.0	2	202.0	2	166.83	2	150.82					2	204.0	2	218.0	2	222.0	2	234.0	2	160.64	2	157.88
901	Apriori	Id(Bk)Syl1>>Id(Bk)	2	266																																																																																																																																																			
13460	uey	uEu			0.02	236.02			0.02	207.3	0.02	224.13000000000002	0.02	215.4			-0.02	212.89	-0.02	207.86999999999998	-0.02	226.17																																																																																																																							0.02	218.02	0.02	222.02	0.02	234.02	0.02	160.66	0.02	157.9
13460	Apriori	Id(Bk)Syl1>>Id(Bk)	0.01999999999998181	266.02																																																																																																																																																			
14846	IiO	Iio			0.02	236.04000000000002	0.02	157.20000000000002	0.02	207.32000000000002	0.02	224.15000000000003	0.02	215.42000000000002					-0.02	207.84999999999997	-0.02	226.14999999999998																																																									-0.02	151.67999999999998	-0.02	160.73999999999998	-0.02	159.32	-0.02	161.48			0.02	154.02			0.02	168.02			0.02	172.02							0.02	166.02			0.02	186.02			0.02	192.02							0.02	168.02			0.02	192.02			0.02	202.02							0.02	174.02			0.02	218.04000000000002			0.02	234.04000000000002				
14846	Apriori	Id(Bk)Syl1>>Id(Bk)	0.020000000000038654	266.04																																																																																																																																																			
15865	iyi	iui			0.002	236.04200000000003			0.002	207.32200000000003	0.002	224.15200000000004	0.002	215.42200000000003							-0.002	226.14799999999997																																																													-0.002	159.31799999999998	-0.002	161.47799999999998																																																													-0.002	160.658	-0.002	157.898
15865	Apriori	Id(Bk)Syl1>>Id(Bk)	0.0020000000000095497	266.04200000000003																																																																																																																																																			
TOTAL				266.04200000000003		236.04200000000003		157.20000000000002		207.32200000000003		224.15200000000004		215.42200000000003		210.31		212.89		207.84999999999997		226.14799999999997		150.0		150.0		150.0		154.0		154.0		158.0		166.0		168.0		150.0		150.0		164.0		178.0		178.0		186.0		208.0		214.0		150.0		150.0		166.0		184.0		182.0		194.0		214.0		222.0		152.0		152.0		155.82		168.33		151.67999999999998		160.73999999999998		159.31799999999998		161.47799999999998		154.0		154.02		164.0		168.02		170.0		172.02		164.87		153.39		164.0		166.02		178.0		186.02		188.0		192.02		174.98		162.19		166.0		168.02		184.0		192.02		196.0		202.02		166.83		150.82		170.0		174.02		204.0		218.04000000000002		222.02		234.04000000000002		160.658		157.898
