trialnum	Generated	Heard	Id(Bk)Syl1	now	Id(Bk)	now	*F1	now	*F3	now	*F4	now	*F5	now	*B1	now	*B2	now	*B3	now	*B5	now	*F1_B1	now	*F1..._B1	now	*F1_B2	now	*F1..._B2	now	*F1_B3	now	*F1..._B3	now	*F1_B5	now	*F1..._B5	now	*F3_B1	now	*F3..._B1	now	*F3_B2	now	*F3..._B2	now	*F3_B3	now	*F3..._B3	now	*F3_B5	now	*F3..._B5	now	*F4_B1	now	*F4..._B1	now	*F4_B2	now	*F4..._B2	now	*F4_B3	now	*F4..._B3	now	*F4_B5	now	*F4..._B5	now	*F5_B1	now	*F5..._B1	now	*F5_B2	now	*F5..._B2	now	*F5_B3	now	*F5..._B3	now	*F5_B5	now	*F5..._B5	now	*_B1F1	now	*_B1...F1	now	*_B1F3	now	*_B1...F3	now	*_B1F4	now	*_B1...F4	now	*_B1F5	now	*_B1...F5	now	*_B2F1	now	*_B2...F1	now	*_B2F3	now	*_B2...F3	now	*_B2F4	now	*_B2...F4	now	*_B2F5	now	*_B2...F5	now	*_B3F1	now	*_B3...F1	now	*_B3F3	now	*_B3...F3	now	*_B3F4	now	*_B3...F4	now	*_B3F5	now	*_B3...F5	now	*_B5F1	now	*_B5...F1	now	*_B5F3	now	*_B5...F3	now	*_B5F4	now	*_B5...F4	now	*_B5F5	now	*_B5...F5	now
				0		0		100		100		100		100		100		100		100		100		100		100		100		100		100		100		100		100		100		100		100		100		100		100		100		100		100		100		100		100		100		100		100		100		100		100		100		100		100		100		100		100		100		100		100		100		100		100		100		100		100		100		100		100		100		100		100		100		100		100		100		100		100		100		100		100		100		100		100		100		100		100		100		100
0	Apriori	Id(Bk)Syl1>>Id(Bk)	20	20																																																																																																																																																		
1	ouu	Ouu	2	22	0	0	-2	98	-2	98	-2	98	-2	98					2	102	2	102													-2	98	-2	98													-2	98	-2	98													-2	98	-2	98													-2	98	-2	98																																																																
3	yie	uie	2	24	0	0			2	100	2	100	2	100							-2	100																																																																																																																											-2	98	-2	98	-2	98
4	uae	yae	2	26	0	0			-2	98	-2	98	-2	98							2	102																													0	98	0	98													0	98	0	98													0	98	0	98																																																											2	100			2	100
5	eye	Eue	2	28	0	0			2	100	2	100	2	100			-2	98	-2	100	-2	100																																																																																											-2	98			-2	98											-2	98			-2	98									-2	98	-2	98	-2	96	-2	98
6	OAy	oau	2	30	0	0	2	100	2	102	2	102	2	102					-2	98	-2	98																																																																																																																																
7	Euo	euo	2	32	0	0					-2	100	-2	100			2	100	2	100	2	100																																											-2	98	-2	96	-2	96											-2	98	-2	96	-2	96																																																																
8	EIa	eia	2	34	0	0					-2	98	-2	98	2	102	2	102	2	102	2	102																																															0	96													0	96	0	96																																																																
9	aiu	Aiu	2	36	0	0			-2	100	0	98	0	98							2	104																															0	98															0	96																																																																													2	98	2	100
11	yiA	uia	2	38	0	0			2	102	2	100	2	100							-2	102																																																													0	96	0	96																																																													0	98	-2	98
12	eye	eue			2	2			2	104	2	102	2	102							-2	100																																													0	96	0	96													0	96	0	96																																																									0	98	0	98	0	98	0	98
13	yiy	uiu	2	40	0	2			2	106	2	104	2	104							0	100																																																													0	96	0	96																																																													0	98	0	98
14	uiE	yie	2	42	0	2			-2	104	-2	102	-2	102			2	104	2	104	2	102																																																					2	102	2	102	2	102	2	100	2	98	2	98																																																													2	100	2	100
15	oi	Oi	2	44	0	2	0	100	-2	102	0	102	0	102					2	106	2	104																																																																																																													2	102	2	100													2	102	2	102
16	eyO	euo			2	4	2	102	2	104	2	104	2	104					-2	104	-2	102																																											0	98	0	96	0	96											0	100	0	98	0	98																																																																
17	EIu	eiu	2	46	0	4					-2	102	-2	102	2	104	2	106	2	106	2	104																																															0	96													0	98	0	98																																																																
18	eye	eue			2	6			2	106	2	104	2	104							-2	102																																													0	96	0	96													0	98	0	98																																																									0	98	0	98	0	102	0	102
19	OaO	Oao			2	8	2	104	2	108	2	106	2	106					-2	104	0	102											0	100			0	98											0	100			0	98											0	98			0	96											0	100			0	98																																																	2	102	2	102	2	102	2	102	2	100	2	100	2	104	2	104
21	auE	aue			2	10					-2	104	-2	104			2	108	2	106	2	104																																																																																																																									0	100	0	100	0	104	0	104
22	Oyi	Oui			2	12			2	110	2	106	2	106							0	104													0	98	0	98													0	98	0	98													0	96	0	96													0	98	0	98																																																													0	104	0	104
24	eaa	Eaa	2	48	0	12					2	108	2	108			-2	106	-2	104	0	104																																													2	98	2	98													2	100	2	100																																																																
26	uII	yii	2	50	0	12			-2	108	-2	106	-2	106	2	106	2	108	2	106	2	106																																																																																																																																
29	uIE	yie	2	52	0	12			-2	106	0	106	0	106	2	108	2	110	2	108	2	108																																																																																																																																
30	eiO	eio			2	14	2	106	2	108	2	108	2	108					-2	106	-2	106																																											0	98			0	98									0	102	0	100	0	100	0	100																																																																
31	eOi	Eoi	2	54	0	14	2	108	2	110	2	110	2	110			-2	108	0	106	0	106																																																																																															0	98													0	102	0	100													0	104	0	104
32	EEI	eei	2	56	0	14					-2	108	-2	108	2	110	2	110	2	108	2	108																																																																																																																																
33	au	Au	2	58	0	14			-2	108	-2	106	-2	106							2	110																													0	98	0	98													0	98	0	98													0	100	0	100																																																																
34	AyA	aua	2	60	0	14			2	110	2	108	2	108							-2	108																																																																																																																																
37	uIo	yio	2	62	0	14			-2	108	0	108	0	108	2	112	2	112	2	110	2	110																											0	100			0	98											0	98			0	98									0	102	0	100	0	100	0	100																																																																
38	yAe	uae	2	64	0	14			2	110	2	110	2	110							-2	108																																																																																																																									0	100	0	100	0	104	0	104
40	Euu	euu	2	66	0	14					0	110	0	110			2	114	2	112	2	110																																													0	98	0	98													0	100	0	100																																																																
43	eeu	Eeu	2	68	0	14					2	112	2	112			-2	112	-2	110	-2	108																																																																																									0	100	0	98	0	100	0	98									0	100	0	98	0	102	0	100									0	100	0	100	0	104	0	104
45	EaE	eae	2	70	0	14					-2	110	-2	110			2	114	2	112	2	110																																													0	98	0	98													0	100	0	100																																																									0	100	0	100	0	104	0	104
47	eO	Eo	2	72	0	14	2	110	2	112	2	112	2	112			-2	112	-2	110	-2	108																																																																																																																																
48	oui	Oui	2	74	0	14	-2	108	-2	110	-2	110	-2	110					2	112	2	110													0	98	0	98													0	98	0	98													0	98	0	98													0	100	0	100																																															2	102															2	106
49	OOu	oou	2	76	0	14	2	110	2	112	2	112	2	112					-2	110	-2	108													2	100	2	100													2	100	2	100													2	100	2	100													2	102	2	102																																																																
50	eu	Eu	2	78	0	14					2	114	2	114			-2	110	0	110	0	108																																													2	102	2	102													2	104	2	104																																																																
51	oEI	oei			2	16					-2	112	-2	112	2	114	2	112	2	112	2	110																																																																																																									0	100	0	98	0	102	0	102									0	100	0	100	0	104	0	106
52	eyi	Eui	2	80	0	16			2	114	2	114	2	114			-2	110	-2	110	0	110																																																																																															0	98															0	102													0	104	0	106
53	oE	Oe	2	82	0	16	-2	108	-2	112	-2	112	-2	112			2	112	2	112	2	112																																																																																																																																
55	iyO	iuo			2	18	2	110	2	114	2	114	2	114					-2	110	-2	110																																																											0	100	0	104	0	104																																																																
56	ouo	Ouo	2	84	0	18	-2	108	-2	112	-2	112	-2	112					2	112	2	112											0	100	0	100	0	100											0	100	0	100	0	100											0	98	0	102	0	102											0	100	0	104	0	104																																																																
57	OOe	Ooe			2	20	2	110	2	114	2	114	2	114					-2	110	-2	110									0	100	0	100	0	100	0	100									0	100	0	100	0	100	0	100									0	100	0	98	0	102	0	102									0	102	0	100	0	104	0	104																																									0	100	0	98	0	102	0	102									0	100	0	100	0	104	0	106
58	uEa	yea	2	86	0	20			-2	112	-2	112	-2	112			2	114	2	112	2	112																															0	100													0	102	0	102													0	104	0	104																																																																
60	oa	Oa	2	88	0	20	0	110	-2	110	-2	110	-2	110					2	114	2	114													0	100	0	100													0	100	0	100													0	102	0	102													0	104	0	104																																																																
61	AeO	aeo	2	90	0	20	2	112	2	112	2	112	2	112					-2	112	-2	112																																									0	100	0	98	0	102	0	102									0	102	0	100	0	104	0	104																																																									0	100	0	100	0	104	0	106
62	eA	Ea	2	92	0	20			2	114	2	114	2	114			-2	112	-2	110	-2	110																																																																																																																																
64	EuI	eui	2	94	0	20					-2	112	-2	112	2	116	2	114	2	112	2	112																																													0	102	0	102													0	104	0	104																																																													0	104	0	106
65	uou	you	2	96	0	20			-2	112	-2	110	-2	110							2	114																									0	100	0	100	0	100	0	100									0	100	0	98	0	102	0	102									0	102	0	100	0	104	0	104																																																																
66	OAy	Oau			2	22			2	114	2	112	2	112							-2	112													0	100	0	100													0	100	0	100													0	102	0	102													0	104	0	104																																																																
73	iAA	iaa			2	24			2	116	2	114	2	114							0	112																																																													0	104	0	104																																																																
74	uEu	yeu	2	98	0	24			-2	114	-2	112	-2	112			2	116	2	114	2	114																															0	100													0	102	0	102													0	104	0	104																																																																
75	OAy	Oau			2	26			2	116	2	114	2	114							-2	112													0	100	0	100													0	100	0	100													0	102	0	102													0	104	0	104																																																																
76	euO	euo			2	28	2	114	2	118	2	116	2	116					0	114	0	112																																											0	98			0	102											0	100			0	104																																																	2	104	2	104	2	104	2	104	2	102	2	102	2	106	2	108
77	EEE	Eee			2	30					-2	114	-2	114			2	118	2	116	2	114																																																																																									0	100	0	98	0	100	0	98									0	100	0	98	0	102	0	102									0	102	0	102	0	106	0	108
79	aia	Aia	2	100	0	30			-2	116	-2	112	-2	112							2	116																															0	100															0	102																																																																													2	108	2	110
80	ea	Ea	2	102	0	30					2	114	2	114			-2	116	-2	114	-2	114																																													2	104	2	104													2	106	2	106																																																																
86	ou	Ou	2	104	0	30	-2	112	-2	114	-2	112	-2	112					2	116	2	116													0	100	0	100													0	100	0	100													0	104	0	104													0	106	0	106																																																																
87	yAe	yae			2	32			2	116	2	114	2	114							-2	114																													0	100	0	100													0	104	0	104													0	106	0	106																																																									0	102	0	102	0	108	0	110
89	eOe	Eoe	2	106	0	32	2	114	2	118	2	116	2	116			-2	114	-2	114	0	114																																																																																											0	98			0	98									0	100	0	98	0	102	0	102									0	102	0	102	0	108	0	110
94	oau	Oau	2	108	0	32	-2	112	-2	116	-2	114	-2	114					2	116	2	116													0	100	0	100													0	100	0	100													0	104	0	104													0	106	0	106																																																																
95	uae	yae	2	110	0	32			-2	114	0	114	0	114							2	118																													0	100	0	100													0	104	0	104													0	106	0	106																																																											2	104			2	112
96	AO	ao	2	112	0	32	2	114	2	116	2	116	2	116					-2	114	-2	116																																																																																																																																
97	EEa	eea	2	114	0	32					-2	114	-2	114			2	116	2	116	2	118																																													0	104	0	104													0	106	0	106																																																																
98	yO	yo			2	34	2	116	2	118	2	116	2	116					-2	114	-2	116																									0	100	0	100	0	100	0	100									0	100	0	98	0	104	0	104									0	102	0	100	0	106	0	106																																																																
100	uEI	uei			2	36					-2	114	-2	114	2	118	2	118	2	116	2	118																																																																																																																									0	102	0	104	0	108	0	112
101	yOO	uoo	2	116	0	36	2	118	2	120	2	116	2	116					0	116	-2	116																																																																																																																																
103	Oey	Oeu			2	38			2	122	2	118	2	118							0	116															0	100															0	100													0	104	0	104													0	106	0	106																																																																
104	oae	Oae	2	118	0	38	-2	116	-2	120	-2	116	-2	116					2	118	2	118													0	100	0	100													0	100	0	100													0	104	0	104													0	106	0	106																																											2	100			2	104											2	106			2	114
108	yiO	yio			2	40	2	118	2	122	2	118	2	118					0	118	0	118																											0	100			0	100											0	98			0	104									0	102	0	100	0	106	0	106																																																																
109	Eoo	eoo	2	120	0	40					-2	116	-2	116			2	120	2	120	2	120																																									0	100	0	98	0	104	0	104									0	102	0	100	0	106	0	106																																																																
112	yei	uei	2	122	0	40			2	124	2	118	2	118							0	120																																																																																																																									0	102	0	106	0	108	0	114
113	oei	Oei	2	124	0	40	0	118	-2	122	0	118	0	118					2	122	2	122																																																																																																									2	102	2	102	2	104	2	106									2	104	2	108	2	110	2	116
114	OAe	Oae			2	42			2	124	2	120	2	120							-2	120													0	100	0	100													0	100	0	100													0	104	0	104													0	106	0	106																																																									0	104	0	108	0	110	0	116
116	iE	ie			2	44					0	120	0	120			2	122	2	124	2	122																																																					2	104	2	104	2	104	2	102	2	108	2	108																																																																
117	uOa	uoa			2	46	2	120	2	126	2	122	2	122					-2	122	0	122													2	102	2	102													2	102	2	102													2	106	2	106													2	110	2	110																																																	2	106	2	106	2	106	2	106	2	106	2	110	2	112	2	118
118	uOa	uoa			2	48	2	122	2	128	2	124	2	124					0	122	0	122													2	104	2	104													2	104	2	104													2	108	2	108													2	112	2	112																																																	2	108	2	108	2	108	2	108	2	108	2	112	2	114	2	120
119	Eo	eo	2	126	0	48					-2	122	-2	122			2	124	2	124	2	124																																									0	100	0	98	0	108	0	108									0	104	0	102	0	112	0	112																																																																
121	uae	yae	2	128	0	48			-2	126	0	122	0	122							2	126																													0	104	0	104													0	108	0	108													0	112	0	112																																																											2	114			2	122
122	AiA	aia	2	130	0	48			2	128	2	124	2	124							0	126																																																													0	112	0	112																																																													0	114	0	122
123	aoi	Aoi	2	132	0	48			0	128	0	124	0	124							2	128																									0	100	0	100	0	104	0	104									0	100	0	98	0	108	0	108									0	104	0	102	0	112	0	112																																																															2	124
126	ooE	ooe			2	50					0	124	0	124			2	126	2	126	2	130																																																																																																									0	102	0	102	0	104	0	106									0	108	0	114	0	114	0	124
127	oOA	ooa			2	52	2	124	2	130	2	126	2	126					0	126	-2	128																																																																																																	2	102	2	102	2	102	2	102	2	104	2	104	2	106	2	108	2	110	2	110	2	110	2	110	2	110	2	116	2	116	2	126
129	uau	yau	2	134	0	52			0	130	0	126	0	126							2	130																													0	104	0	104													0	108	0	108													0	112	0	112																																																																
133	EI	Ei			2	54							0	126	2	120	2	128	2	128	2	132																																																																																													0	100	0	98													0	106	0	108													0	116	0	126
135	AA	Aa			2	56			2	132	2	128	2	128							-2	130																													0	104	0	104													0	108	0	108													0	112	0	112																																																																
136	yyi	yui			2	58			2	134	2	130	2	130							0	130																													0	104	0	104													0	108	0	108													0	112	0	112																																																													0	116	0	126
144	aEE	aee			2	60					-2	128	-2	128			2	130	2	130	2	132																																																																																																																									0	110	0	116	0	116	0	126
145	aAe	aae			2	62			2	136	2	130	2	130							0	132																																																																																																																					2	112	2	112			0	116			0	126
147	yOA	yoa			2	64	2	126	2	138	2	132	2	132					0	130	0	132																									0	100	0	100	0	104	0	104									0	100	0	98	0	108	0	108									0	104	0	102	0	112	0	112																																																																
148	eoE	eoe			2	66					-2	130	-2	130			2	132	2	132	2	134																																							2	102			2	100			2	110							2	106			2	104			2	114																																									0	104	0	104	0	106	0	108									0	110	0	116	0	116	0	126
151	ao	Ao	2	136	0	66			-2	136	0	130	0	130							2	136																									0	100	0	100	0	104	0	104									0	100	0	100	0	108	0	110									0	104	0	104	0	112	0	114																																																																
153	ou	Ou	2	138	0	66	0	126	-2	134	0	130	0	130					2	134	2	138													0	104	0	104													0	104	0	104													0	108	0	110													0	112	0	114																																																																
155	OiO	Oio			2	68	2	128	2	136	2	132	2	132					-2	132	-2	136											0	100			0	104											0	100			0	104											0	100			0	110									0	104	0	104	0	112	0	114																																																																
157	iiy	iiu			2	70			2	138	2	134	2	134							-2	134																																																													0	112	0	114																																																																
167	eEi	eei			2	72					-2	132	-2	132			2	134	2	134	2	136																																					2	102	2	104	2	102	2	102	2	110	2	112					2	106	2	108	2	106	2	106	2	114	2	116																													2	102	2	100													2	108	2	110													2	118	2	128
168	uuo	yuo	2	140	0	72			-2	136	0	132	0	132							2	138																											0	100	0	104	0	104											0	102	0	110	0	112											0	106	0	114	0	116																																																																
169	iy	iu			2	74			2	138	2	134	2	134							-2	136																																																													0	114	0	116																																																																
172	AOy	aou	2	142	0	74	2	130	2	140	2	136	2	136					0	134	0	136																																																																																																																																
174	uoo	yoo	2	144	0	74			0	140	0	136	0	136							2	138																									0	100	0	100	0	104	0	104									0	102	0	102	0	110	0	112									0	106	0	106	0	114	0	116																																																																
177	aiE	aie			2	76					0	136	0	136			2	136	2	136	2	140																																																					2	108	2	110	2	108	2	108	2	116	2	118																																																											0	116				
181	eAA	eaa			2	78			2	142	2	138	2	138							-2	138																																													0	110	0	112													0	116	0	118																																																																
184	eIa	eia			2	80							-2	136	2	122	2	138	2	138	2	140																																	2	102	2	102	2	104	2	106	2	104	2	104	2	112	2	114	2	102	2	102	2	110	2	112	2	110	2	110			2	120																																																																
186	eEu	eeu			2	82					0	138	0	136			2	140	2	140	2	142																																					2	106	2	108	2	106	2	106			2	116					2	112	2	114	2	112	2	112			2	122																																																																
188	eye	Eue	2	146	0	82			2	144	2	140	2	138			0	140	0	140	0	142																																																																																											0	98			0	100											0	104			0	110									0	110	0	116	0	118	0	128
191	oai	Oai	2	148	0	82	0	130	0	144	0	140	0	138					2	142	2	144													0	104	0	104													0	104	0	104													0	112	0	116													0	116	0	122																																															2	112															2	130
192	yiy	yiu			2	84			2	146	2	142	2	140							-2	142																															0	104															0	116													0	116	0	122																																																																
193	OeA	Oea			2	86			2	148	2	144	2	142							0	142															0	104															0	104													0	112	0	116													0	116	0	122																																																																
194	aI	ai			2	88							-2	140	2	124	2	142	2	144	2	144																																																																																																																													0	118	0	130
201	uu	yu	2	150	0	88			-2	146	0	144	0	140							2	146																													0	104	0	104													0	112	0	116													0	116	0	122																																																																
202	yA	ua	2	152	0	88			2	148	2	146	2	142							0	146																																																																																																																																
203	AEi	Aei			2	90					-2	144	0	142			2	144	2	146	2	148																					2	102	2	102	2	102	2	102	2	106	2	106					2	108	2	110	2	108	2	108	2	114	2	118					2	114	2	116	2	114	2	114	2	118	2	124																													2	104	2	102													2	110	2	114													2	120	2	132
204	Eyi	Eui			2	92			2	150	2	146	2	144							-2	146																																																																																					2	102	2	102	2	102	2	100	2	106							2	104	2	104	2	106	2	106	2	112							2	114	2	114	2	112	2	118			0	132
207	aAy	aau			2	94			2	152	2	148	2	146							0	146																																																																																																																					2	116	2	116	2	114	2	120	2	122	2	134
212	Euu	euu	2	154	0	94					0	148	0	146			2	146	2	148	2	148																																													0	114	0	118													0	118	0	124																																																																
216	OaI	Oai			2	96							0	146	2	126	2	148	2	150	2	150			2	102			2	102			2	102			2	106			2	102			2	104			2	104			2	108			2	104			2	112			2	110			2	120			2	104			2	118			2	116			2	126																																																													0	122	0	134
218	eoa	Eoa	2	156	0	96					2	150	2	148			0	148	0	150	0	150																																									2	110	2	112	2	116	2	122									2	116	2	118	2	120	2	128																																																																
221	iIa	iia			2	98							0	148	2	128	2	150	2	152	2	152																																																	2	104	2	106	2	116	2	120	2	118	2	120			2	130																																																																
223	Oiy	Oiu			2	100			2	154	2	152	2	150							-2	150															0	106															0	108															0	122													0	120	0	130																																																																
223	Apriori	Id(Bk)Syl1>>Id(Bk)	0.6461439062435375	156.64614390624354																																																																																																																																																			
225	iEu	ieu			2	102					-2	150	0	150			2	152	2	154	2	152																																													0	116	0	122					2	118	2	122	2	120	2	122			2	132																																																																
225	Apriori	Id(Bk)Syl1>>Id(Bk)	2.0	158.64614390624354																																																																																																																																																			
226	eaE	eae			2	104					0	150	0	150			2	154	2	156	2	154																																							2	114			2	114			2	124							2	124			2	124			2	134																																																									0	114	0	120	0	122	0	134
226	Apriori	Id(Bk)Syl1>>Id(Bk)	2.0	160.64614390624354																																																																																																																																																			
227	oyA	oua			2	106			2	156	2	152	2	152							-2	152																																																																																																					2	106	2	106	2	108	2	108	2	114	2	116					2	118	2	118	2	116	2	122	2	124	2	136
227	Apriori	Id(Bk)Syl1>>Id(Bk)	2.0	162.64614390624354																																																																																																																																																			
239	OOe	Ooe			2	108	2	132	2	158	2	154	2	154					-2	154	0	152									0	100	0	102	0	104	0	106									0	102	0	104	0	106	0	108									0	110	0	114	0	116	0	124									0	120	0	124	0	120	0	134																																									0	108	0	108	0	114	0	116									0	116	0	122	0	124	0	136
239	Apriori	Id(Bk)Syl1>>Id(Bk)	2.0	164.64614390624354																																																																																																																																																			
240	EEa	Eea			2	110					-2	152	-2	152			2	156	2	156	2	154																																													0	116	0	124													0	120	0	134																									0	102	0	100	0	106	0	102									0	108	0	108	0	114	0	116									0	116	0	122	0	124	0	136
240	Apriori	Id(Bk)Syl1>>Id(Bk)	2.0	166.64614390624354																																																																																																																																																			
257	iA	ia			2	112			2	160	2	154	2	154							0	154																																																													0	120	0	134																																																																
257	Apriori	Id(Bk)Syl1>>Id(Bk)	2.0	168.64614390624354																																																																																																																																																			
264	EI	Ei			2	114							0	154	2	130	2	158	2	158	2	156																																																																																													0	106	0	102													0	114	0	116													0	124	0	136
264	Apriori	Id(Bk)Syl1>>Id(Bk)	2.0	170.64614390624354																																																																																																																																																			
266	yoE	yoe			2	116					0	154	0	154			2	160	2	160	2	158																							2	106			2	106			2	110							2	116			2	116			2	126							2	126			2	126			2	136																																									0	108	0	108	0	114	0	116									0	116	0	122	0	124	0	136
266	Apriori	Id(Bk)Syl1>>Id(Bk)	2.0	172.64614390624354																																																																																																																																																			
267	aaO	aao			2	118	2	134	2	162	2	156	2	156					-2	158	0	158																																																																																																																	2	112	2	112	2	120	2	120	2	118	2	124	2	126	2	138
267	Apriori	Id(Bk)Syl1>>Id(Bk)	2.0	174.64614390624354																																																																																																																																																			
284	eAy	eau			2	120			2	164	2	158	2	158							0	158																																													0	116	0	126													0	120	0	136																																																																
284	Apriori	Id(Bk)Syl1>>Id(Bk)	2.0	176.64614390624354																																																																																																																																																			
291	iEa	iea			2	122					0	158	0	158			2	162	2	160	2	160																																													0	116	0	126					2	120	2	128	2	122	2	128			2	138																																																																
291	Apriori	Id(Bk)Syl1>>Id(Bk)	2.0	178.64614390624354																																																																																																																																																			
295	aEE	aee			2	124					0	158	0	158			2	164	2	162	2	162																																																																																																																									0	118	0	124	0	126	0	138
295	Apriori	Id(Bk)Syl1>>Id(Bk)	2.0	180.64614390624354																																																																																																																																																			
303	oOy	oou			2	126	2	136	2	166	2	160	2	160					0	162	0	162																																																																																																	2	104	2	104	2	108	2	108	2	110	2	110	2	116	2	118	2	114	2	114	2	122	2	122	2	120	2	126	2	128	2	140
303	Apriori	Id(Bk)Syl1>>Id(Bk)	2.0	182.64614390624354																																																																																																																																																			
320	auO	auo			2	128	2	138	2	168	2	162	2	162					0	162	0	162																																																																																																																	2	116	2	116	2	124	2	124	2	122	2	128	2	130	2	142
320	Apriori	Id(Bk)Syl1>>Id(Bk)	2.0	184.64614390624354																																																																																																																																																			
337	yoE	yoe			2	130					0	162	0	162			2	166	2	164	2	164																							2	108			2	108			2	112							2	118			2	118			2	128							2	130			2	130			2	140																																									0	110	0	110	0	116	0	118									0	122	0	128	0	130	0	142
337	Apriori	Id(Bk)Syl1>>Id(Bk)	2.0	186.64614390624354																																																																																																																																																			
350	Aiy	Aiu			2	132			2	170	2	164	2	164							0	164																															0	112															0	128													0	120	0	140																																																																
350	Apriori	Id(Bk)Syl1>>Id(Bk)	2.0	188.64614390624354																																																																																																																																																			
354	EEE	Eee			2	134					0	164	0	164			2	168	2	166	2	166																																																																																									0	102	0	100	0	106	0	102									0	110	0	110	0	116	0	118									0	122	0	128	0	130	0	142
354	Apriori	Id(Bk)Syl1>>Id(Bk)	2.0	190.64614390624354																																																																																																																																																			
366	EAA	Eaa			2	136			2	172	2	166	2	166							0	166																																																																																					2	104	2	104	2	104	2	102	2	108	2	104					2	110	2	110	2	112	2	112	2	118	2	120					2	126	2	126	2	124	2	130	2	132	2	144
366	Apriori	Id(Bk)Syl1>>Id(Bk)	2.0	192.64614390624354																																																																																																																																																			
371	uOi	uoi			2	138	2	140	2	174	2	168	2	168					0	166	0	166																																																																																																													0	118	0	120	2	118	2	118	2	128	2	128	2	126	2	132			0	144
371	Apriori	Id(Bk)Syl1>>Id(Bk)	2.0	194.64614390624354																																																																																																																																																			
372	uE	ue			2	140					-2	166	-2	166			2	170	2	168	2	168																																																																																																																									0	126	0	132	0	132	0	144
372	Apriori	Id(Bk)Syl1>>Id(Bk)	2.0	196.64614390624354																																																																																																																																																			
375	auO	auo			2	142	2	142	2	176	2	168	2	168					0	168	0	168																																																																																																																	2	120	2	120	2	130	2	130	2	128	2	134	2	134	2	146
375	Apriori	Id(Bk)Syl1>>Id(Bk)	2.0	198.64614390624354																																																																																																																																																			
377	iaI	iai			2	144							0	168	2	132	2	172	2	170	2	170																																																			2	108			2	132			2	132			2	142																																																													0	134	0	146
377	Apriori	Id(Bk)Syl1>>Id(Bk)	2.0	200.64614390624354																																																																																																																																																			
387	EoE	Eoe			2	146					0	168	0	168			2	174	2	172	2	172																																																																																											0	102			0	104									0	112	0	112	0	118	0	120									0	128	0	134	0	134	0	146
387	Apriori	Id(Bk)Syl1>>Id(Bk)	2.0	202.64614390624354																																																																																																																																																			
388	ayi	aui			2	148			2	178	2	170	2	170							0	172																																																																																																																					2	132	2	132	2	130	2	136			0	146
388	Apriori	Id(Bk)Syl1>>Id(Bk)	2.0	204.64614390624354																																																																																																																																																			
407	oOi	ooi			2	150	2	144	2	180	2	172	2	172					0	172	0	172																																																																																																	2	106	2	106	2	112	2	112	2	114	2	114			0	120	2	122	2	122	2	134	2	134	2	132	2	138			0	146
407	Apriori	Id(Bk)Syl1>>Id(Bk)	2.0	206.64614390624354																																																																																																																																																			
424	OII	Oii			2	152							0	172	2	134	2	176	2	174	2	174	2	102	2	104	2	102	2	104	2	102	2	104	2	106	2	108	2	102	2	104	2	104	2	110	2	104	2	110	2	108	2	114	2	104	2	106	2	110	2	120	2	112	2	120	2	118	2	130	2	106	2	110	2	122	2	134	2	124	2	134	2	122	2	144																																																																
424	Apriori	Id(Bk)Syl1>>Id(Bk)	2.0	208.64614390624354																																																																																																																																																			
430	uyA	uua			2	154			2	182	2	174	2	174							0	174																																																																																																																					2	136	2	136	2	134	2	140	2	136	2	148
430	Apriori	Id(Bk)Syl1>>Id(Bk)	2.0	210.64614390624354																																																																																																																																																			
432	AEa	Aea			2	156					0	174	0	174			2	178	2	176	2	176																					2	106	2	112	2	106	2	112	2	110	2	116					2	112	2	122	2	114	2	122			2	132					2	124	2	136	2	126	2	136			2	146																																																																
432	Apriori	Id(Bk)Syl1>>Id(Bk)	2.0	212.64614390624354																																																																																																																																																			
449	EAy	Eau			2	158			2	184	2	176	2	176							0	176																																																																																					2	106	2	106	2	106	2	104	2	110	2	106					2	114	2	114	2	116	2	116	2	120	2	122					2	138	2	138	2	136	2	142	2	138	2	150
449	Apriori	Id(Bk)Syl1>>Id(Bk)	2.0	214.64614390624354																																																																																																																																																			
456	EoE	Eoe			2	160					0	176	0	176			2	180	2	178	2	178																																																																																											0	104			0	106									0	116	0	116	0	120	0	122									0	136	0	142	0	138	0	150
456	Apriori	Id(Bk)Syl1>>Id(Bk)	2.0	216.64614390624354																																																																																																																																																			
495	aAA	aaa			2	162			2	186	2	178	2	178							0	178																																																																																																																					2	140	2	140	2	138	2	144	2	140	2	152
495	Apriori	Id(Bk)Syl1>>Id(Bk)	2.0	218.64614390624354																																																																																																																																																			
502	eII	eii			2	164							0	178	2	136	2	182	2	180	2	180																																	2	106	2	108	2	114	2	124	2	116	2	124	2	120	2	134	2	108	2	112	2	126	2	138	2	128	2	138	2	124	2	148																																																																
502	Apriori	Id(Bk)Syl1>>Id(Bk)	2.0	220.64614390624354																																																																																																																																																			
549	OOy	Oou			2	166	2	146	2	188	2	180	2	180					0	180	0	180									0	102	0	104	0	106	0	108									0	106	0	112	0	110	0	116									0	116	0	124	0	120	0	134									0	128	0	138	0	124	0	148																																																																
549	Apriori	Id(Bk)Syl1>>Id(Bk)	2.0	222.64614390624354																																																																																																																																																			
557	iuI	iui			2	168							0	180	2	138	2	184	2	182	2	182																																																			2	114			2	140			2	140			2	150																																																													0	140	0	152
557	Apriori	Id(Bk)Syl1>>Id(Bk)	2.0	224.64614390624354																																																																																																																																																			
561	AEo	Aeo			2	170					0	180	0	180			2	186	2	184	2	184																					2	108	2	114	2	108	2	114	2	112	2	118					2	116	2	126			2	126			2	136					2	128	2	142			2	142			2	152																																																																
561	Apriori	Id(Bk)Syl1>>Id(Bk)	2.0	226.64614390624354																																																																																																																																																			
578	aaE	aae			2	172					0	180	0	180			2	188	2	186	2	186																																																																																																																									0	138	0	144	0	140	0	152
578	Apriori	Id(Bk)Syl1>>Id(Bk)	2.0	228.64614390624354																																																																																																																																																			
585	AOa	Aoa			2	174	2	148	2	190	2	182	2	182					0	186	0	186													2	108	2	110									0	108	0	114			0	118									0	116	0	126			0	136									0	128	0	142			0	152																																																																
585	Apriori	Id(Bk)Syl1>>Id(Bk)	2.0	230.64614390624354																																																																																																																																																			
604	uyy	uuu			2	176			2	192	2	184	2	184							0	186																																																																																																																					2	142	2	142	2	140	2	146	2	142	2	154
604	Apriori	Id(Bk)Syl1>>Id(Bk)	2.0	232.64614390624354																																																																																																																																																			
650	uaE	uae			2	178					0	184	0	184			2	190	2	188	2	188																																																																																																																									0	140	0	146	0	142	0	154
650	Apriori	Id(Bk)Syl1>>Id(Bk)	2.0	234.64614390624354																																																																																																																																																			
663	Aey	Aeu			2	180			2	194	2	186	2	186							0	188																															0	118													0	120	0	136													0	124	0	152																																																																
663	Apriori	Id(Bk)Syl1>>Id(Bk)	2.0	236.64614390624354																																																																																																																																																			
668	oaI	oai			2	182							0	186	2	140	2	192	2	190	2	190																																																																																																															0	122													0	142	0	154
668	Apriori	Id(Bk)Syl1>>Id(Bk)	2.0	238.64614390624354																																																																																																																																																			
669	OIE	Oie			2	184					0	186	0	186	2	142	2	194	2	192	2	192	2	104	2	106	2	104	2	106	2	104	2	106	2	110	2	112	2	104	2	106	2	110	2	116	2	110	2	116	2	114	2	120	2	108	2	110	2	118	2	128	2	118	2	128	2	122	2	138	2	110	2	116	2	130	2	144	2	130	2	144	2	126	2	154																																																																
669	Apriori	Id(Bk)Syl1>>Id(Bk)	2.0	240.64614390624354																																																																																																																																																			
674	EeA	Eea			2	186			2	196	2	188	2	188							0	192																																													0	122	0	138													0	126	0	154																							2	108															2	116															2	144								
674	Apriori	Id(Bk)Syl1>>Id(Bk)	2.0	242.64614390624354																																																																																																																																																			
679	iAe	iae			2	188			2	198	2	190	2	190							0	192																																																													0	126	0	154																																																									0	140	0	146	0	142	0	154
679	Apriori	Id(Bk)Syl1>>Id(Bk)	2.0	244.64614390624354																																																																																																																																																			
694	eaE	eae			2	190					0	190	0	190			2	196	2	194	2	194																																							2	130			2	130			2	140							2	146			2	146			2	156																																																									0	140	0	146	0	142	0	154
694	Apriori	Id(Bk)Syl1>>Id(Bk)	2.0	246.64614390624354																																																																																																																																																			
702	oaO	oao			2	192	2	150	2	200	2	192	2	192					0	194	0	194																																																																																																			2	108			2	118			2	118			2	124	2	124	2	124	2	144	2	146	2	142	2	148	2	144	2	156
702	Apriori	Id(Bk)Syl1>>Id(Bk)	2.0	248.64614390624354																																																																																																																																																			
734	iEo	ieo			2	194					0	192	0	192			2	198	2	196	2	196																																									0	118	0	130	0	122	0	140					2	132	2	148			2	148			2	158																																																																
734	Apriori	Id(Bk)Syl1>>Id(Bk)	2.0	250.64614390624354																																																																																																																																																			
744	iyO	iuo			2	196	2	152	2	202	2	194	2	194					0	196	0	196																																																											0	148	0	126	0	158																																																																
744	Apriori	Id(Bk)Syl1>>Id(Bk)	2.0	252.64614390624354																																																																																																																																																			
751	oII	oii			2	198							0	194	2	144	2	200	2	198	2	198																																																																																																													0	120	0	124													0	144	0	156
751	Apriori	Id(Bk)Syl1>>Id(Bk)	2.0	254.64614390624354																																																																																																																																																			
774	yyA	yua			2	200			2	204	2	196	2	196							0	198																													0	114	0	120													0	122	0	140													0	126	0	158																																																																
774	Apriori	Id(Bk)Syl1>>Id(Bk)	2.0	256.64614390624354																																																																																																																																																			
806	uaE	uae			2	202					0	196	0	196			2	202	2	200	2	200																																																																																																																									0	142	0	148	0	144	0	156
806	Apriori	Id(Bk)Syl1>>Id(Bk)	2.0	258.64614390624354																																																																																																																																																			
811	eOy	eou			2	204	2	154	2	206	2	198	2	198					0	200	0	200																																									0	118	0	130	0	122	0	140									0	130	0	148	0	126	0	158																																																																
811	Apriori	Id(Bk)Syl1>>Id(Bk)	2.0	260.64614390624354																																																																																																																																																			
891	iOA	ioa			2	206	2	156	2	208	2	200	2	200					0	200	0	200																																																									0	130	0	148	0	126	0	158																																																																
891	Apriori	Id(Bk)Syl1>>Id(Bk)	2.0	262.64614390624354																																																																																																																																																			
1106	aEu	aeu			0.2	206.2					0	200	0	200			0.2	202.2	0.2	200.2	0.2	200.2																																													0	122	0	140													0	126	0	158																																																									0	142	0	148	0	144	0	156
1106	Apriori	Id(Bk)Syl1>>Id(Bk)	0.19999999999998863	262.8461439062435																																																																																																																																																			
1288	yaI	yai			0.2	206.39999999999998							0	200	0.2	144.2	0.2	202.39999999999998	0.2	200.39999999999998	0.2	200.39999999999998																			0.2	106.2			0.2	116.2			0.2	116.2			0.2	120.2			0.2	110.2			0.2	130.2			0.2	130.2			0.2	140.2			0.2	116.2			0.2	148.2			0.2	148.2			0.2	158.2																																																													0	144	0	156
1288	Apriori	Id(Bk)Syl1>>Id(Bk)	0.19999999999998863	263.0461439062435																																																																																																																																																			
1344	EuO	Euo			0.2	206.59999999999997	0.2	156.2	0.2	208.2	0.2	200.2	0.2	200.2					0	200.39999999999998	0	200.39999999999998																																																																																			0.2	100.2			0.2	108.2			0.2	104.2			0.2	106.2			0.2	108.2			0.2	118.2			0.2	118.2			0.2	124.2	0.2	124.2	0.2	124.2	0.2	144.2	0.2	146.2	0.2	142.2	0.2	148.2	0.2	144.2	0.2	156.2
1344	Apriori	Id(Bk)Syl1>>Id(Bk)	0.19999999999998863	263.2461439062435																																																																																																																																																			
1721	OI	Oi			0.2	206.79999999999995							0	200.2	0.2	144.39999999999998	0.2	202.59999999999997	0.2	200.59999999999997	0.2	200.59999999999997	0.2	104.2	0.2	106.2	0.2	104.2	0.2	106.2	0.2	104.2	0.2	106.2	0.2	110.2	0.2	112.2	0.2	104.2	0.2	106.4	0.2	110.2	0.2	116.4	0.2	110.2	0.2	116.4	0.2	114.2	0.2	120.4	0.2	108.2	0.2	110.4	0.2	118.2	0.2	130.39999999999998	0.2	118.2	0.2	130.39999999999998	0.2	122.2	0.2	140.39999999999998	0.2	110.2	0.2	116.4	0.2	132.2	0.2	148.39999999999998	0.2	130.2	0.2	148.39999999999998	0.2	126.2	0.2	158.39999999999998																																																																
1721	Apriori	Id(Bk)Syl1>>Id(Bk)	0.19999999999998863	263.4461439062435																																																																																																																																																			
2119	eEu	eeu			0.02	206.81999999999996					0	200.2	0	200.2			0.02	202.61999999999998	0.02	200.61999999999998	0.02	200.61999999999998																																					0.02	118.22	0.02	130.42	0.02	118.22	0.02	130.42			0.02	140.42					0.02	132.22	0.02	148.42	0.02	130.22	0.02	148.42			0.02	158.42																																																																
2119	Apriori	Id(Bk)Syl1>>Id(Bk)	0.01999999999998181	263.4661439062435																																																																																																																																																			
2297	eyO	euo			0.02	206.83999999999997	0.02	156.22	0.02	208.22	0.02	200.22	0.02	200.22					0	200.61999999999998	0	200.61999999999998																																											0	130.42	0	122.2	0	140.42											0	148.42	0	126.2	0	158.42																																																																
2297	Apriori	Id(Bk)Syl1>>Id(Bk)	0.020000000000038654	263.4861439062435																																																																																																																																																			
2492	uuE	uue			0.02	206.85999999999999					0	200.22	0	200.22			0.02	202.64	0.02	200.64	0.02	200.64																																																																																																																									0	142.2	0	148.2	0	144.2	0	156.2
2492	Apriori	Id(Bk)Syl1>>Id(Bk)	0.01999999999998181	263.5061439062435																																																																																																																																																			
2660	eEu	eeu			0.02	206.88					0	200.22	0	200.22			0.02	202.66	0.02	200.66	0.02	200.66																																					0.02	118.24	0.02	130.44	0.02	118.24	0.02	130.44			0.02	140.44					0.02	132.24	0.02	148.44	0.02	130.24	0.02	148.44			0.02	158.44																																																																
2660	Apriori	Id(Bk)Syl1>>Id(Bk)	0.020000000000038654	263.52614390624353																																																																																																																																																			
2696	OuE	Oue			0.02	206.9					0	200.22	0	200.22			0.02	202.68	0.02	200.68	0.02	200.68							0.02	106.22			0.02	106.22			0.02	112.22							0.02	116.42			0.02	116.42			0.02	120.42							0.02	130.46			0.02	130.46			0.02	140.46							0.02	148.46			0.02	148.46			0.02	158.46																																																									0	142.2	0	148.2	0	144.2	0	156.2
2696	Apriori	Id(Bk)Syl1>>Id(Bk)	0.01999999999998181	263.5461439062435																																																																																																																																																			
2757	AoE	Aoe			0.02	206.92000000000002					0	200.22	0	200.22			0.02	202.70000000000002	0.02	200.70000000000002	0.02	200.70000000000002																							0.02	116.44			0.02	116.44			0.02	120.44							0.02	130.48000000000002			0.02	130.48000000000002			0.02	140.48000000000002							0.02	148.48000000000002			0.02	148.48000000000002			0.02	158.48000000000002																																									0	116	0	118.2	0	120	0	124.2									0	142.2	0	148.2	0	144.2	0	156.2
2757	Apriori	Id(Bk)Syl1>>Id(Bk)	0.020000000000038654	263.56614390624355																																																																																																																																																			
3012	eII	eii			0.002	206.92200000000003							0	200.22	0.002	144.402	0.002	202.70200000000003	0.002	200.70200000000003	0.002	200.70200000000003																																	0.002	108.202	0.002	110.402	0.002	118.24199999999999	0.002	130.48200000000003	0.002	118.24199999999999	0.002	130.48200000000003	0.002	122.202	0.002	140.48200000000003	0.002	110.202	0.002	116.402	0.002	132.24200000000002	0.002	148.48200000000003	0.002	130.24200000000002	0.002	148.48200000000003	0.002	126.202	0.002	158.48200000000003																																																																
3012	Apriori	Id(Bk)Syl1>>Id(Bk)	0.0020000000000095497	263.56814390624356																																																																																																																																																			
3181	AiE	Aie			0.002	206.92400000000004					0	200.22	0	200.22			0.002	202.70400000000004	0.002	200.70400000000004	0.002	200.70400000000004																							0.002	116.442			0.002	116.442			0.002	120.442							0.002	130.48400000000004			0.002	130.48400000000004			0.002	140.48400000000004					0.002	132.24400000000003	0.002	148.48400000000004	0.002	130.24400000000003	0.002	148.48400000000004	0.002	126.204	0.002	158.48400000000004																																																																
3181	Apriori	Id(Bk)Syl1>>Id(Bk)	0.0020000000000095497	263.5701439062436																																																																																																																																																			
3327	OEu	Oeu			0.002	206.92600000000004					0	200.22	0	200.22			0.002	202.70600000000005	0.002	200.70600000000005	0.002	200.70600000000005					0.002	104.202	0.002	106.222	0.002	104.202	0.002	106.222	0.002	110.202	0.002	112.222					0.002	110.202	0.002	116.44399999999999	0.002	110.202	0.002	116.44399999999999	0.002	114.202	0.002	120.44399999999999					0.002	118.24399999999999	0.002	130.48600000000005	0.002	118.24399999999999	0.002	130.48600000000005			0.002	140.48600000000005					0.002	132.24600000000004	0.002	148.48600000000005	0.002	130.24600000000004	0.002	148.48600000000005			0.002	158.48600000000005																																																																
3327	Apriori	Id(Bk)Syl1>>Id(Bk)	0.0020000000000095497	263.5721439062436																																																																																																																																																			
3391	oaE	oae			0.002	206.92800000000005					0	200.22	0	200.22			0.002	202.70800000000006	0.002	200.70800000000006	0.002	200.70800000000006																																																																																																											0	118.2			0	124.2									0	142.2	0	148.2	0	144.2	0	156.2
3391	Apriori	Id(Bk)Syl1>>Id(Bk)	0.0020000000000095497	263.5741439062436																																																																																																																																																			
3414	yuE	yue			0.002	206.93000000000006					0	200.22	0	200.22			0.002	202.71000000000006	0.002	200.71000000000006	0.002	200.71000000000006																							0.002	116.44599999999998			0.002	116.44599999999998			0.002	120.44599999999998							0.002	130.48800000000006			0.002	130.48800000000006			0.002	140.48800000000006							0.002	148.48800000000006			0.002	148.48800000000006			0.002	158.48800000000006																																																									0	142.2	0	148.2	0	144.2	0	156.2
3414	Apriori	Id(Bk)Syl1>>Id(Bk)	0.0020000000000095497	263.5761439062436																																																																																																																																																			
3784	uEu	ueu			0.002	206.93200000000007					0	200.22	0	200.22			0.002	202.71200000000007	0.002	200.71200000000007	0.002	200.71200000000007																																													0	122.202	0	140.48800000000006													0	126.204	0	158.48800000000006																																																									0	142.2	0	148.2	0	144.2	0	156.2
3784	Apriori	Id(Bk)Syl1>>Id(Bk)	0.0020000000000095497	263.5781439062436																																																																																																																																																			
3804	oaI	oai			0.002	206.93400000000008							0	200.22	0.002	144.404	0.002	202.71400000000008	0.002	200.71400000000008	0.002	200.71400000000008																																																																																																															0	124.2													0	144.2	0	156.2
3804	Apriori	Id(Bk)Syl1>>Id(Bk)	0.0020000000000095497	263.5801439062436																																																																																																																																																			
TOTAL				263.5801439062436		206.93400000000008		156.22		208.22		200.22		200.22		144.404		202.71400000000008		200.71400000000008		200.71400000000008		104.2		106.2		104.202		106.222		104.202		106.222		110.202		112.222		104.2		106.4		110.202		116.44599999999998		110.202		116.44599999999998		114.202		120.44599999999998		108.202		110.402		118.24399999999999		130.48800000000006		118.24399999999999		130.48800000000006		122.202		140.48800000000006		110.202		116.402		132.24600000000004		148.48800000000006		130.24600000000004		148.48800000000006		126.204		158.48800000000006		100		100		100		100		100		100		100		100		100		100.2		106		108.2		106		104.2		110		106.2		106		108.2		114		118.2		116		118.2		120		124.2		124.2		124.2		144.2		146.2		142.2		148.2		144.2		156.2
