trialnum	Generated	Heard	Id(Bk)Syl1	now	Id(Bk)	now	*F1	now	*F3	now	*F4	now	*F5	now	*B1	now	*B2	now	*B3	now	*B5	now	*F1_B1	now	*F1..._B1	now	*F1_B2	now	*F1..._B2	now	*F1_B3	now	*F1..._B3	now	*F1_B5	now	*F1..._B5	now	*F3_B1	now	*F3..._B1	now	*F3_B2	now	*F3..._B2	now	*F3_B3	now	*F3..._B3	now	*F3_B5	now	*F3..._B5	now	*F4_B1	now	*F4..._B1	now	*F4_B2	now	*F4..._B2	now	*F4_B3	now	*F4..._B3	now	*F4_B5	now	*F4..._B5	now	*F5_B1	now	*F5..._B1	now	*F5_B2	now	*F5..._B2	now	*F5_B3	now	*F5..._B3	now	*F5_B5	now	*F5..._B5	now	*_B1F1	now	*_B1...F1	now	*_B1F3	now	*_B1...F3	now	*_B1F4	now	*_B1...F4	now	*_B1F5	now	*_B1...F5	now	*_B2F1	now	*_B2...F1	now	*_B2F3	now	*_B2...F3	now	*_B2F4	now	*_B2...F4	now	*_B2F5	now	*_B2...F5	now	*_B3F1	now	*_B3...F1	now	*_B3F3	now	*_B3...F3	now	*_B3F4	now	*_B3...F4	now	*_B3F5	now	*_B3...F5	now	*_B5F1	now	*_B5...F1	now	*_B5F3	now	*_B5...F3	now	*_B5F4	now	*_B5...F4	now	*_B5F5	now	*_B5...F5	now
				0		0		55.56		66.52000000000001		90.45		114.25		50.0		55.61		79.52000000000001		127.60000000000001		50.0		50.0		50.0		50.0		51.29		52.25		53.53		56.46		50.0		50.0		50.0		50.0		53.34		56.09		60.16		68.38		50.0		50.0		50.0		50.0		56.22		59.1		68.46		77.27		50.0		50.0		50.0		50.0		58.870000000000005		61.59		76.5		84.69999999999999		50.0		50.0		50.0		50.0		50.0		50.0		50.0		50.0		50.0		50.0		50.0		50.0		51.11		51.86		52.26		53.48		50.0		50.0		50.0		50.0		53.9		55.44		57.92		60.34		50.0		50.0		50.0		50.0		59.39		62.46		69.1		73.86
1	AiO	Aio			3.3333333333333335	3.3333333333333335	3.3333333333333335	58.89333333333334	3.3333333333333335	69.85333333333334	3.3333333333333335	93.78333333333333	3.3333333333333335	117.58333333333333					-2	77.52000000000001	-2	125.60000000000001																											-2	54.09			-2	66.38											-2	57.1			-2	75.27									-2	56.870000000000005	-2	59.59	-2	74.5	-2	82.69999999999999																																																																
2	Ae	ae	2.0	2.0	0	3.3333333333333335			2.0	71.85333333333334	2.0	95.78333333333333	2.0	119.58333333333333							-2	123.60000000000001																																																																																																																									-2	57.39	-2	60.46	-2	67.1	-2	71.86
3	yOy	you			4.666666666666667	8.0	4.666666666666667	63.56	4.666666666666667	76.52000000000001	4.666666666666667	100.45	4.666666666666667	124.25					-2	75.52000000000001	-2	121.60000000000001																									-2	51.34	-2	52.09	-2	58.16	-2	64.38									-2	54.22	-2	55.1	-2	66.46	-2	73.27									-2	54.870000000000005	-2	57.59	-2	72.5	-2	80.69999999999999																																																																
4	IIu	iiu	1.0	3.0	0	8.0							-2	122.25	1.0	51.0	1.0	56.61	1.0	76.52000000000001	1.0	122.60000000000001																																																													-2	70.5	-2	78.69999999999999																																																																
5	Aey	aeu	3.6	6.6	0	8.0			3.6	80.12	3.6	104.05	3.6	125.85							-2	120.60000000000001																																													-2	64.46	-2	71.27													-2	68.5	-2	76.69999999999999																																																									-2	55.39	-2	58.46	-2	65.1	-2	69.86
6	oIa	Oia	3.0	9.6	0	8.0	-2	61.56	-2	78.12	-2	102.05	-2	123.85	3.0	54.0	3.0	59.61	3.0	79.52000000000001	3.0	123.60000000000001															-2	54.46															-2	62.379999999999995															-2	69.27													-2	66.5	-2	74.69999999999999																																																																
7	iyy	iuu			1.2	9.2			1.2	79.32000000000001	1.2	103.25	1.2	125.05							-2	121.60000000000001																																																													-2	64.5	-2	72.69999999999999																																																																
8	uII	uii			1.0	10.2							-2	123.05	1.0	55.0	1.0	60.61	1.0	80.52000000000001	1.0	122.60000000000001																																																																																																																													-2	63.099999999999994	-2	67.86
9	EIo	eio	2.6666666666666665	12.266666666666666	0	10.2					-2	101.25	-2	121.05	2.6666666666666665	57.666666666666664	2.6666666666666665	63.276666666666664	2.6666666666666665	83.18666666666668	2.6666666666666665	125.26666666666668																																											-2	53.1			-2	67.27									-2	52.870000000000005	-2	55.59	-2	62.5	-2	70.69999999999999																																																																
10	OOi	Ooi			7.333333333333333	17.53333333333333	7.333333333333333	68.89333333333333	7.333333333333333	86.65333333333334	7.333333333333333	108.58333333333333	7.333333333333333	128.38333333333333					-2	81.18666666666668	-2	123.26666666666668									-2	49.29	-2	50.25	-2	51.53	-2	52.46									-2	49.34	-2	50.09	-2	56.16	-2	60.379999999999995									-2	52.22	-2	51.1	-2	62.459999999999994	-2	65.27									-2	50.870000000000005	-2	53.59	-2	60.5	-2	68.69999999999999																																													-2	55.92	-2	58.34													-2	61.099999999999994	-2	65.86
11	uaI	uai			1.0	18.53333333333333							-2	126.38333333333333	1.0	58.666666666666664	1.0	64.27666666666667	1.0	82.18666666666668	1.0	124.26666666666668																																																																																																																													-2	59.099999999999994	-2	63.86
12	Ayi	aui	1.2	13.466666666666665	0	18.53333333333333			1.2	87.85333333333334	1.2	109.78333333333333	1.2	127.58333333333333							-2	122.26666666666668																																																																																																																													-2	57.099999999999994	-2	61.86
14	EEo	eeo	4.0	17.466666666666665	0	18.53333333333333					-2	107.78333333333333	-2	125.58333333333333			4.0	68.27666666666667	4.0	86.18666666666668	4.0	126.26666666666668																																									-2	50.22	-2	49.1	-2	60.459999999999994	-2	63.269999999999996									-2	48.870000000000005	-2	51.59	-2	58.5	-2	66.69999999999999																																																																
17	EI	ei	0.6666666666666666	18.133333333333333	0	18.53333333333333					-2	105.78333333333333	-2	123.58333333333333	0.6666666666666666	59.33333333333333	0.6666666666666666	68.94333333333334	0.6666666666666666	86.85333333333335	0.6666666666666666	126.93333333333335																																																																																																																																
18	oI	Oi	1.3333333333333333	19.466666666666665	0	18.53333333333333	-2	66.89333333333333	-2	85.85333333333334	-2	103.78333333333333	-2	121.58333333333333	1.3333333333333333	60.666666666666664	1.3333333333333333	70.27666666666667	1.3333333333333333	88.18666666666668	1.3333333333333333	128.26666666666668																																																																																																																																
19	eeA	Eea	7.6	27.066666666666663	0	18.53333333333333			7.6	93.45333333333333	7.6	111.38333333333333	7.6	129.18333333333334			-2	68.27666666666667	-2	86.18666666666668	-2	126.26666666666668																																													-2	58.459999999999994	-2	61.269999999999996													-2	56.5	-2	64.69999999999999																									-2	49.11	-2	49.86	-2	50.26	-2	51.48									-2	51.9	-2	53.44	-2	53.92	-2	56.34									-2	53.39	-2	56.46	-2	55.099999999999994	-2	59.86
20	ooE	Ooe	11.2	38.266666666666666	0	18.53333333333333	-2	64.89333333333333	-2	91.45333333333333	-2	109.38333333333333	-2	127.18333333333334			11.2	79.47666666666667	11.2	97.38666666666668	11.2	137.46666666666667									-2	47.29	-2	48.25	-2	49.53	-2	50.46									-2	47.34	-2	48.09	-2	54.16	-2	58.379999999999995									-2	48.22	-2	47.1	-2	56.459999999999994	-2	59.269999999999996									-2	46.870000000000005	-2	49.59	-2	54.5	-2	62.69999999999999																																									-2	49.9	-2	51.44	-2	51.92	-2	54.34									-2	51.39	-2	54.46	-2	53.099999999999994	-2	57.86
21	eyO	euo			2.6666666666666665	21.2	2.6666666666666665	67.56	2.6666666666666665	94.12	2.6666666666666665	112.05	2.6666666666666665	129.85					-2	95.38666666666668	-2	135.46666666666667																																											-2	45.1	-2	54.459999999999994	-2	57.269999999999996											-2	47.59	-2	52.5	-2	60.69999999999999																																																																
22	AyO	auo	0.6666666666666666	38.93333333333333	0	21.2	0.6666666666666666	68.22666666666667	0.6666666666666666	94.78666666666668	0.6666666666666666	112.71666666666667	0.6666666666666666	130.51666666666665					-2	93.38666666666668	-2	133.46666666666667																																																																																																																																
23	AAO	aao	0.6666666666666666	39.599999999999994	0	21.2	0.6666666666666666	68.89333333333335	0.6666666666666666	95.45333333333335	0.6666666666666666	113.38333333333334	0.6666666666666666	131.1833333333333					-2	91.38666666666668	-2	131.46666666666667																																																																																																																																
24	uo	yo	10.0	49.599999999999994	0	21.2			-2	93.45333333333335	-2	111.38333333333334	-2	129.1833333333333							10.0	141.46666666666667																									-2	45.34	-2	46.09	-2	52.16	-2	56.379999999999995									-2	46.22	-2	43.1	-2	52.459999999999994	-2	55.269999999999996									-2	44.870000000000005	-2	45.59	-2	50.5	-2	58.69999999999999																																																																
25	OOy	Oou			6.0	27.2	6.0	74.89333333333335	6.0	99.45333333333335	6.0	117.38333333333334	6.0	135.1833333333333					-2	89.38666666666668	-2	139.46666666666667									-2	45.29	-2	46.25	-2	47.53	-2	48.46									-2	43.34	-2	44.09	-2	50.16	-2	54.379999999999995									-2	44.22	-2	41.1	-2	50.459999999999994	-2	53.269999999999996									-2	42.870000000000005	-2	43.59	-2	48.5	-2	56.69999999999999																																																																
26	OyA	Oua			3.6	30.8			3.6	103.05333333333334	3.6	120.98333333333333	3.6	138.7833333333333							-2	137.46666666666667													-2	45.53	-2	46.46													-2	48.16	-2	52.379999999999995													-2	48.459999999999994	-2	51.269999999999996													-2	46.5	-2	54.69999999999999																																																																
27	EuI	eui	2.6666666666666665	52.26666666666666	0	30.8					-2	118.98333333333333	-2	136.7833333333333	2.6666666666666665	63.33333333333333	2.6666666666666665	82.14333333333335	2.6666666666666665	92.05333333333336	2.6666666666666665	140.13333333333333																																													-2	46.459999999999994	-2	49.269999999999996													-2	44.5	-2	52.69999999999999																																																													-2	51.099999999999994	-2	55.86
28	yAy	yau			2.8	33.6			2.8	105.85333333333334	2.8	121.78333333333333	2.8	139.58333333333331							-2	138.13333333333333																													-2	46.16	-2	50.379999999999995													-2	44.459999999999994	-2	47.269999999999996													-2	42.5	-2	50.69999999999999																																																																
30	EaE	Eae			4.0	37.6					-2	119.78333333333333	-2	137.58333333333331			4.0	86.14333333333335	4.0	96.05333333333336	4.0	142.13333333333333																																																																																											-2	47.86			-2	49.48											-2	49.44			-2	52.34									-2	49.39	-2	52.46	-2	49.099999999999994	-2	53.86
31	yA	ya			2.8	40.4			2.8	108.65333333333334	2.8	122.58333333333333	2.8	140.38333333333333							-2	140.13333333333333																													-2	44.16	-2	48.379999999999995													-2	42.459999999999994	-2	45.269999999999996													-2	40.5	-2	48.69999999999999																																																																
32	uIo	yio	3.6666666666666665	55.93333333333332	0	40.4			-2	106.65333333333334	-2	120.58333333333333	-2	138.38333333333333	3.6666666666666665	67.0	3.6666666666666665	89.81000000000002	3.6666666666666665	99.72000000000003	3.6666666666666665	143.79999999999998																											-2	42.09			-2	46.379999999999995											-2	39.1			-2	43.269999999999996									-2	40.870000000000005	-2	41.59	-2	38.5	-2	46.69999999999999																																																																
33	iyy	iuu			1.2	41.6			1.2	107.85333333333334	1.2	121.78333333333333	1.2	139.58333333333331							-2	141.79999999999998																																																													-2	36.5	-2	44.69999999999999																																																																
34	eAA	Eaa	1.2	57.133333333333326	0	41.6			1.2	109.05333333333334	1.2	122.98333333333333	1.2	140.7833333333333			-2	87.81000000000002	-2	97.72000000000003	-2	139.79999999999998																																																																																																																																
36	eOi	Eoi	2.6666666666666665	59.79999999999999	0	41.6	2.6666666666666665	77.56000000000002	2.6666666666666665	111.72000000000001	2.6666666666666665	125.65	2.6666666666666665	143.44999999999996			-2	85.81000000000002	-2	95.72000000000003	-2	137.79999999999998																																																																																															-2	47.48													-2	49.92	-2	50.34													-2	47.099999999999994	-2	51.86
37	Iu	iu	1.0	60.79999999999999	0	41.6							-2	141.44999999999996	1.0	68.0	1.0	86.81000000000002	1.0	96.72000000000003	1.0	138.79999999999998																																																													-2	34.5	-2	42.69999999999999																																																																
38	oEa	Oea	4.0	64.79999999999998	0	41.6	-2	75.56000000000002	-2	109.72000000000001	-2	123.65	-2	139.44999999999996			4.0	90.81000000000002	4.0	100.72000000000003	4.0	142.79999999999998															-2	44.46															-2	44.379999999999995													-2	40.459999999999994	-2	41.269999999999996													-2	32.5	-2	40.69999999999999																																																																
39	Ayi	Aui			3.6	45.2			3.6	113.32000000000001	3.6	127.25	3.6	143.04999999999995							-2	140.79999999999998																													-2	42.16	-2	42.379999999999995													-2	38.459999999999994	-2	39.269999999999996													-2	30.5	-2	38.69999999999999																																																													-2	45.099999999999994	-2	49.86
40	IEa	iea	2.0	66.79999999999998	0	45.2					-2	125.25	-2	141.04999999999995	2.0	70.0	2.0	92.81000000000002	2.0	102.72000000000003	2.0	142.79999999999998																																													-2	36.459999999999994	-2	37.269999999999996													-2	28.5	-2	36.69999999999999																																																																
41	AAi	Aai			3.6	48.800000000000004			3.6	116.92	3.6	128.85	3.6	144.64999999999995							-2	140.79999999999998																													-2	40.16	-2	40.379999999999995													-2	34.459999999999994	-2	35.269999999999996													-2	26.5	-2	34.69999999999999																																																													-2	43.099999999999994	-2	47.86
43	IaE	iae	2.6666666666666665	69.46666666666665	0	48.800000000000004					-2	126.85	-2	142.64999999999995	2.6666666666666665	72.66666666666667	2.6666666666666665	95.47666666666669	2.6666666666666665	105.3866666666667	2.6666666666666665	143.46666666666664																																																													-2	24.5	-2	32.69999999999999																																																									-2	47.39	-2	50.46	-2	41.099999999999994	-2	45.86
44	iOe	ioe			4.666666666666667	53.46666666666667	4.666666666666667	80.22666666666669	4.666666666666667	121.58666666666667	4.666666666666667	131.51666666666665	4.666666666666667	147.3166666666666					-2	103.3866666666667	-2	141.46666666666664																																																									-2	38.870000000000005	-2	39.59	-2	22.5	-2	30.69999999999999																																									-2	47.9	-2	47.44	-2	47.92	-2	48.34									-2	45.39	-2	48.46	-2	39.099999999999994	-2	43.86
47	EI	ei	0.6666666666666666	70.13333333333333	0	53.46666666666667					-2	129.51666666666665	-2	145.3166666666666	0.6666666666666666	73.33333333333334	0.6666666666666666	96.14333333333336	0.6666666666666666	104.05333333333337	0.6666666666666666	142.1333333333333																																																																																																																																
48	EIu	Eiu			3.0	56.46666666666667							-2	143.3166666666666	3.0	76.33333333333334	3.0	99.14333333333336	3.0	107.05333333333337	3.0	145.1333333333333																																																													-2	20.5	-2	28.69999999999999																													-2	48.26	-2	45.48													-2	45.92	-2	46.34													-2	37.099999999999994	-2	41.86
49	uIE	uie			1.6666666666666667	58.13333333333333					-2	127.51666666666665	-2	141.3166666666666	1.6666666666666667	78.00000000000001	1.6666666666666667	100.81000000000003	1.6666666666666667	108.72000000000004	1.6666666666666667	146.79999999999995																																																																																																																											-2	46.46	-2	35.099999999999994	-2	39.86
50	eAi	eai			2.8	60.93333333333333			2.8	124.38666666666667	2.8	130.31666666666666	2.8	144.11666666666662							-2	144.79999999999995																																													-2	32.459999999999994	-2	33.269999999999996													-2	18.5	-2	26.69999999999999																																																													-2	33.099999999999994	-2	37.86
51	uoa	yoa	10.0	80.13333333333333	0	60.93333333333333			-2	122.38666666666667	-2	128.31666666666666	-2	142.11666666666662							10.0	154.79999999999995																									-2	41.34	-2	40.09	-2	38.16	-2	38.379999999999995									-2	42.22	-2	37.1	-2	30.459999999999994	-2	31.269999999999996									-2	36.870000000000005	-2	37.59	-2	16.5	-2	24.69999999999999																																																																
52	eA	ea			2.0	62.93333333333333			2.0	124.38666666666667	2.0	130.31666666666666	2.0	144.11666666666662							-2	152.79999999999995																																													-2	28.459999999999994	-2	29.269999999999996													-2	14.5	-2	22.69999999999999																																																																
53	eA	ea			2.0	64.93333333333334			2.0	126.38666666666667	2.0	132.31666666666666	2.0	146.11666666666662							-2	150.79999999999995																																													-2	26.459999999999994	-2	27.269999999999996													-2	12.5	-2	20.69999999999999																																																																
54	eOy	eou			3.3333333333333335	68.26666666666667	3.3333333333333335	83.56000000000002	3.3333333333333335	129.72	3.3333333333333335	135.65	3.3333333333333335	149.44999999999996					-2	106.72000000000004	-2	148.79999999999995																																									-2	40.22	-2	35.1	-2	24.459999999999994	-2	25.269999999999996									-2	34.870000000000005	-2	35.59	-2	10.5	-2	18.69999999999999																																																																
55	AyO	auo	0.6666666666666666	80.8	0	68.26666666666667	0.6666666666666666	84.22666666666669	0.6666666666666666	130.38666666666666	0.6666666666666666	136.31666666666666	0.6666666666666666	150.11666666666662					-2	104.72000000000004	-2	146.79999999999995																																																																																																																																
56	uII	uii			1.0	69.26666666666667							-2	148.11666666666662	1.0	79.00000000000001	1.0	101.81000000000003	1.0	105.72000000000004	1.0	147.79999999999995																																																																																																																													-2	31.099999999999994	-2	35.86
57	oau	Oau	6.0	86.8	0	69.26666666666667	-2	82.22666666666669	-2	128.38666666666666	-2	134.31666666666666	-2	146.11666666666662					6.0	111.72000000000004	6.0	153.79999999999995													-2	43.53	-2	42.46													-2	36.16	-2	36.379999999999995													-2	22.459999999999994	-2	23.269999999999996													-2	8.5	-2	16.69999999999999																																																																
58	eiy	Eiu	4.4	91.2	0	69.26666666666667			4.4	132.78666666666666	4.4	138.71666666666667	4.4	150.51666666666662			-2	99.81000000000003	-2	109.72000000000004	-2	151.79999999999995																																																													-2	6.5	-2	14.699999999999989																													-2	46.26	-2	43.48													-2	43.92	-2	44.34													-2	29.099999999999994	-2	33.86
59	AAe	Aae			4.4	73.66666666666667			4.4	137.18666666666667	4.4	143.11666666666667	4.4	154.91666666666663							-2	149.79999999999995																													-2	34.16	-2	34.379999999999995													-2	20.459999999999994	-2	21.269999999999996													-2	4.5	-2	12.699999999999989																																																									-2	43.39	-2	44.46	-2	27.099999999999994	-2	31.86
61	oI	oi			1.6666666666666667	75.33333333333334							-2	152.91666666666663	1.6666666666666667	80.66666666666669	1.6666666666666667	101.4766666666667	1.6666666666666667	111.38666666666671	1.6666666666666667	151.4666666666666																																																																																																													-2	41.92	-2	42.34													-2	25.099999999999994	-2	29.86
63	yA	ya			2.8	78.13333333333334			2.8	139.98666666666668	2.8	145.91666666666669	2.8	155.71666666666664							-2	149.4666666666666																													-2	32.16	-2	32.379999999999995													-2	18.459999999999994	-2	19.269999999999996													-2	2.5	-2	10.699999999999989																																																																
64	EaE	Eae			4.0	82.13333333333334					-2	143.91666666666669	-2	153.71666666666664			4.0	105.4766666666667	4.0	115.38666666666671	4.0	153.4666666666666																																																																																											-2	45.86			-2	41.48											-2	45.44			-2	40.34									-2	41.39	-2	42.46	-2	23.099999999999994	-2	27.86
65	ey	Eu	1.2	92.4	0	82.13333333333334			1.2	141.18666666666667	1.2	145.11666666666667	1.2	154.91666666666663			-2	103.4766666666667	-2	113.38666666666671	-2	151.4666666666666																																																																																																																																
66	uuo	yuo	8.0	100.4	0	82.13333333333334			-2	139.18666666666667	-2	143.11666666666667	-2	152.91666666666663							8.0	159.4666666666666																											-2	38.09	-2	30.159999999999997	-2	30.379999999999995											-2	33.1	-2	16.459999999999994	-2	17.269999999999996											-2	33.59	-2	0.5	-2	8.699999999999989																																																																
67	yiA	yia			2.0	84.13333333333334			2.0	141.18666666666667	2.0	145.11666666666667	2.0	154.91666666666663							-2	157.4666666666666																															-2	28.379999999999995															-2	15.269999999999996													-2	-1.5	-2	6.699999999999989																																																																
68	IoI	ioi	3.0	103.4	0	84.13333333333334							-2	152.91666666666663	3.0	83.66666666666669	3.0	106.4766666666667	3.0	116.38666666666671	3.0	160.4666666666666																																																									-2	32.870000000000005	-2	31.590000000000003	-2	-3.5	-2	4.699999999999989																																													-2	39.92	-2	38.34													-2	21.099999999999994	-2	25.86
69	Oyi	oui	1.6666666666666667	105.06666666666668	0	84.13333333333334	1.6666666666666667	83.89333333333336	1.6666666666666667	142.85333333333332	1.6666666666666667	146.78333333333333	1.6666666666666667	154.5833333333333					-2	114.38666666666671	-2	158.4666666666666																																																																																																															-2	36.34													-2	19.099999999999994	-2	23.86
70	iyy	iuu			1.2	85.33333333333334			1.2	144.0533333333333	1.2	147.98333333333332	1.2	155.78333333333327							-2	156.4666666666666																																																													-2	-5.5	-2	2.6999999999999886																																																																
72	eyO	euo			2.6666666666666665	88.00000000000001	2.6666666666666665	86.56000000000003	2.6666666666666665	146.71999999999997	2.6666666666666665	150.64999999999998	2.6666666666666665	158.44999999999993					-2	112.38666666666671	-2	154.4666666666666																																											-2	31.1	-2	14.459999999999994	-2	13.269999999999996											-2	29.590000000000003	-2	-7.5	-2	0.6999999999999886																																																																
74	aIo	aio			2.3333333333333335	90.33333333333334							-2	156.44999999999993	2.3333333333333335	86.00000000000001	2.3333333333333335	108.81000000000003	2.3333333333333335	114.72000000000004	2.3333333333333335	156.79999999999995																																																									-2	30.870000000000005	-2	27.590000000000003	-2	-9.5	-2	-1.3000000000000114																																																													-2	17.099999999999994	-2	21.86
75	Aye	aue	2.0	107.06666666666668	0	90.33333333333334			2.0	148.71999999999997	2.0	152.64999999999998	2.0	158.44999999999993							-2	154.79999999999995																																																																																																																									-2	39.39	-2	40.46	-2	15.099999999999994	-2	19.86
77	aaI	Aai	3.6666666666666665	110.73333333333335	0	90.33333333333334			-2	146.71999999999997	-2	150.64999999999998	-2	156.44999999999993	3.6666666666666665	89.66666666666669	3.6666666666666665	112.4766666666667	3.6666666666666665	118.38666666666671	3.6666666666666665	158.4666666666666																													-2	28.159999999999997	-2	26.379999999999995													-2	12.459999999999994	-2	11.269999999999996													-2	-11.5	-2	-3.3000000000000114																																																													-2	13.099999999999994	-2	17.86
78	AAi	Aai			3.6	93.93333333333334			3.6	150.31999999999996	3.6	154.24999999999997	3.6	160.04999999999993							-2	156.4666666666666																													-2	26.159999999999997	-2	24.379999999999995													-2	10.459999999999994	-2	9.269999999999996													-2	-13.5	-2	-5.300000000000011																																																													-2	11.099999999999994	-2	15.86
79	Eua	eua	2.4	113.13333333333335	0	93.93333333333334					-2	152.24999999999997	-2	158.04999999999993			2.4	114.87666666666671	2.4	120.78666666666672	2.4	158.86666666666662																																													-2	8.459999999999994	-2	7.269999999999996													-2	-15.5	-2	-7.300000000000011																																																																
80	Aey	aeu	3.6	116.73333333333335	0	93.93333333333334			3.6	153.91999999999996	3.6	155.84999999999997	3.6	161.64999999999992							-2	156.86666666666662																																													-2	6.459999999999994	-2	5.269999999999996													-2	-17.5	-2	-9.300000000000011																																																									-2	37.39	-2	38.46	-2	9.099999999999994	-2	13.86
81	aEI	aei			2.0	95.93333333333334					-2	153.84999999999997	-2	159.64999999999992	2.0	91.66666666666669	2.0	116.87666666666671	2.0	122.78666666666672	2.0	158.86666666666662																																																																																																																									-2	35.39	-2	36.46	-2	7.099999999999994	-2	11.86
82	ooa	Ooa	10.0	126.73333333333335	0	95.93333333333334	-2	84.56000000000003	-2	151.91999999999996	-2	151.84999999999997	-2	157.64999999999992					10.0	132.78666666666672	10.0	168.86666666666662									-2	43.29	-2	44.25	-2	41.53	-2	40.46									-2	39.34	-2	36.09	-2	24.159999999999997	-2	22.379999999999995									-2	38.22	-2	29.1	-2	4.459999999999994	-2	3.269999999999996									-2	28.870000000000005	-2	25.590000000000003	-2	-19.5	-2	-11.300000000000011																																																																
83	iiy	iiu			1.2	97.13333333333334			1.2	153.11999999999995	1.2	153.04999999999995	1.2	158.8499999999999							-2	166.86666666666662																																																													-2	-21.5	-2	-13.300000000000011																																																																
84	yAO	uao	0.6666666666666666	127.40000000000002	0	97.13333333333334	0.6666666666666666	85.2266666666667	0.6666666666666666	153.7866666666666	0.6666666666666666	153.7166666666666	0.6666666666666666	159.51666666666657					-2	130.78666666666672	-2	164.86666666666662																																																																																																																																
85	yAA	yaa			2.8	99.93333333333334			2.8	156.58666666666662	2.8	156.51666666666662	2.8	162.31666666666658							-2	162.86666666666662																													-2	22.159999999999997	-2	20.379999999999995													-2	2.4599999999999937	-2	1.269999999999996													-2	-23.5	-2	-15.300000000000011																																																																
86	OOi	Ooi			7.333333333333333	107.26666666666667	7.333333333333333	92.56000000000003	7.333333333333333	163.91999999999996	7.333333333333333	163.84999999999997	7.333333333333333	169.64999999999992					-2	128.78666666666672	-2	160.86666666666662									-2	41.29	-2	42.25	-2	39.53	-2	38.46									-2	37.34	-2	34.09	-2	20.159999999999997	-2	18.379999999999995									-2	36.22	-2	27.1	-2	0.45999999999999375	-2	-0.730000000000004									-2	26.870000000000005	-2	23.590000000000003	-2	-25.5	-2	-17.30000000000001																																													-2	37.92	-2	34.34													-2	5.099999999999994	-2	9.86
89	uau	yau	6.0	133.40000000000003	0	107.26666666666667			-2	161.91999999999996	-2	161.84999999999997	-2	167.64999999999992							6.0	166.86666666666662																													-2	18.159999999999997	-2	16.379999999999995													-2	-1.5400000000000063	-2	-2.730000000000004													-2	-27.5	-2	-19.30000000000001																																																																
90	EEI	Eei			4.666666666666667	111.93333333333334					-2	159.84999999999997	-2	165.64999999999992	4.666666666666667	96.33333333333336	4.666666666666667	121.54333333333338	4.666666666666667	133.45333333333338	4.666666666666667	171.53333333333327																																																																																									-2	47.11	-2	43.86	-2	44.26	-2	39.48									-2	45.9	-2	43.44	-2	35.92	-2	32.34									-2	33.39	-2	34.46	-2	3.0999999999999943	-2	7.859999999999999
91	eOy	eou			3.3333333333333335	115.26666666666667	3.3333333333333335	95.89333333333336	3.3333333333333335	165.2533333333333	3.3333333333333335	163.1833333333333	3.3333333333333335	168.98333333333326					-2	131.45333333333338	-2	169.53333333333327																																									-2	34.22	-2	25.1	-2	-3.5400000000000063	-2	-4.730000000000004									-2	24.870000000000005	-2	21.590000000000003	-2	-29.5	-2	-21.30000000000001																																																																
92	yOO	uoo	0.6666666666666666	134.0666666666667	0	115.26666666666667	0.6666666666666666	96.56000000000003	0.6666666666666666	165.91999999999996	0.6666666666666666	163.84999999999997	0.6666666666666666	169.64999999999992					-2	129.45333333333338	-2	167.53333333333327																																																																																																																																
94	Oe	oe	3.3333333333333335	137.40000000000003	0	115.26666666666667	3.3333333333333335	99.89333333333336	3.3333333333333335	169.2533333333333	3.3333333333333335	167.1833333333333	3.3333333333333335	172.98333333333326					-2	127.45333333333338	-2	165.53333333333327																																																																																																									-2	43.9	-2	41.44	-2	33.92	-2	30.340000000000003									-2	31.39	-2	32.46	-2	1.0999999999999943	-2	5.859999999999999
95	ooI	ooi			1.6666666666666667	116.93333333333334							-2	170.98333333333326	1.6666666666666667	98.00000000000003	1.6666666666666667	123.21000000000005	1.6666666666666667	129.12000000000003	1.6666666666666667	167.19999999999993																																																																																																													-2	31.92	-2	28.340000000000003													-2	-0.9000000000000057	-2	3.8599999999999994
96	ao	Ao	10.0	147.40000000000003	0	116.93333333333334			-2	167.2533333333333	-2	165.1833333333333	-2	168.98333333333326							10.0	177.19999999999993																									-2	35.34	-2	32.09	-2	16.159999999999997	-2	14.379999999999995									-2	32.22	-2	23.1	-2	-5.540000000000006	-2	-6.730000000000004									-2	22.870000000000005	-2	19.590000000000003	-2	-31.5	-2	-23.30000000000001																																																																
97	OyO	ouo	0.6666666666666666	148.0666666666667	0	116.93333333333334	0.6666666666666666	100.56000000000003	0.6666666666666666	167.91999999999996	0.6666666666666666	165.84999999999997	0.6666666666666666	169.64999999999992					-2	127.12000000000003	-2	175.19999999999993																																																																																																																																
98	AA	Aa			2.8	119.73333333333333			2.8	170.71999999999997	2.8	168.64999999999998	2.8	172.44999999999993							-2	173.19999999999993																													-2	14.159999999999997	-2	12.379999999999995													-2	-7.540000000000006	-2	-8.730000000000004													-2	-33.5	-2	-25.30000000000001																																																																
99	EEo	Eeo			8.8	128.53333333333333					-2	166.64999999999998	-2	170.44999999999993			8.8	132.01000000000005	8.8	135.92000000000004	8.8	181.99999999999994																																									-2	30.22	-2	21.1	-2	-9.540000000000006	-2	-10.730000000000004									-2	20.870000000000005	-2	17.590000000000003	-2	-35.5	-2	-27.30000000000001																									-2	45.11	-2	41.86	-2	42.26	-2	37.48									-2	41.9	-2	39.44	-2	29.92	-2	26.340000000000003									-2	29.39	-2	30.46	-2	-2.9000000000000057	-2	1.8599999999999994
100	AOy	Aou			4.666666666666667	133.2	4.666666666666667	105.2266666666667	4.666666666666667	175.38666666666663	4.666666666666667	171.31666666666663	4.666666666666667	175.1166666666666					-2	133.92000000000004	-2	179.99999999999994																									-2	33.34	-2	30.090000000000003	-2	12.159999999999997	-2	10.379999999999995									-2	28.22	-2	19.1	-2	-11.540000000000006	-2	-12.730000000000004									-2	18.870000000000005	-2	15.590000000000003	-2	-37.5	-2	-29.30000000000001																																																																
101	OyO	Ouo			4.666666666666667	137.86666666666665	4.666666666666667	109.89333333333337	4.666666666666667	180.05333333333328	4.666666666666667	175.9833333333333	4.666666666666667	179.78333333333325					-2	131.92000000000004	-2	177.99999999999994											-2	40.25	-2	37.53	-2	36.46											-2	28.090000000000003	-2	10.159999999999997	-2	8.379999999999995											-2	17.1	-2	-13.540000000000006	-2	-14.730000000000004											-2	13.590000000000003	-2	-39.5	-2	-31.30000000000001																																																																
103	Eoa	eoa	4.0	152.0666666666667	0	137.86666666666665					-2	173.9833333333333	-2	177.78333333333325			4.0	136.01000000000005	4.0	135.92000000000004	4.0	181.99999999999994																																									-2	26.22	-2	15.100000000000001	-2	-15.540000000000006	-2	-16.730000000000004									-2	16.870000000000005	-2	11.590000000000003	-2	-41.5	-2	-33.30000000000001																																																																
104	AA	aa	0.4	152.4666666666667	0	137.86666666666665			0.4	180.4533333333333	0.4	174.3833333333333	0.4	178.18333333333325							-2	179.99999999999994																																																																																																																																
106	eie	Eie	6.0	158.4666666666667	0	137.86666666666665					6.0	180.3833333333333	6.0	184.18333333333325			-2	134.01000000000005	-2	133.92000000000004	-2	177.99999999999994																																																																																											-2	39.86	-2	40.26	-2	35.48											-2	37.44	-2	27.92	-2	24.340000000000003											-2	28.46	-2	-4.900000000000006	-2	-0.14000000000000057
108	uoI	yoi	6.333333333333333	164.80000000000004	0	137.86666666666665			-2	178.4533333333333	-2	178.3833333333333	-2	182.18333333333325	6.333333333333333	104.33333333333336	6.333333333333333	140.3433333333334	6.333333333333333	140.2533333333334	6.333333333333333	184.3333333333333																									-2	31.340000000000003	-2	26.090000000000003	-2	8.159999999999997	-2	6.3799999999999955									-2	24.22	-2	13.100000000000001	-2	-17.540000000000006	-2	-18.730000000000004									-2	14.870000000000005	-2	9.590000000000003	-2	-43.5	-2	-35.30000000000001																																													-2	25.92	-2	22.340000000000003													-2	-6.900000000000006	-2	-2.1400000000000006
109	OOO	ooo	0.6666666666666666	165.4666666666667	0	137.86666666666665	0.6666666666666666	110.56000000000004	0.6666666666666666	179.11999999999995	0.6666666666666666	179.04999999999995	0.6666666666666666	182.8499999999999					-2	138.2533333333334	-2	182.3333333333333																																																																																																																																
110	EoE	eoe	7.2	172.66666666666669	0	137.86666666666665					-2	177.04999999999995	-2	180.8499999999999			7.2	147.54333333333338	7.2	145.45333333333338	7.2	189.53333333333327																																									-2	22.22	-2	11.100000000000001	-2	-19.540000000000006	-2	-20.730000000000004									-2	12.870000000000005	-2	7.590000000000003	-2	-45.5	-2	-37.30000000000001																																									-2	39.9	-2	35.44	-2	23.92	-2	20.340000000000003									-2	27.39	-2	26.46	-2	-8.900000000000006	-2	-4.140000000000001
111	AiO	Aio			3.3333333333333335	141.2	3.3333333333333335	113.89333333333337	3.3333333333333335	182.4533333333333	3.3333333333333335	180.3833333333333	3.3333333333333335	184.18333333333325					-2	143.45333333333338	-2	187.53333333333327																											-2	24.090000000000003			-2	4.3799999999999955											-2	9.100000000000001			-2	-22.730000000000004									-2	10.870000000000005	-2	5.590000000000003	-2	-47.5	-2	-39.30000000000001																																																																
112	iey	ieu			2.0	143.2			2.0	184.4533333333333	2.0	182.3833333333333	2.0	186.18333333333325							-2	185.53333333333327																																													-2	-21.540000000000006	-2	-24.730000000000004													-2	-49.5	-2	-41.30000000000001																																																																
113	IEI	iei	0.6666666666666666	173.33333333333334	0	143.2					-2	180.3833333333333	-2	184.18333333333325	0.6666666666666666	105.00000000000003	0.6666666666666666	148.21000000000004	0.6666666666666666	144.12000000000003	0.6666666666666666	186.19999999999993																																																																																																																																
114	Ayy	auu	0.4	173.73333333333335	0	143.2			0.4	184.8533333333333	0.4	180.7833333333333	0.4	184.58333333333326							-2	184.19999999999993																																																																																																																																
115	oe	Oe	0.6666666666666666	174.4	0	143.2	-2	111.89333333333337	-2	182.8533333333333	-2	178.7833333333333	-2	182.58333333333326					0.6666666666666666	144.7866666666667	0.6666666666666666	184.8666666666666																																																																																																									0.6666666666666666	40.56666666666666	0.6666666666666666	36.10666666666666	0.6666666666666666	24.58666666666667	0.6666666666666666	21.00666666666667									0.6666666666666666	28.05666666666667	0.6666666666666666	27.12666666666667	0.6666666666666666	-8.23333333333334	0.6666666666666666	-3.473333333333334
116	eoo	Eoo	0.5	174.9	0	143.2					0.5	179.2833333333333	0.5	183.08333333333326			-2	146.21000000000004	-2	142.7866666666667	-2	182.8666666666666																																									0.5	22.72	0.5	9.600000000000001	0.5	-21.040000000000006	0.5	-24.230000000000004									0.5	11.370000000000005	0.5	6.090000000000003	0.5	-49.0	0.5	-40.80000000000001																																																																
117	eOe	Eoe	4.333333333333333	179.23333333333335	0	143.2	4.333333333333333	116.2266666666667	4.333333333333333	187.18666666666664	4.333333333333333	183.61666666666665	4.333333333333333	187.4166666666666			-2	144.21000000000004	-2	140.7866666666667	-2	180.8666666666666																																																																																											-2	37.86			-2	33.48									-2	38.56666666666666	-2	34.10666666666666	-2	22.58666666666667	-2	19.00666666666667									-2	26.05666666666667	-2	25.12666666666667	-2	-10.23333333333334	-2	-5.4733333333333345
118	aII	aii			1.0	144.2							-2	185.4166666666666	1.0	106.00000000000003	1.0	145.21000000000004	1.0	141.7866666666667	1.0	181.8666666666666																																																																																																																													-2	-12.23333333333334	-2	-7.4733333333333345
120	Iou	iou	1.6666666666666667	180.9	0	144.2							-2	183.4166666666666	1.6666666666666667	107.6666666666667	1.6666666666666667	146.8766666666667	1.6666666666666667	143.45333333333335	1.6666666666666667	183.53333333333325																																																									-2	9.370000000000005	-2	4.090000000000003	-2	-51.0	-2	-42.80000000000001																																																																
122	uEE	uee			2.4	146.6					-2	181.61666666666665	-2	181.4166666666666			2.4	149.2766666666667	2.4	145.85333333333335	2.4	185.93333333333325																																																																																																																									-2	24.05666666666667	-2	23.12666666666667	-2	-14.23333333333334	-2	-9.473333333333334
123	eua	Eua	0.75	181.65	0	146.6					0.75	182.36666666666665	0.75	182.1666666666666			-2	147.2766666666667	-2	143.85333333333335	-2	183.93333333333325																																													0.75	-20.290000000000006	0.75	-23.480000000000004													0.75	-50.25	0.75	-42.05000000000001																																																																
124	eye	eue			3.6	150.2			3.6	190.78666666666663	3.6	185.96666666666664	3.6	185.7666666666666							-2	181.93333333333325																																													-2	-22.290000000000006	-2	-25.480000000000004													-2	-52.25	-2	-44.05000000000001																																																									-2	22.05666666666667	-2	21.12666666666667	-2	-16.23333333333334	-2	-11.473333333333334
125	EEo	Eeo			8.8	159.0					-2	183.96666666666664	-2	183.7666666666666			8.8	156.0766666666667	8.8	152.65333333333336	8.8	190.73333333333326																																									-2	20.72	-2	7.600000000000001	-2	-24.290000000000006	-2	-27.480000000000004									-2	7.3700000000000045	-2	2.0900000000000034	-2	-54.25	-2	-46.05000000000001																									-2	43.11	-2	35.86	-2	38.26	-2	31.479999999999997									-2	36.56666666666666	-2	32.10666666666666	-2	20.58666666666667	-2	17.00666666666667									-2	20.05666666666667	-2	19.12666666666667	-2	-18.23333333333334	-2	-13.473333333333334
127	yyA	yua			2.8	161.8			2.8	193.58666666666664	2.8	186.76666666666665	2.8	186.5666666666666							-2	188.73333333333326																													-2	6.159999999999997	-2	2.3799999999999955													-2	-26.290000000000006	-2	-29.480000000000004													-2	-56.25	-2	-48.05000000000001																																																																
130	aII	aii			1.0	162.8							-2	184.5666666666666	1.0	108.6666666666667	1.0	157.0766666666667	1.0	153.65333333333336	1.0	189.73333333333326																																																																																																																													-2	-20.23333333333334	-2	-15.473333333333334
133	OOi	ooi	2.0	183.65	0	162.8	2.0	118.2266666666667	2.0	195.58666666666664	2.0	188.76666666666665	2.0	186.5666666666666					-2	151.65333333333336	-2	187.73333333333326																																																																																																													-2	18.58666666666667	-2	15.006666666666671													-2	-22.23333333333334	-2	-17.473333333333336
134	auo	Auo	8.0	191.65	0	162.8			-2	193.58666666666664	-2	186.76666666666665	-2	184.5666666666666							8.0	195.73333333333326																											-2	22.090000000000003	-2	4.159999999999997	-2	0.37999999999999545											-2	5.600000000000001	-2	-28.290000000000006	-2	-31.480000000000004											-2	0.09000000000000341	-2	-58.25	-2	-50.05000000000001																																																																
135	Oey	Oeu			2.8	165.60000000000002			2.8	196.38666666666666	2.8	189.56666666666666	2.8	187.36666666666662							-2	193.73333333333326															-2	34.46															-2	-1.6200000000000045													-2	-30.290000000000006	-2	-33.480000000000004													-2	-60.25	-2	-52.05000000000001																																																																
143	oa	Oa	6.0	197.65	0	165.60000000000002	-2	116.2266666666667	-2	194.38666666666666	-2	187.56666666666666	-2	185.36666666666662					6.0	157.65333333333336	6.0	199.73333333333326													-2	35.53	-2	32.46													-2	2.1599999999999966	-2	-3.6200000000000045													-2	-32.290000000000006	-2	-35.480000000000004													-2	-62.25	-2	-54.05000000000001																																																																
144	eiy	eiu			1.6	167.20000000000002			1.6	195.98666666666665	1.6	189.16666666666666	1.6	186.9666666666666							-2	197.73333333333326																																															-2	-37.480000000000004													-2	-64.25	-2	-56.05000000000001																																																																
145	oO	oo			0.18181818181818182	167.3818181818182	0.18181818181818182	116.40848484848489	0.18181818181818182	196.16848484848484	0.18181818181818182	189.34848484848484	0.18181818181818182	187.1484848484848					-2	155.65333333333336	-2	195.73333333333326																																																																																																	0.18181818181818182	50.18181818181818	0.18181818181818182	50.18181818181818	0.18181818181818182	50.18181818181818	0.18181818181818182	50.18181818181818	0.18181818181818182	36.74848484848484	0.18181818181818182	32.28848484848484	0.18181818181818182	18.768484848484853	0.18181818181818182	15.188484848484853	0.18181818181818182	50.18181818181818	0.18181818181818182	50.18181818181818	0.18181818181818182	50.18181818181818	0.18181818181818182	50.18181818181818	0.18181818181818182	20.238484848484852	0.18181818181818182	19.308484848484852	0.18181818181818182	-22.051515151515158	0.18181818181818182	-17.291515151515153
146	uoi	yoi	7.5	205.15	0	167.3818181818182			-2	194.16848484848484	-2	187.34848484848484	-2	185.1484848484848							7.5	203.23333333333326																									-2	29.340000000000003	-2	20.090000000000003	-2	0.1599999999999966	-2	-5.6200000000000045									-2	18.72	-2	3.6000000000000014	-2	-34.290000000000006	-2	-39.480000000000004									-2	5.3700000000000045	-2	-1.9099999999999966	-2	-66.25	-2	-58.05000000000001																																																															7.5	-9.791515151515153
147	iy	iu			1.2	168.5818181818182			1.2	195.36848484848483	1.2	188.54848484848483	1.2	186.3484848484848							-2	201.23333333333326																																																													-2	-68.25	-2	-60.05000000000001																																																																
148	iiO	iio			2.0	170.5818181818182	2.0	118.40848484848489	2.0	197.36848484848483	2.0	190.54848484848483	2.0	188.3484848484848					-2	153.65333333333336	-2	199.23333333333326																																																									-2	3.3700000000000045	-2	-3.9099999999999966	-2	-70.25	-2	-62.05000000000001																																																																
149	yeA	yea			2.4	172.9818181818182			2.4	199.76848484848483	2.4	192.94848484848484	2.4	190.7484848484848							-2	197.23333333333326																															-2	-7.6200000000000045													-2	-36.290000000000006	-2	-41.480000000000004													-2	-72.25	-2	-64.05000000000001																																																																
158	uaE	uae			2.4	175.3818181818182					-2	190.94848484848484	-2	188.7484848484848			2.4	159.47666666666672	2.4	156.05333333333337	2.4	199.63333333333327																																																																																																																									-2	18.238484848484852	-2	17.308484848484852	-2	-24.051515151515158	-2	-11.791515151515153
159	eyi	eui			2.8	178.18181818181822			2.8	202.56848484848484	2.8	193.74848484848485	2.8	191.5484848484848							-2	197.63333333333327																																													-2	-38.290000000000006	-2	-43.480000000000004													-2	-74.25	-2	-66.05000000000001																																																													-2	-26.051515151515158	-2	-13.791515151515153
164	yOA	yoa			4.666666666666667	182.84848484848487	4.666666666666667	123.07515151515156	4.666666666666667	207.2351515151515	4.666666666666667	198.4151515151515	4.666666666666667	196.21515151515146					-2	154.05333333333337	-2	195.63333333333327																									-2	27.340000000000003	-2	18.090000000000003	-2	-1.8400000000000034	-2	-9.620000000000005									-2	16.72	-2	1.6000000000000014	-2	-40.290000000000006	-2	-45.480000000000004									-2	1.3700000000000045	-2	-5.909999999999997	-2	-76.25	-2	-68.05000000000001																																																																
167	ooa	Ooa	10.0	215.15	0	182.84848484848487	-2	121.07515151515156	-2	205.2351515151515	-2	196.4151515151515	-2	194.21515151515146					10.0	164.05333333333337	10.0	205.63333333333327									-2	39.29	-2	38.25	-2	33.53	-2	30.46									-2	25.340000000000003	-2	16.090000000000003	-2	-3.8400000000000034	-2	-11.620000000000005									-2	14.719999999999999	-2	-0.3999999999999986	-2	-42.290000000000006	-2	-47.480000000000004									-2	-0.6299999999999955	-2	-7.909999999999997	-2	-78.25	-2	-70.05000000000001																																																																
171	iAe	iae			2.8	185.64848484848488			2.8	208.0351515151515	2.8	199.21515151515152	2.8	197.01515151515147							-2	203.63333333333327																																																													-2	-80.25	-2	-72.05000000000001																																																									-2	16.238484848484852	-2	15.308484848484852	-2	-28.051515151515158	-2	-15.791515151515153
176	aye	aue			0.8571428571428571	186.50562770562775			0.8571428571428571	208.89229437229437	0.8571428571428571	200.07229437229438	0.8571428571428571	197.87229437229433							-2	201.63333333333327																																																																																																																					0.8571428571428571	51.038961038961034	0.8571428571428571	51.038961038961034			-2	13.308484848484852			-2	-17.791515151515153
192	EaE	Eae			4.0	190.50562770562775					-2	198.07229437229438	-2	195.87229437229433			4.0	163.47666666666672	4.0	168.05333333333337	4.0	205.63333333333327																																																																																											-2	33.86			-2	29.479999999999997											-2	30.288484848484842			-2	13.188484848484853									-2	14.238484848484852	-2	11.308484848484852	-2	-30.051515151515158	-2	-19.791515151515153
195	OeO	Oeo			4.666666666666667	195.1722943722944	4.666666666666667	125.74181818181823	4.666666666666667	213.55896103896103	4.666666666666667	202.73896103896104	4.666666666666667	200.538961038961					-2	166.05333333333337	-2	203.63333333333327											-2	36.25			-2	28.46											-2	14.090000000000003			-2	-13.620000000000005									-2	12.719999999999999	-2	-2.3999999999999986	-2	-44.290000000000006	-2	-49.480000000000004									-2	-2.6299999999999955	-2	-9.909999999999997	-2	-82.25	-2	-74.05000000000001																																																																
201	yEo	yeo			0.21052631578947367	195.38282068808388					-2	200.73896103896104	-2	198.538961038961			0.21052631578947367	163.6871929824562	0.21052631578947367	166.26385964912285	0.21052631578947367	203.84385964912275																					0.21052631578947367	50.21052631578947	0.21052631578947367	50.21052631578947	0.21052631578947367	25.550526315789476	0.21052631578947367	14.300526315789478	0.21052631578947367	-3.62947368421053	0.21052631578947367	-13.40947368421053					0.21052631578947367	50.21052631578947	0.21052631578947367	50.21052631578947			0.21052631578947367	-2.189473684210525			0.21052631578947367	-49.26947368421053					0.21052631578947367	50.21052631578947	0.21052631578947367	50.21052631578947			0.21052631578947367	-9.699473684210522			0.21052631578947367	-73.83947368421053																																																																
207	oau	Oau	6.0	221.15	0	195.38282068808388	-2	123.74181818181823	-2	211.55896103896103	-2	198.73896103896104	-2	196.538961038961					6.0	172.26385964912285	6.0	209.84385964912275													-2	31.53	-2	26.46													-2	-5.62947368421053	-2	-15.40947368421053													-2	-46.290000000000006	-2	-51.26947368421053													-2	-84.25	-2	-75.83947368421053																																																																
208	OOA	Ooa			6.0	201.38282068808388	6.0	129.74181818181825	6.0	217.55896103896103	6.0	204.73896103896104	6.0	202.538961038961					-2	170.26385964912285	-2	207.84385964912275									-2	37.29	-2	34.25	-2	29.53	-2	24.46									-2	23.550526315789476	-2	12.300526315789478	-2	-7.62947368421053	-2	-17.409473684210532									-2	10.719999999999999	-2	-4.189473684210525	-2	-48.290000000000006	-2	-53.26947368421053									-2	-4.6299999999999955	-2	-11.699473684210522	-2	-86.25	-2	-77.83947368421053																																																																
219	OEi	Oei			0.11428571428571428	201.4971064023696					-2	202.73896103896104	-2	200.538961038961			0.11428571428571428	163.80147869674192	0.11428571428571428	170.37814536340858	0.11428571428571428	207.95814536340848					0.11428571428571428	50.114285714285714	0.11428571428571428	50.114285714285714	0.11428571428571428	37.40428571428571	0.11428571428571428	34.364285714285714	0.11428571428571428	29.644285714285715	0.11428571428571428	24.574285714285715					0.11428571428571428	50.324812030075186	0.11428571428571428	50.324812030075186	0.11428571428571428	23.66481203007519	0.11428571428571428	12.414812030075192	0.11428571428571428	-7.515187969924816	0.11428571428571428	-17.295187969924818					0.11428571428571428	50.324812030075186	0.11428571428571428	50.324812030075186	0.11428571428571428	10.834285714285713	0.11428571428571428	-4.075187969924811	0.11428571428571428	-48.17571428571429	0.11428571428571428	-53.15518796992482					0.11428571428571428	50.324812030075186	0.11428571428571428	50.324812030075186	0.11428571428571428	-4.515714285714282	0.11428571428571428	-11.585187969924808	0.11428571428571428	-86.13571428571429	0.11428571428571428	-77.72518796992482																													0.11428571428571428	38.37428571428571	0.11428571428571428	29.59428571428571													0.11428571428571428	18.882770562770567	0.11428571428571428	13.302770562770567													0.11428571428571428	-29.937229437229444	0.11428571428571428	-19.67722943722944
223	aeu	Aeu	1.1428571428571428	222.29285714285714	0	201.4971064023696			-2	215.55896103896103	-2	200.73896103896104	-2	198.538961038961							1.1428571428571428	209.10100250626562																															-2	-19.295187969924818																																																																																									1.1428571428571428	15.381341991341994	1.1428571428571428	12.451341991341994	1.1428571428571428	-28.7943722943723	1.1428571428571428	-18.534372294372297
243	oiO	oio			1.0	202.4971064023696	1.0	130.74181818181825	1.0	216.55896103896103	1.0	201.73896103896104	1.0	199.538961038961					-2	168.37814536340858	-2	207.10100250626562																																																									-2	-6.515714285714282	-2	-13.585187969924808	-2	-88.13571428571429	-2	-79.72518796992482																																			1.0	51.18181818181818			1.0	51.18181818181818			1.0	31.288484848484842							1.0	51.18181818181818			1.0	52.038961038961034			1.0	13.451341991341994				
321	ua	ya	6.0	228.29285714285714	0	202.4971064023696			-2	214.55896103896103	-2	199.73896103896104	-2	197.538961038961							6.0	213.10100250626562																													-2	-9.515187969924817	-2	-21.295187969924818													-2	-50.17571428571429	-2	-55.15518796992482													-2	-90.13571428571429	-2	-81.72518796992482																																																																
324	aOA	aoa			0.2857142857142857	202.7828206880839	0.2857142857142857	131.02753246753252	0.2857142857142857	214.8446753246753	0.2857142857142857	200.02467532467531	0.2857142857142857	197.82467532467527					-2	166.37814536340858	-2	211.10100250626562																																																																																																																	0.2857142857142857	50.467532467532465	0.2857142857142857	51.467532467532465	0.2857142857142857	51.32467532467532	0.2857142857142857	52.32467532467532	0.2857142857142857	15.66705627705628	0.2857142857142857	13.737056277056281	0.2857142857142857	-28.508658008658017	0.2857142857142857	-18.248658008658012
332	oy	ou			0.11764705882352941	202.90046774690742			0.11764705882352941	214.96232238349884	0.11764705882352941	200.14232238349885	0.11764705882352941	197.9423223834988							-2	209.10100250626562																																																																																																					0.11764705882352941	50.29946524064171	0.11764705882352941	51.29946524064171	0.11764705882352941	36.86613190730837	0.11764705882352941	31.40613190730837	0.11764705882352941	19.000417621594096	0.11764705882352941	13.420417621594096					0.11764705882352941	51.44232238349885	0.11764705882352941	52.44232238349885	0.11764705882352941	15.78470333587981	0.11764705882352941	13.85470333587981	0.11764705882352941	-28.391010949834488	0.11764705882352941	-18.131010949834483
494	uiA	uia			0.8571428571428571	203.75761060405029			0.8571428571428571	215.8194652406417	0.8571428571428571	200.9994652406417	0.8571428571428571	198.79946524064167							-2	207.10100250626562																																																													-2	-92.13571428571429	-2	-83.72518796992482																																																							0.8571428571428571	53.2994652406417			0.8571428571428571	14.711846193022668				
1081	AEi	Aei			0.13793103448275862	203.89554163853305					-2	198.9994652406417	-2	196.79946524064167			0.13793103448275862	163.93940973122469	0.13793103448275862	166.51607639789134	0.13793103448275862	207.23893354074838																					0.13793103448275862	50.46274306455795	0.13793103448275862	50.46274306455795	0.13793103448275862	23.802743064557948	0.13793103448275862	12.55274306455795	0.13793103448275862	-9.377256935442059	0.13793103448275862	-21.15725693544206					0.13793103448275862	50.46274306455795	0.13793103448275862	50.46274306455795	0.13793103448275862	10.97221674876847	0.13793103448275862	-3.937256935442053	0.13793103448275862	-50.03778325123153	0.13793103448275862	-55.017256935442056					0.13793103448275862	50.46274306455795	0.13793103448275862	50.46274306455795	0.13793103448275862	-6.377783251231523	0.13793103448275862	-13.44725693544205	0.13793103448275862	-91.99778325123152	0.13793103448275862	-83.58725693544206																													0.13793103448275862	38.51221674876847	0.13793103448275862	29.73221674876847													0.13793103448275862	19.138348656076854	0.13793103448275862	13.558348656076854													0.13793103448275862	-28.25307991535173	0.13793103448275862	-17.993079915351725
1969	AIo	Aio			0.07142857142857142	203.96697020996163							-2	194.79946524064167	0.07142857142857142	108.73809523809527	0.07142857142857142	164.01083830265327	0.07142857142857142	166.58750496931992	0.07142857142857142	207.31036211217696																	0.07142857142857142	50.07142857142857	0.07142857142857142	50.07142857142857	0.07142857142857142	50.53417163598652	0.07142857142857142	50.53417163598652	0.07142857142857142	23.87417163598652	0.07142857142857142	12.62417163598652	0.07142857142857142	-9.305828364013488	0.07142857142857142	-21.085828364013487	0.07142857142857142	50.07142857142857	0.07142857142857142	50.07142857142857	0.07142857142857142	50.53417163598652	0.07142857142857142	50.53417163598652	0.07142857142857142	11.043645320197042	0.07142857142857142	-3.865828364013481	0.07142857142857142	-49.96635467980296	0.07142857142857142	-54.94582836401349	0.07142857142857142	50.07142857142857	0.07142857142857142	50.07142857142857	0.07142857142857142	50.53417163598652	0.07142857142857142	50.53417163598652			0.07142857142857142	-13.37582836401348			0.07142857142857142	-83.51582836401349																																																																
2190	AEu	Aeu			0.19047619047619047	204.15744640043783					-2	196.9994652406417	-2	192.79946524064167			0.19047619047619047	164.20131449312947	0.19047619047619047	166.77798115979613	0.19047619047619047	207.50083830265316																					0.19047619047619047	50.72464782646271	0.19047619047619047	50.72464782646271	0.19047619047619047	24.06464782646271	0.19047619047619047	12.81464782646271	0.19047619047619047	-9.115352173537298	0.19047619047619047	-20.895352173537297					0.19047619047619047	50.72464782646271	0.19047619047619047	50.72464782646271	0.19047619047619047	11.234121510673232	0.19047619047619047	-3.6753521735372905			0.19047619047619047	-54.7553521735373					0.19047619047619047	50.72464782646271	0.19047619047619047	50.72464782646271	0.19047619047619047	-6.187307060755332	0.19047619047619047	-13.18535217353729			0.19047619047619047	-83.3253521735373																																																																
2957	uyA	uua			0.18181818181818182	204.33926458225602			0.18181818181818182	216.0012834224599	0.18181818181818182	197.1812834224599	0.18181818181818182	192.98128342245985							-2	205.50083830265316																																																																																																																					0.18181818181818182	51.62414056531703	0.18181818181818182	53.48128342245988	0.18181818181818182	15.966521517697991	0.18181818181818182	14.89366437484085	0.18181818181818182	-28.071261733533547	0.18181818181818182	-17.81126173353354
5010	OuE	Oue			0.07058823529411766	204.40985281755013					-0.2	196.9812834224599	-0.2	192.78128342245986			0.07058823529411766	164.27190272842358	0.07058823529411766	166.84856939509024	0.07058823529411766	205.57142653794727							0.07058823529411766	50.18487394957983			0.07058823529411766	34.43487394957983			0.07058823529411766	24.644873949579832							0.07058823529411766	50.795236061756825			0.07058823529411766	12.885236061756828			0.07058823529411766	-20.82476393824318							0.07058823529411766	50.795236061756825			0.07058823529411766	-3.6047639382431726			0.07058823529411766	-54.68476393824318							0.07058823529411766	50.795236061756825			0.07058823529411766	-13.114763938243172			0.07058823529411766	-83.25476393824317																																																									-0.2	15.766521517697992	-0.2	14.69366437484085	-0.2	-28.271261733533546	-0.2	-18.01126173353354
5129	uOy	uou			0.02857142857142857	204.43842424612157	0.02857142857142857	131.05610389610396	0.02857142857142857	216.02985485103133	0.02857142857142857	197.00985485103135	0.02857142857142857	192.8098548510313					-0.2	166.64856939509025	-0.2	205.3714265379473																																																																																																																	0.02857142857142857	50.4961038961039	0.02857142857142857	51.4961038961039	0.02857142857142857	51.65271199388846	0.02857142857142857	53.509854851031314	0.02857142857142857	15.79509294626942	0.02857142857142857	14.722235803412278	0.02857142857142857	-28.242690304962117	0.02857142857142857	-17.982690304962112
12326	ay	au			0.0018181818181818182	204.44024242793975			0.0018181818181818182	216.0316730328495	0.0018181818181818182	197.01167303284953	0.0018181818181818182	192.81167303284948							-0.02	205.35142653794728																																																																																																																					0.0018181818181818182	51.65453017570664	0.0018181818181818182	53.511673032849494	0.0018181818181818182	15.796911128087602	0.0018181818181818182	14.72405398523046	0.0018181818181818182	-28.240872123143937	0.0018181818181818182	-17.980872123143932
19950	AOO	Aoo			0.004666666666666667	204.44490909460643	0.004666666666666667	131.06077056277064	0.004666666666666667	216.0363396995162	0.004666666666666667	197.0163396995162	0.004666666666666667	192.81633969951616					-0.002	166.64656939509024	-0.002	205.34942653794727																									-0.002	24.06264782646271	-0.002	12.883236061756827	-0.002	-9.117352173537299	-0.002	-20.82676393824318									-0.002	11.232121510673231	-0.002	-3.6067639382431724	-0.002	-49.968354679802964	-0.002	-54.68676393824318									-0.002	-6.189307060755332	-0.002	-13.116763938243173	-0.002	-91.99978325123152	-0.002	-83.25676393824317																																																																
TOTAL				228.29285714285714		204.44490909460643		131.06077056277064		216.0363396995162		197.0163396995162		192.81633969951616		108.73809523809527		164.27190272842358		166.64656939509024		205.34942653794727		50.0		50.0		50.114285714285714		50.18487394957983		37.40428571428571		34.43487394957983		29.644285714285715		24.644873949579832		50.07142857142857		50.07142857142857		50.72464782646271		50.795236061756825		24.06264782646271		12.883236061756827		-9.117352173537299		-20.82676393824318		50.07142857142857		50.07142857142857		50.72464782646271		50.795236061756825		11.232121510673231		-3.6067639382431724		-49.968354679802964		-54.68676393824318		50.07142857142857		50.07142857142857		50.72464782646271		50.795236061756825		-6.189307060755332		-13.116763938243173		-91.99978325123152		-83.25676393824317		50.0		50.0		50.0		50.0		50.0		50.0		50.0		50.0		50.0		50.0		50.0		50.0		43.11		33.86		38.51221674876847		29.73221674876847		50.18181818181818		51.18181818181818		50.29946524064171		51.29946524064171		36.86613190730837		31.40613190730837		19.138348656076854		13.558348656076854		50.4961038961039		51.4961038961039		51.65453017570664		53.511673032849494		15.796911128087602		14.72405398523046		-28.240872123143937		-17.980872123143932
