trialnum	Generated	Heard	Id(Bk)Syl1	now	Id(Bk)	now	*F1	now	*F3	now	*F4	now	*F5	now	*B1	now	*B2	now	*B3	now	*B5	now	*F1_B1	now	*F1..._B1	now	*F1_B2	now	*F1..._B2	now	*F1_B3	now	*F1..._B3	now	*F1_B5	now	*F1..._B5	now	*F3_B1	now	*F3..._B1	now	*F3_B2	now	*F3..._B2	now	*F3_B3	now	*F3..._B3	now	*F3_B5	now	*F3..._B5	now	*F4_B1	now	*F4..._B1	now	*F4_B2	now	*F4..._B2	now	*F4_B3	now	*F4..._B3	now	*F4_B5	now	*F4..._B5	now	*F5_B1	now	*F5..._B1	now	*F5_B2	now	*F5..._B2	now	*F5_B3	now	*F5..._B3	now	*F5_B5	now	*F5..._B5	now	*_B1F1	now	*_B1...F1	now	*_B1F3	now	*_B1...F3	now	*_B1F4	now	*_B1...F4	now	*_B1F5	now	*_B1...F5	now	*_B2F1	now	*_B2...F1	now	*_B2F3	now	*_B2...F3	now	*_B2F4	now	*_B2...F4	now	*_B2F5	now	*_B2...F5	now	*_B3F1	now	*_B3...F1	now	*_B3F3	now	*_B3...F3	now	*_B3F4	now	*_B3...F4	now	*_B3F5	now	*_B3...F5	now	*_B5F1	now	*_B5...F1	now	*_B5F3	now	*_B5...F3	now	*_B5F4	now	*_B5...F4	now	*_B5F5	now	*_B5...F5	now
				0		0		163.17000000000002		189.16		201.58		228.51		154.85		169.03		184.11		213.4		150.0		150.0		150.0		150.0		150.0		150.0		150.0		150.0		150.0		150.0		150.0		150.0		150.0		150.0		150.0		150.0		150.0		150.0		150.0		150.0		150.0		150.0		150.0		150.0		150.0		150.0		151.89		152.42		153.65		154.77		157.39		159.68		150.0		150.0		150.0		150.0		150.0		150.0		151.02		151.7		150.0		150.0		150.0		150.0		150.0		150.0		152.9		154.24		150.0		150.0		150.0		150.0		150.0		150.0		154.96		156.87		150.0		150.0		150.0		150.0		150.0		150.0		158.68		161.84
1	auI	Ayi	2	2	0	0			-2	187.16	-2	199.58	-2	226.51	2	156.85	2	171.03	2	186.11	2	215.4																																																																																																																																
4	IEu	iEu	2	4	0	0							-2	224.51	2	158.85	2	173.03	2	188.11	2	217.4																																																					-2	149.89	-2	150.42	-2	151.65	-2	152.77	-2	155.39	-2	157.68																																																																
5	auu	Ayy	2	6	0	0			-2	185.16	-2	197.58	-2	222.51							2	219.4																																																																																																																																
6	Ia	ia	2	8	0	0							-2	220.51	2	160.85	2	175.03	2	190.11	2	221.4																																																													-2	153.39	-2	155.68																																																																
7	eOA	Eoa	2	10	0	0	2	165.17000000000002	2	187.16	2	199.58	2	222.51			-2	173.03	-2	188.11	-2	219.4																																																																																																																																
8	uou	yOy	2	12	0	0	-2	163.17000000000002	-2	185.16	-2	197.58	-2	220.51					2	190.11	2	221.4																																																																																																																																
9	oao	OAO	2	14	0	0	-2	161.17000000000002	-2	183.16	-2	195.58	-2	218.51					2	192.11	2	223.4																																																																																																																																
11	yOO	uoo	2	16	0	0	2	163.17000000000002	2	185.16	2	197.58	2	220.51					-2	190.11	-2	221.4																																																																																																																																
12	uou	yOy	2	18	0	0	-2	161.17000000000002	-2	183.16	-2	195.58	-2	218.51					2	192.11	2	223.4																																																																																																																																
13	iOi	Ioi	2	20	0	0	2	163.17000000000002	2	185.16	2	197.58	2	220.51	-2	158.85	-2	171.03	-2	190.11	-2	221.4																																																																															-2	149.7															-2	152.24													-2	152.96	-2	154.87													-2	156.68	-2	159.84
14	oI	Oi	2	22	0	0	-2	161.17000000000002	-2	183.16	-2	195.58	-2	218.51	2	160.85	2	173.03	2	192.11	2	223.4																																																																																																																																
15	AOi	aoi	2	24	0	0	2	163.17000000000002	2	185.16	2	197.58	2	220.51					-2	190.11	-2	221.4																																																																																																													-2	150.96	-2	152.87													-2	154.68	-2	157.84
16	Ia	iA	2	26	0	0			-2	183.16	-2	195.58	-2	218.51	2	162.85	2	175.03	2	192.11	2	223.4																																																																																																																																
18	yAe	uaE	2	28	0	0			2	185.16	2	197.58	2	220.51			-2	173.03	-2	190.11	-2	221.4																																																																																																																																
19	eyy	Euu	2	30	0	0			2	187.16	2	199.58	2	222.51			-2	171.03	-2	188.11	-2	219.4																																																																																																																																
22	IaE	iAe	2	32	0	0			-2	185.16	-2	197.58	-2	220.51	2	164.85	2	173.03	2	190.11	2	221.4																																																																																																																																
23	III	Iii			2	2							-2	218.51	2	166.85	2	175.03	2	192.11	2	223.4																																																																													-2	149.02	-2	147.7													-2	150.9	-2	150.24													-2	148.96	-2	150.87													-2	152.68	-2	155.84
25	eee	EEE	2	34	0	2					2	199.58	2	220.51			-2	173.03	-2	190.11	-2	221.4																																																																																																																																
26	yOe	uoE	2	36	0	2	2	165.17000000000002	2	187.16	2	201.58	2	222.51			-2	171.03	-2	188.11	-2	219.4																																																																																																																																
27	IEu	iey	2	38	0	2			-2	185.16	-2	199.58	-2	220.51	2	168.85	2	173.03	2	190.11	2	221.4																																																																																																																																
28	AOy	aou	2	40	0	2	2	167.17000000000002	2	187.16	2	201.58	2	222.51					-2	188.11	-2	219.4																																																																																																																																
30	uoI	uoi			2	4							-2	220.51	2	170.85	2	175.03	2	190.11	2	221.4																																																																																																													-2	146.96	-2	148.87													-2	150.68	-2	153.84
33	II	Ii			2	6							-2	218.51	2	172.85	2	177.03	2	192.11	2	223.4																																																																													-2	147.02	-2	145.7													-2	148.9	-2	148.24													-2	144.96	-2	146.87													-2	148.68	-2	151.84
34	iAe	iaE			2	8			2	189.16	2	203.58	2	220.51			-2	175.03	-2	190.11	-2	221.4																																																							-2	148.42			-2	150.77	-2	151.39	-2	153.68																																																																
35	iye	iuE			2	10			2	191.16	2	205.58	2	222.51			-2	173.03	-2	188.11	-2	219.4																																																							-2	146.42			-2	148.77	-2	149.39	-2	151.68																																																																
37	ei	Ei	2	42	0	10					2	207.58	2	224.51			-2	171.03	-2	186.11	-2	217.4																																																																																													-2	146.9	-2	146.24													-2	142.96	-2	144.87													-2	146.68	-2	149.84
39	IEa	ieA	2	44	0	10			-2	189.16	-2	205.58	-2	222.51	2	174.85	2	173.03	2	188.11	2	219.4																																																																																																																																
41	uEE	yee	2	46	0	10			-2	187.16	-2	203.58	-2	220.51			2	175.03	2	190.11	2	221.4																																																																																																																																
42	iyO	Iuo	2	48	0	10	2	169.17000000000002	2	189.16	2	205.58	2	222.51	-2	172.85	-2	173.03	-2	188.11	-2	219.4																																																																																																																																
43	uIE	yie	2	50	0	10			-2	187.16	-2	203.58	-2	220.51	2	174.85	2	175.03	2	190.11	2	221.4																																																																																																																																
44	ye	uE	2	52	0	10			2	189.16	2	205.58	2	222.51			-2	173.03	-2	188.11	-2	219.4																																																																																																																																
47	IoI	ioi	2	54	0	10							-2	220.51	2	176.85	2	175.03	2	190.11	2	221.4																																																									-2	149.65	-2	146.77	-2	147.39	-2	149.68																																													-2	140.96	-2	142.87													-2	144.68	-2	147.84
48	Eua	eyA	2	56	0	10			-2	187.16	-2	203.58	-2	218.51			2	177.03	2	192.11	2	223.4																																																																																																																																
49	iei	IEi	2	58	0	10					2	205.58	2	220.51	-2	174.85	-2	175.03	-2	190.11	-2	221.4																																																																															-2	143.7													-2	144.9	-2	144.24													-2	138.96	-2	140.87													-2	142.68	-2	145.84
52	EaI	Eai			2	12							-2	218.51	2	176.85	2	177.03	2	192.11	2	223.4																																																																																															-2	142.24															-2	138.87													-2	140.68	-2	143.84
54	Oyi	oui	2	60	0	12	2	171.17000000000002	2	189.16	2	207.58	2	220.51					-2	190.11	-2	221.4																																																																																																															-2	136.87													-2	138.68	-2	141.84
55	iyO	Iuo	2	62	0	12	2	173.17000000000002	2	191.16	2	209.58	2	222.51	-2	174.85	-2	175.03	-2	188.11	-2	219.4																																																																																																																																
57	Io	iO	2	64	0	12	-2	171.17000000000002	-2	189.16	-2	207.58	-2	220.51	2	176.85	2	177.03	2	190.11	2	221.4																																																																																																																																
59	ii	Ii	2	66	0	12							2	222.51	-2	174.85	-2	175.03	-2	188.11	-2	219.4																																																																													-2	145.02	-2	141.7													-2	142.9	-2	140.24													-2	136.96	-2	134.87													-2	136.68	-2	139.84
60	IIE	iiE	2	68	0	12							-2	220.51	2	176.85	2	177.03	2	190.11	2	221.4																																																					-2	147.89	-2	144.42	-2	147.65	-2	144.77	-2	145.39	-2	147.68																																																																
61	iAA	iaa			2	14			2	191.16	2	209.58	2	222.51							-2	219.4																																																													-2	143.39	-2	145.68																																																																
62	aaI	AAi	2	70	0	14			-2	189.16	-2	207.58	-2	220.51	2	178.85	2	179.03	2	192.11	2	221.4																																																																																																																																
64	OOO	ooo	2	72	0	14	2	173.17000000000002	2	191.16	2	209.58	2	222.51					-2	190.11	-2	219.4																																																																																																																																
67	Eoo	eOO	2	74	0	14	-2	171.17000000000002	-2	189.16	-2	207.58	-2	220.51			2	181.03	2	192.11	2	221.4																																																																																																																																
68	Eou	eOy	2	76	0	14	-2	169.17000000000002	-2	187.16	-2	205.58	-2	218.51			2	183.03	2	194.11	2	223.4																																																																																																																																
69	iAO	iao			2	16	2	171.17000000000002	2	189.16	2	207.58	2	220.51					-2	192.11	-2	221.4																																																											-2	142.77	-2	141.39	-2	143.68																																																																
70	oI	Oi	2	78	0	16	-2	169.17000000000002	-2	187.16	-2	205.58	-2	218.51	2	180.85	2	185.03	2	194.11	2	223.4																																																																																																																																
73	OOi	ooi	2	80	0	16	2	171.17000000000002	2	189.16	2	207.58	2	220.51					-2	192.11	-2	221.4																																																																																																													-2	134.96	-2	132.87													-2	134.68	-2	137.84
74	AO	ao	2	82	0	16	2	173.17000000000002	2	191.16	2	209.58	2	222.51					-2	190.11	-2	219.4																																																																																																																																
76	aaa	AAA	2	84	0	16			-2	189.16	-2	207.58	-2	220.51							2	221.4																																																																																																																																
77	Iuo	iuo	2	86	0	16							-2	218.51	2	182.85	2	187.03	2	192.11	2	223.4																																																											-2	140.77	-2	139.39	-2	141.68																																																																
78	iAO	Iao	2	88	0	16	2	175.17000000000002	2	191.16	2	209.58	2	220.51	-2	180.85	-2	185.03	-2	190.11	-2	221.4																																																																																																																																
79	iei	iEi			2	18					2	211.58	2	222.51			-2	183.03	-2	188.11	-2	219.4																																																					-2	145.89	-2	142.42	-2	145.65	-2	138.77	-2	137.39	-2	139.68																													-2	140.9	-2	138.24													-2	132.96	-2	130.87													-2	132.68	-2	135.84
80	II	Ii			2	20							-2	220.51	2	182.85	2	185.03	2	190.11	2	221.4																																																																													-2	143.02	-2	139.7													-2	138.9	-2	136.24													-2	130.96	-2	128.87													-2	130.68	-2	133.84
81	Eo	eO	2	90	0	20	-2	173.17000000000002	-2	189.16	-2	209.58	-2	218.51			2	187.03	2	192.11	2	223.4																																																																																																																																
82	eOO	Eoo	2	92	0	20	2	175.17000000000002	2	191.16	2	211.58	2	220.51			-2	185.03	-2	190.11	-2	221.4																																																																																																																																
83	EI	ei	2	94	0	20					-2	209.58	-2	218.51	2	184.85	2	187.03	2	192.11	2	223.4																																																																																																																																
84	iO	Io	2	96	0	20	2	177.17000000000002	2	193.16	2	211.58	2	220.51	-2	182.85	-2	185.03	-2	190.11	-2	221.4																																																																																																																																
85	EE	ee	2	98	0	20					-2	209.58	-2	218.51			2	187.03	2	192.11	2	223.4																																																																																																																																
86	Ayy	auu	2	100	0	20			2	195.16	2	211.58	2	220.51							-2	221.4																																																																																																																																
87	yee	uEE	2	102	0	20			2	197.16	2	213.58	2	222.51			-2	185.03	-2	190.11	-2	219.4																																																																																																																																
88	EIo	Eio			2	22							-2	220.51	2	184.85	2	187.03	2	192.11	2	221.4																																																									-2	143.65	-2	136.77	-2	135.39	-2	137.68																													-2	136.9	-2	134.24													-2	128.96	-2	126.87													-2	128.68	-2	131.84
90	IaI	Iai			2	24							-2	218.51	2	186.85	2	189.03	2	194.11	2	223.4																																																																															-2	137.7															-2	132.24															-2	124.87													-2	126.68	-2	129.84
93	OyA	oua	2	104	0	24	2	179.17000000000002	2	199.16	2	215.58	2	220.51					-2	192.11	-2	221.4																																																																																																																																
94	iOi	ioi			2	26	2	181.17000000000002	2	201.16	2	217.58	2	222.51					-2	190.11	-2	219.4																																																									-2	141.65	-2	134.77	-2	133.39	-2	135.68																																													-2	126.96000000000001	-2	122.87													-2	124.68	-2	127.84
95	Io	iO	2	106	0	26	-2	179.17000000000002	-2	199.16	-2	215.58	-2	220.51	2	188.85	2	191.03	2	192.11	2	221.4																																																																																																																																
96	oIa	oia			2	28							-2	218.51	2	190.85	2	193.03	2	194.11	2	223.4																																																													-2	131.39	-2	133.68																																													-2	124.96000000000001	-2	120.87													-2	122.68	-2	125.84
99	OAO	oao	2	108	0	28	2	181.17000000000002	2	201.16	2	217.58	2	220.51					-2	192.11	-2	221.4																																																																																																																																
100	Ay	au	2	110	0	28			2	203.16	2	219.58	2	222.51							-2	219.4																																																																																																																																
101	aIu	aiu			2	30							-2	220.51	2	192.85	2	195.03	2	194.11	2	221.4																																																													-2	129.39	-2	131.68																																																													-2	120.68	-2	123.84
104	IIo	iiO	2	112	0	30	-2	179.17000000000002	-2	201.16	-2	217.58	-2	218.51	2	194.85	2	197.03	2	196.11	2	223.4																																																																																																																																
109	eAe	EaE	2	114	0	30			2	203.16	2	219.58	2	220.51			-2	195.03	-2	194.11	-2	221.4																																																																																																																																
113	uuE	yye	2	116	0	30			-2	201.16	-2	217.58	-2	218.51			2	197.03	2	196.11	2	223.4																																																																																																																																
114	oua	OyA	2	118	0	30	-2	177.17000000000002	-2	199.16	-2	215.58	-2	216.51					2	198.11	2	225.4																																																																																																																																
116	Oye	ouE	2	120	0	30	2	179.17000000000002	2	201.16	2	217.58	2	218.51			-2	195.03	-2	196.11	-2	223.4																																																																																																																																
118	yAy	uau	2	122	0	30			2	203.16	2	219.58	2	220.51							-2	221.4																																																																																																																																
119	Aie	aiE	2	124	0	30			2	205.16	2	221.58	2	222.51			-2	193.03	-2	194.11	-2	219.4																																																					-2	143.89	-2	140.42	-2	139.65	-2	132.77	-2	127.38999999999999	-2	129.68																																																													-2	118.68	-2	121.84
121	oII	oii			2	32							-2	220.51	2	196.85	2	195.03	2	196.11	2	221.4																																																																																																													-2	122.96000000000001	-2	118.87													-2	116.68	-2	119.84
125	iOe	IoE	2	126	0	32	2	181.17000000000002	2	207.16	2	223.58	2	222.51	-2	194.85	-2	193.03	-2	194.11	-2	219.4																																																																																																																																
126	EEI	EEi			2	34							-2	220.51	2	196.85	2	195.03	2	196.11	2	221.4																																																																																													-2	134.9	-2	130.24													-2	120.96000000000001	-2	116.87													-2	114.68	-2	117.84
128	uIo	yiO	2	128	0	34	-2	179.17000000000002	-2	205.16	-2	221.58	-2	218.51	2	198.85	2	197.03	2	198.11	2	223.4																																																																																																																																
129	Oee	oEE	2	130	0	34	2	181.17000000000002	2	207.16	2	223.58	2	220.51			-2	195.03	-2	196.11	-2	221.4																																																																																																																																
130	Eu	ey	2	132	0	34			-2	205.16	-2	221.58	-2	218.51			2	197.03	2	198.11	2	223.4																																																																																																																																
131	oIa	oia			2	36							-2	216.51	2	200.85	2	199.03	2	200.11	2	225.4																																																													-2	125.38999999999999	-2	127.68																																													-2	118.96000000000001	-2	114.87													-2	112.68	-2	115.84
132	OeO	oEo	2	134	0	36	2	183.17000000000002	2	207.16	2	223.58	2	218.51			-2	197.03	-2	198.11	-2	223.4																																																																																																																																
133	yAe	uaE	2	136	0	36			2	209.16	2	225.58	2	220.51			-2	195.03	-2	196.11	-2	221.4																																																																																																																																
135	aEu	Aey	2	138	0	36			-2	207.16	-2	223.58	-2	218.51			2	197.03	2	198.11	2	223.4																																																																																																																																
136	eAA	Eaa	2	140	0	36			2	209.16	2	225.58	2	220.51			-2	195.03	-2	196.11	-2	221.4																																																																																																																																
139	uuo	yyO	2	142	0	36	-2	181.17000000000002	-2	207.16	-2	223.58	-2	218.51					2	198.11	2	223.4																																																																																																																																
140	AAO	aao	2	144	0	36	2	183.17000000000002	2	209.16	2	225.58	2	220.51					-2	196.11	-2	221.4																																																																																																																																
141	EuE	eye	2	146	0	36			-2	207.16	-2	223.58	-2	218.51			2	197.03	2	198.11	2	223.4																																																																																																																																
144	yy	uu	2	148	0	36			2	209.16	2	225.58	2	220.51							-2	221.4																																																																																																																																
145	ia	iA			2	38			-2	207.16	-2	223.58	-2	218.51							2	223.4																																																													2	127.38999999999999	2	129.68																																																																
146	Eo	eO	2	150	0	38	-2	181.17000000000002	-2	205.16	-2	221.58	-2	216.51			2	199.03	2	200.11	2	225.4																																																																																																																																
148	AAy	aau	2	152	0	38			2	207.16	2	223.58	2	218.51							-2	223.4																																																																																																																																
151	Aey	aEu	2	154	0	38			2	209.16	2	225.58	2	220.51			-2	197.03	-2	198.11	-2	221.4																																																																																																																																
153	EaE	eAe	2	156	0	38			-2	207.16	-2	223.58	-2	218.51			2	199.03	2	200.11	2	223.4																																																																																																																																
154	eye	EuE	2	158	0	38			2	209.16	2	225.58	2	220.51			-2	197.03	-2	198.11	-2	221.4																																																																																																																																
155	ioi	iOi			2	40	-2	179.17000000000002	-2	207.16	-2	223.58	-2	218.51					2	200.11	2	223.4																																																									2	141.65	2	134.77	2	129.39	2	131.68																																													2	120.96000000000001	2	116.87													2	114.68	2	117.84
157	iiu	iiy			2	42			-2	205.16	-2	221.58	-2	216.51							2	225.4																																																													2	131.39	2	133.68																																																																
162	yOO	uoo	2	160	0	42	2	181.17000000000002	2	207.16	2	223.58	2	218.51					-2	198.11	-2	223.4																																																																																																																																
166	iey	iEu			2	44			2	209.16	2	225.58	2	220.51			-2	195.03	-2	196.11	-2	221.4																																																					-2	141.89	-2	138.42	-2	139.65	-2	132.77	-2	129.39	-2	131.68																																																																
168	iuE	IuE	2	162	0	44							2	222.51	-2	198.85	-2	193.03	-2	194.11	-2	219.4																																																							2	140.42			2	134.77	2	131.39	2	133.68																																																																
169	oaE	OAe	2	164	0	44	-2	179.17000000000002	-2	207.16	-2	223.58	-2	220.51			2	195.03	2	196.11	2	221.4																																																																																																																																
170	Eoo	eOO	2	166	0	44	-2	177.17000000000002	-2	205.16	-2	221.58	-2	218.51			2	197.03	2	198.11	2	223.4																																																																																																																																
171	Iuu	iyy	2	168	0	44			-2	203.16	-2	219.58	-2	216.51	2	200.85	2	199.03	2	200.11	2	225.4																																																																																																																																
172	Oee	oEE	2	170	0	44	2	179.17000000000002	2	205.16	2	221.58	2	218.51			-2	197.03	-2	198.11	-2	223.4																																																																																																																																
174	yOi	uoi	2	172	0	44	2	181.17000000000002	2	207.16	2	223.58	2	220.51					-2	196.11	-2	221.4																																																																																																													-2	118.96000000000001	-2	114.87													-2	112.68	-2	115.84
175	iau	iAy			2	46			-2	205.16	-2	221.58	-2	218.51							2	223.4																																																													2	133.39	2	135.68																																																																
177	yeA	uEa	2	174	0	46			2	207.16	2	223.58	2	220.51			-2	195.03	-2	194.11	-2	221.4																																																																																																																																
179	Iao	iao	2	176	0	46							-2	218.51	2	202.85	2	197.03	2	196.11	2	223.4																																																											-2	132.77	-2	131.39	-2	133.68																																																																
181	yOy	uou	2	178	0	46	2	183.17000000000002	2	209.16	2	225.58	2	220.51					-2	194.11	-2	221.4																																																																																																																																
183	aua	AyA	2	180	0	46			-2	207.16	-2	223.58	-2	218.51							2	223.4																																																																																																																																
184	EoE	eOe	2	182	0	46	-2	181.17000000000002	-2	205.16	-2	221.58	-2	216.51			2	199.03	2	196.11	2	225.4																																																																																																																																
185	Ayy	auu	2	184	0	46			2	207.16	2	223.58	2	218.51							-2	223.4																																																																																																																																
186	Ai	ai	2	186	0	46			2	209.16	2	225.58	2	220.51							-2	221.4																																																																																																																													-2	110.68	-2	113.84
187	EaE	eAe	2	188	0	46			-2	207.16	-2	223.58	-2	218.51			2	201.03	2	198.11	2	223.4																																																																																																																																
188	Ea	eA	2	190	0	46			-2	205.16	-2	221.58	-2	216.51			2	203.03	2	200.11	2	225.4																																																																																																																																
189	aai	AAi	2	192	0	46			-2	203.16	-2	219.58	-2	214.51							2	227.4																																																																																																																													2	112.68	2	115.84
190	iA	Ia	2	194	0	46			2	205.16	2	221.58	2	216.51	-2	200.85	-2	201.03	-2	198.11	-2	225.4																																																																																																																																
191	iiy	iiu			2	48			2	207.16	2	223.58	2	218.51							-2	223.4																																																													-2	129.39	-2	131.68																																																																
192	ai	Ai	2	196	0	48			-2	205.16	-2	221.58	-2	216.51							2	225.4																																																																																																																													2	114.68	2	117.84
193	yyi	uui	2	198	0	48			2	207.16	2	223.58	2	218.51							-2	223.4																																																																																																																													-2	112.68	-2	115.84
196	ii	Ii	2	200	0	48							2	220.51	-2	198.85	-2	199.03	-2	196.11	-2	221.4																																																																													-2	141.02	-2	135.7													-2	132.9	-2	128.24													-2	116.96000000000001	-2	112.87													-2	110.68	-2	113.84
201	ooE	OOe	2	202	0	48	-2	179.17000000000002	-2	205.16	-2	221.58	-2	218.51			2	201.03	2	198.11	2	223.4																																																																																																																																
202	iuo	Iuo	2	204	0	48							2	220.51	-2	196.85	-2	199.03	-2	196.11	-2	221.4																																																											2	134.77	2	131.39	2	133.68																																																																
206	yiA	uia	2	206	0	48			2	207.16	2	223.58	2	222.51							-2	219.4																																																													-2	129.39	-2	131.68																																																													-2	108.68	-2	111.84
207	oou	OOy	2	208	0	48	-2	177.17000000000002	-2	205.16	-2	221.58	-2	220.51					2	198.11	2	221.4																																																																																																																																
208	Io	iO	2	210	0	48	-2	175.17000000000002	-2	203.16	-2	219.58	-2	218.51	2	198.85	2	201.03	2	200.11	2	223.4																																																																																																																																
210	AA	aa	2	212	0	48			2	205.16	2	221.58	2	220.51							-2	221.4																																																																																																																																
211	Oiy	oiu	2	214	0	48	2	177.17000000000002	2	207.16	2	223.58	2	222.51					-2	198.11	-2	219.4																																																													-2	127.38999999999999	-2	129.68																																													-2	114.96000000000001	-2	110.87													-2	106.68	-2	109.84
212	aEI	Aei	2	216	0	48			-2	205.16	-2	221.58	-2	220.51	2	200.85	2	203.03	2	200.11	2	221.4																																																																																																																																
214	Iuu	iyy	2	218	0	48			-2	203.16	-2	219.58	-2	218.51	2	202.85	2	205.03	2	202.11	2	223.4																																																																																																																																
218	Ae	aE	2	220	0	48			2	205.16	2	221.58	2	220.51			-2	203.03	-2	200.11	-2	221.4																																																																																																																																
219	ooo	OOO	2	222	0	48	-2	175.17000000000002	-2	203.16	-2	219.58	-2	218.51					2	202.11	2	223.4																																																																																																																																
221	Oyi	oui	2	224	0	48	2	177.17000000000002	2	205.16	2	221.58	2	220.51					-2	200.11	-2	221.4																																																																																																															-2	108.87													-2	104.68	-2	107.84
223	Aua	AyA			2	50			-2	203.16	-2	219.58	-2	218.51							2	223.4																													2	152.0	2	152.0													2	152.0	2	152.0													2	129.39	2	131.68																																																																
229	Aee	aEE	2	226	0	50			2	205.16	2	221.58	2	220.51			-2	201.03	-2	198.11	-2	221.4																																																																																																																																
232	iua	iyA			2	52			-2	203.16	-2	219.58	-2	218.51							2	223.4																																																													2	131.39	2	133.68																																																																
234	IA	Ia			2	54			2	205.16	2	221.58	2	220.51							-2	221.4																																																																					2	152.0	2	152.0	2	152.0	2	152.0	2	143.02	2	137.7					2	152.0	2	152.0	2	152.0	2	152.0	2	134.9	2	130.24					2	152.0	2	152.0	2	152.0	2	152.0	2	116.96000000000001	2	110.87					2	152.0	2	152.0	2	152.0	2	152.0	2	106.68	2	109.84
235	OuE	Oye			2	56			-2	203.16	-2	219.58	-2	218.51			2	203.03	2	200.11	2	223.4							2	152.0			2	152.0	2	152.0	2	152.0							2	152.0			2	152.0	2	154.0	2	154.0							2	152.0			2	152.0	2	154.0	2	154.0							2	142.42			2	136.77	2	133.39	2	135.68																																																																
237	oOi	ooi			2	58	2	179.17000000000002	2	205.16	2	221.58	2	220.51					-2	198.11	-2	221.4																																																																																																	2	152.0	2	152.0	2	154.0	2	154.0	2	154.0	2	154.0			-2	108.87	2	152.0	2	152.0	2	154.0	2	154.0	2	154.0	2	154.0			-2	107.84
239	euE	eye			2	60			-2	203.16	-2	219.58	-2	218.51			2	205.03	2	200.11	2	223.4																																							2	154.0			2	154.0	2	156.0	2	156.0							2	144.42			2	138.77	2	135.39	2	137.68																																																																
240	Ey	Eu			2	62			2	205.16	2	221.58	2	220.51							-2	221.4																																																																																					2	154.0	2	154.0	2	154.0	2	154.0	2	136.9	2	132.24					2	156.0	2	156.0	2	156.0	2	156.0	2	118.96000000000001	2	110.87					2	156.0	2	156.0	2	156.0	2	156.0	2	108.68	2	109.84
242	ya	yA			2	64			-2	203.16	-2	219.58	-2	218.51							2	223.4																													2	156.0	2	156.0													2	158.0	2	158.0													2	137.39	2	139.68																																																																
243	EyA	Eua			2	66			2	205.16	2	221.58	2	220.51							-2	221.4																																																																																					2	156.0	2	156.0	2	156.0	2	156.0	2	138.9	2	134.24					2	158.0	2	158.0	2	158.0	2	158.0	2	120.96000000000001	2	112.87					2	158.0	2	158.0	2	158.0	2	158.0	2	110.68	2	111.84
246	AAO	aao	2	228	0	66	2	181.17000000000002	2	207.16	2	223.58	2	222.51					-2	198.11	-2	219.4																																																																																																																																
248	Aou	AOy			2	68	-2	179.17000000000002	-2	205.16	-2	221.58	-2	220.51					2	200.11	2	221.4																									2	152.0	2	154.0	2	158.0	2	158.0									2	152.0	2	156.0	2	160.0	2	160.0									2	141.65	2	140.77	2	139.39	2	141.68																																																																
255	IA	Ia			2	70			2	207.16	2	223.58	2	222.51							-2	219.4																																																																					2	154.0	2	154.0	2	154.0	2	154.0	2	145.02	2	139.7					2	158.0	2	158.0	2	158.0	2	158.0	2	140.9	2	136.24					2	160.0	2	160.0	2	160.0	2	160.0	2	122.96000000000001	2	114.87					2	160.0	2	160.0	2	160.0	2	160.0	2	112.68	2	113.84
256	yoI	yOi			2	72	-2	177.17000000000002	-2	205.16	-2	221.58	-2	220.51	2	204.85	2	207.03	2	202.11	2	221.4																			2	152.0			2	154.0	2	154.0	2	156.0	2	160.0	2	160.0			2	152.0			2	156.0	2	154.0	2	158.0	2	162.0	2	162.0			2	152.0			2	146.42	2	143.65	2	142.77	2	141.39	2	143.68																																																																
257	eaa	eAA			2	74			-2	203.16	-2	219.58	-2	218.51							2	223.4																																													2	164.0	2	164.0													2	143.39	2	145.68																																																																
259	EOA	Eoa			2	76	2	179.17000000000002	2	205.16	2	221.58	2	220.51					-2	200.11	-2	221.4																																																																																	2	152.0	2	152.0	2	160.0	2	160.0	2	160.0	2	160.0	2	142.9	2	138.24	2	154.0	2	154.0	2	162.0	2	162.0	2	162.0	2	162.0	2	124.96000000000001	2	116.87	2	154.0	2	154.0	2	162.0	2	162.0	2	162.0	2	162.0	2	114.68	2	115.84
260	Ei	ei	2	230	0	76					-2	219.58	-2	218.51			2	209.03	2	202.11	2	223.4																																																																																													2	144.9	2	140.24													2	126.96000000000001	2	118.87													2	116.68	2	117.84
262	EA	Ea			2	78			2	207.16	2	221.58	2	220.51							-2	221.4																																																																																					2	162.0	2	162.0	2	162.0	2	162.0	2	146.9	2	142.24					2	164.0	2	164.0	2	164.0	2	164.0	2	128.96	2	120.87					2	164.0	2	164.0	2	164.0	2	164.0	2	118.68	2	119.84
263	Ouo	OyO			2	80	-2	177.17000000000002	-2	205.16	-2	219.58	-2	218.51					2	204.11	2	223.4											2	154.0	2	154.0	2	154.0											2	158.0	2	162.0	2	162.0											2	160.0	2	166.0	2	166.0											2	144.77	2	145.39	2	147.68																																																																
265	uOe	uoE			2	82	2	179.17000000000002	2	207.16	2	221.58	2	220.51			-2	207.03	-2	202.11	-2	221.4																																																																																																																	2	156.0	2	156.0	2	166.0	2	166.0	2	166.0	2	166.0	2	120.68	2	121.84
266	uOy	uou			2	84	2	181.17000000000002	2	209.16	2	223.58	2	222.51					-2	200.11	-2	219.4																																																																																																																	2	158.0	2	158.0	2	168.0	2	168.0	2	168.0	2	168.0	2	122.68	2	123.84
267	AIa	AiA			2	86			-2	207.16	-2	221.58	-2	220.51	2	206.85	2	209.03	2	202.11	2	221.4																	2	152.0	2	154.0	2	152.0	2	156.0	2	156.0	2	160.0	2	164.0	2	164.0	2	152.0	2	154.0	2	152.0	2	158.0	2	156.0	2	162.0	2	168.0	2	168.0	2	152.0	2	154.0	2	143.89	2	148.42	2	145.65	2	146.77	2	147.39	2	149.68																																																																
269	yE	ye			2	88					-2	219.58	-2	218.51			2	211.03	2	204.11	2	223.4																					2	154.0	2	158.0	2	158.0	2	162.0	2	166.0	2	166.0					2	154.0	2	160.0	2	158.0	2	164.0	2	170.0	2	170.0					2	145.89	2	150.42	2	147.65	2	148.77	2	149.39	2	151.68																																																																
272	iAy	iau			2	90			2	209.16	2	221.58	2	220.51							-2	221.4																																																													-2	147.39	-2	149.68																																																																
274	eoo	eOO			2	92	-2	179.17000000000002	-2	207.16	-2	219.58	-2	218.51					2	206.11	2	223.4																																									2	160.0	2	166.0	2	172.0	2	172.0									2	149.65	2	150.77	2	149.39	2	151.68																																																																
275	yaE	yAe			2	94			-2	205.16	-2	217.58	-2	216.51			2	213.03	2	208.11	2	225.4																							2	160.0			2	164.0	2	168.0	2	168.0							2	162.0			2	168.0	2	174.0	2	174.0							2	152.42			2	152.77	2	151.39	2	153.68																																																																
276	IOi	Ioi			2	96	2	181.17000000000002	2	207.16	2	219.58	2	218.51					-2	206.11	-2	223.4																																																																	2	152.0	2	152.0	2	156.0	2	156.0	2	156.0	2	156.0	2	147.02			2	154.0	2	154.0	2	164.0	2	164.0	2	164.0	2	164.0	2	148.9			2	156.0	2	156.0	2	166.0	2	166.0	2	166.0	2	166.0			-2	118.87	2	160.0	2	160.0	2	170.0	2	170.0	2	170.0	2	170.0			-2	121.84
279	eiu	eiy			2	98			-2	205.16	-2	217.58	-2	216.51							2	225.4																																															2	176.0													2	153.39	2	155.68																																																																
281	uey	uEu			2	100			2	207.16	2	219.58	2	218.51			-2	211.03	-2	204.11	-2	223.4																																																																																																																							2	172.0	2	172.0	2	172.0	2	124.68	2	123.84
283	uy	uu			2	102			2	209.16	2	221.58	2	220.51							-2	221.4																																																																																																																					2	172.0	2	174.0	2	174.0	2	174.0	2	126.68	2	125.84
285	oIE	oiE			2	104							-2	218.51	2	208.85	2	213.03	2	206.11	2	223.4																																																					-2	143.89	-2	150.42	-2	147.65	-2	150.77	-2	151.39	-2	153.68																																													-2	126.96000000000001	-2	116.87													-2	124.68	-2	123.84
290	aiA	aia			2	106			2	211.16	2	223.58	2	220.51							-2	221.4																																																													-2	149.39	-2	151.68																																																							2	176.0			2	176.0				
291	aEI	aEi			2	108							-2	218.51	2	210.85	2	215.03	2	208.11	2	223.4																																																																																													-2	146.9	-2	140.24													-2	124.96000000000001	-2	114.87													-2	122.68	-2	121.84
292	eEo	eeO			2	110	-2	179.17000000000002	-2	209.16	-2	221.58	-2	216.51			2	217.03	2	210.11	2	225.4																																					2	156.0	2	164.0	2	162.0	2	170.0	2	176.0	2	178.0					2	145.89	2	152.42	2	149.65	2	152.77	2	151.39	2	153.68																																																																
293	EOi	Eoi			2	112	2	181.17000000000002	2	211.16	2	223.58	2	218.51					-2	208.11	-2	223.4																																																																																	2	156.0	2	156.0	2	166.0	2	166.0	2	166.0	2	166.0	2	148.9			2	158.0	2	158.0	2	168.0	2	168.0	2	168.0	2	168.0			-2	112.87	2	162.0	2	162.0	2	174.0	2	178.0	2	176.0	2	178.0			-2	119.84
295	oee	oEE			2	114					2	225.58	2	220.51			-2	215.03	-2	206.11	-2	221.4																																																																																																									2	170.0	2	170.0	2	126.96000000000001	2	114.87									2	178.0	2	180.0	2	124.68	2	121.84
296	yEo	yeO			2	116	-2	179.17000000000002	-2	209.16	-2	223.58	-2	218.51			2	217.03	2	208.11	2	223.4																					2	156.0	2	162.0	2	160.0	2	166.0	2	170.0	2	170.0					2	158.0	2	166.0	2	164.0	2	172.0	2	178.0	2	180.0					2	147.89	2	154.42	2	151.65	2	154.77	2	153.39	2	155.68																																																																
308	Ao	AO			2	118	-2	177.17000000000002	-2	207.16	-2	221.58	-2	216.51					2	210.11	2	225.4																									2	162.0	2	168.0	2	172.0	2	172.0									2	166.0	2	174.0	2	180.0	2	182.0									2	153.65	2	156.77	2	155.39	2	157.68																																																																
309	ueA	uEa			2	120			2	209.16	2	223.58	2	218.51			-2	215.03	-2	208.11	-2	223.4																																																																																																																							2	180.0	2	180.0	2	182.0	2	126.68	2	123.84
313	oAi	oai			2	122			2	211.16	2	225.58	2	220.51							-2	221.4																																																																																																					2	170.0	2	170.0	2	172.0	2	172.0	2	128.96							2	176.0	2	182.0	2	182.0	2	184.0			-2	121.84
318	oaI	oai			2	124							-2	218.51	2	212.85	2	217.03	2	210.11	2	223.4																																																																																																															-2	112.87													-2	124.68	-2	119.84
327	uiy	uiu			2	126			2	213.16	2	227.58	2	220.51							-2	221.4																																																													-2	153.39	-2	155.68																																																							2	184.0			2	186.0				
329	yu	yy			2	128			-2	211.16	-2	225.58	-2	218.51							2	223.4																													2	174.0	2	174.0													2	182.0	2	184.0													2	155.39	2	157.68																																																																
330	aee	aEE			2	130					2	227.58	2	220.51			-2	215.03	-2	208.11	-2	221.4																																																																																																																									2	184.0	2	188.0	2	126.68	2	121.84
331	Oao	OAO			2	132	-2	175.17000000000002	-2	209.16	-2	225.58	-2	218.51					2	210.11	2	223.4											2	156.0	2	156.0	2	156.0											2	170.0	2	176.0	2	176.0											2	176.0	2	184.0	2	186.0											2	158.77	2	157.39	2	159.68																																																																
332	Ao	AO			2	134	-2	173.17000000000002	-2	207.16	-2	223.58	-2	216.51					2	212.11	2	225.4																									2	164.0	2	172.0	2	178.0	2	178.0									2	168.0	2	178.0	2	186.0	2	188.0									2	155.65	2	160.77	2	159.39	2	161.68																																																																
337	yuu	yyy			2	136			-2	205.16	-2	221.58	-2	214.51							2	227.4																													2	180.0	2	180.0													2	188.0	2	190.0													2	161.39	2	163.68																																																																
338	aeO	aEo			2	138	2	175.17000000000002	2	207.16	2	223.58	2	216.51			-2	213.03	-2	210.11	-2	225.4																																																																																																																			2	164.0			2	186.0	2	186.0	2	190.0	2	128.68	2	123.84
339	iai	iAi			2	140			-2	205.16	-2	221.58	-2	214.51							2	227.4																																																													2	163.39	2	165.68																																																													2	130.68	2	125.84
340	yei	uEi	2	232	0	140			2	207.16	2	223.58	2	216.51			-2	211.03	-2	208.11	-2	225.4																																																																																													-2	146.9	-2	138.24													-2	126.96000000000001	-2	110.87													-2	128.68	-2	123.84
342	IOy	Iou			2	142	2	177.17000000000002	2	209.16	2	225.58	2	218.51					-2	206.11	-2	223.4																																																																	2	154.0	2	154.0	2	158.0	2	158.0	2	158.0	2	158.0	2	149.02	2	141.7	2	158.0	2	158.0	2	168.0	2	168.0	2	168.0	2	168.0	2	148.9	2	140.24	2	160.0	2	160.0	2	172.0	2	172.0	2	174.0	2	174.0	2	128.96	2	112.87	2	164.0	2	166.0	2	178.0	2	188.0	2	188.0	2	192.0	2	130.68	2	125.84
344	Auu	Ayy			2	144			-2	207.16	-2	223.58	-2	216.51							2	225.4																													2	182.0	2	182.0													2	190.0	2	192.0													2	165.39	2	167.68																																																																
350	Iyi	Iui			2	146			2	209.16	2	225.58	2	218.51							-2	223.4																																																																					2	160.0	2	160.0	2	160.0	2	160.0	2	151.02							2	170.0	2	170.0	2	170.0	2	170.0	2	150.9							2	174.0	2	174.0	2	176.0	2	176.0	2	130.96							2	180.0	2	190.0	2	190.0	2	194.0			-2	123.84
353	ioE	iOe			2	148	-2	175.17000000000002	-2	207.16	-2	223.58	-2	216.51			2	213.03	2	208.11	2	225.4																																																							2	156.42	2	157.65	2	162.77	2	167.39	2	169.68																																																																
357	oOy	oou			2	150	2	177.17000000000002	2	209.16	2	225.58	2	218.51					-2	206.11	-2	223.4																																																																																																	2	162.0	2	162.0	2	176.0	2	176.0	2	178.0	2	178.0	2	132.96	2	114.87	2	166.0	2	168.0	2	182.0	2	192.0	2	192.0	2	196.0	2	132.68	2	125.84
359	iu	iy			2	152			-2	207.16	-2	223.58	-2	216.51							2	225.4																																																													2	169.39	2	171.68																																																																
366	iyA	iua			2	154			2	209.16	2	225.58	2	218.51							-2	223.4																																																													-2	167.39	-2	169.68																																																																
367	iey	iEu			2	156			2	211.16	2	227.58	2	220.51			-2	211.03	-2	204.11	-2	221.4																																																					-2	145.89	-2	154.42	-2	155.65	-2	160.77	-2	165.39	-2	167.68																																																																
371	yaE	yAe			2	158			-2	209.16	-2	225.58	-2	218.51			2	213.03	2	206.11	2	223.4																							2	164.0			2	174.0	2	184.0	2	184.0							2	168.0			2	180.0	2	192.0	2	194.0							2	156.42			2	162.77	2	167.39	2	169.68																																																																
375	oA	oa			2	160			2	211.16	2	227.58	2	220.51							-2	221.4																																																																																																					2	178.0	2	178.0	2	180.0	2	180.0	2	134.96	2	116.87					2	184.0	2	194.0	2	194.0	2	198.0	2	134.68	2	127.84
379	eIa	eiA			2	162			-2	209.16	-2	225.58	-2	218.51	2	214.85	2	215.03	2	208.11	2	223.4																																	2	154.0	2	156.0	2	160.0	2	170.0	2	170.0	2	182.0	2	194.0	2	196.0	2	154.0	2	156.0	2	147.89	2	158.42	2	157.65	2	164.77	2	169.39	2	171.68																																																																
384	OaE	OAe			2	164			-2	207.16	-2	223.58	-2	216.51			2	217.03	2	210.11	2	225.4							2	154.0			2	158.0	2	158.0	2	158.0							2	166.0			2	176.0	2	186.0	2	186.0							2	172.0			2	184.0	2	196.0	2	198.0							2	160.42			2	166.77	2	171.39	2	173.68																																																																
386	EiO	Eio			2	166	2	179.17000000000002	2	209.16	2	225.58	2	218.51					-2	208.11	-2	223.4																																																									-2	155.65	-2	164.77	-2	169.39	-2	171.68																			2	160.0			2	172.0			2	172.0							2	164.0			2	180.0			2	182.0							2	170.0			2	196.0			2	200.0				
387	aie	aiE			2	168					2	227.58	2	220.51			-2	215.03	-2	206.11	-2	221.4																																																					-2	145.89	-2	158.42	-2	153.65	-2	162.77	-2	167.39	-2	169.68																																																											2	202.0				
388	Ooo	OOO			2	170	-2	177.17000000000002	-2	207.16	-2	225.58	-2	218.51					2	208.11	2	223.4									2	152.0	2	160.0	2	160.0	2	160.0									2	166.0	2	178.0	2	188.0	2	188.0									2	172.0	2	186.0	2	198.0	2	200.0									2	155.65	2	164.77	2	169.39	2	171.68																																																																
390	yEu	yey			2	172			-2	205.16	-2	223.58	-2	216.51			2	217.03	2	210.11	2	225.4																					2	158.0	2	168.0	2	168.0	2	180.0	2	190.0	2	190.0					2	162.0	2	174.0	2	174.0	2	188.0	2	200.0	2	202.0					2	147.89	2	160.42	2	157.65	2	166.77	2	171.39	2	173.68																																																																
392	IAe	IaE			2	174			2	207.16	2	225.58	2	218.51			-2	215.03	-2	208.11	-2	223.4																																																																					2	162.0	2	162.0	2	162.0	2	162.0	2	153.02	2	143.7					2	172.0	2	174.0	2	172.0	2	174.0	2	152.9	2	142.24					2	180.0	2	182.0	2	182.0	2	184.0	2	136.96	2	118.87					2	186.0	2	198.0	2	196.0	2	204.0	2	136.68	2	129.84
395	EA	Ea			2	176			2	209.16	2	227.58	2	220.51							-2	221.4																																																																																					2	174.0	2	176.0	2	174.0	2	176.0	2	154.9	2	144.24					2	182.0	2	184.0	2	184.0	2	186.0	2	138.96	2	120.87					2	188.0	2	200.0	2	198.0	2	206.0	2	138.68	2	131.84
396	aau	AAy	2	234	0	176			-2	207.16	-2	225.58	-2	218.51							2	223.4																																																																																																																																
397	AuE	Aye			2	178			-2	205.16	-2	223.58	-2	216.51			2	217.03	2	210.11	2	225.4																							2	170.0			2	182.0	2	192.0	2	192.0							2	176.0			2	190.0	2	202.0	2	204.0							2	162.42			2	168.77	2	173.39	2	175.68																																																																
398	IyO	Iuo			2	180	2	179.17000000000002	2	207.16	2	225.58	2	218.51					-2	208.11	-2	223.4																																																																			2	156.0	2	164.0	2	164.0	2	164.0	2	164.0	2	155.02	2	145.7			2	162.0	2	176.0	2	178.0	2	176.0	2	178.0	2	156.9	2	146.24			2	166.0	2	184.0	2	186.0	2	186.0	2	188.0	2	140.96	2	122.87			2	172.0	2	190.0	2	202.0	2	200.0	2	208.0	2	140.68	2	133.84
409	eiu	eiy			2	182			-2	205.16	-2	223.58	-2	216.51							2	225.4																																															2	206.0													2	175.39	2	177.68																																																																
414	Ouo	OyO			2	184	-2	177.17000000000002	-2	203.16	-2	221.58	-2	214.51					2	210.11	2	227.4											2	162.0	2	162.0	2	162.0											2	184.0	2	194.0	2	194.0											2	192.0	2	204.0	2	208.0											2	170.77	2	177.39	2	179.68																																																																
418	iyA	iua			2	186			2	205.16	2	223.58	2	216.51							-2	225.4																																																													-2	175.39	-2	177.68																																																																
419	iie	iiE			2	188					2	225.58	2	218.51			-2	215.03	-2	208.11	-2	223.4																																																					-2	145.89	-2	160.42	-2	155.65	-2	168.77	-2	173.39	-2	175.68																																																																
420	iO	io			2	190	2	179.17000000000002	2	207.16	2	227.58	2	220.51					-2	206.11	-2	221.4																																																									-2	153.65	-2	166.77	-2	171.39	-2	173.68																																																																
421	eu	ey			2	192			-2	205.16	-2	225.58	-2	218.51							2	223.4																																													2	206.0	2	210.0													2	173.39	2	175.68																																																																
422	OEE	Oee			2	194					-2	223.58	-2	216.51			2	217.03	2	208.11	2	225.4					2	152.0	2	156.0	2	154.0	2	164.0	2	164.0	2	164.0					2	160.0	2	172.0	2	170.0	2	186.0	2	196.0	2	196.0					2	164.0	2	178.0	2	176.0	2	194.0	2	208.0	2	212.0					2	147.89	2	162.42	2	155.65	2	168.77	2	175.39	2	177.68																																																																
423	iyO	iuo			2	196	2	181.17000000000002	2	207.16	2	225.58	2	218.51					-2	206.11	-2	223.4																																																											-2	166.77	-2	173.39	-2	175.68																																																																
424	eua	eyA			2	198			-2	205.16	-2	223.58	-2	216.51							2	225.4																																													2	210.0	2	214.0													2	175.39	2	177.68																																																																
427	IiO	Iio			2	200	2	183.17000000000002	2	207.16	2	225.58	2	218.51					-2	204.11	-2	223.4																																																									-2	153.65	-2	164.77	-2	173.39	-2	175.68			2	158.0			2	166.0			2	166.0							2	164.0			2	180.0			2	180.0							2	168.0			2	188.0			2	190.0							2	174.0			2	204.0			2	210.0				
428	uOA	uoa			2	202	2	185.17000000000002	2	209.16	2	227.58	2	220.51					-2	202.11	-2	221.4																																																																																																																	2	168.0	2	176.0	2	192.0	2	206.0	2	202.0	2	212.0	2	142.68	2	135.84
432	Aoo	AOO			2	204	-2	183.17000000000002	-2	207.16	-2	225.58	-2	218.51					2	204.11	2	223.4																									2	172.0	2	188.0	2	198.0	2	198.0									2	178.0	2	196.0	2	212.0	2	216.0									2	155.65	2	166.77	2	175.39	2	177.68																																																																
434	OEu	Oey			2	206			-2	205.16	-2	223.58	-2	216.51			2	219.03	2	206.11	2	225.4					2	154.0	2	158.0	2	156.0	2	166.0	2	166.0	2	166.0					2	162.0	2	174.0	2	174.0	2	190.0	2	200.0	2	200.0					2	166.0	2	180.0	2	180.0	2	198.0	2	214.0	2	218.0					2	149.89	2	164.42	2	157.65	2	168.77	2	177.39	2	179.68																																																																
435	uyy	uuu			2	208			2	207.16	2	225.58	2	218.51							-2	223.4																																																																																																																					2	194.0	2	208.0	2	204.0	2	214.0	2	144.68	2	137.84
436	Aui	Ayi			2	210			-2	205.16	-2	223.58	-2	216.51							2	225.4																													2	202.0	2	202.0													2	216.0	2	220.0													2	179.39	2	181.68																																																													2	146.68	2	139.84
437	oey	oEu			2	212			2	207.16	2	225.58	2	218.51			-2	217.03	-2	204.11	-2	223.4																																																																																																							2	190.0	2	188.0	2	192.0	2	142.96	2	124.87							2	210.0	2	206.0	2	216.0	2	148.68	2	141.84
439	Aio	AiO			2	214	-2	181.17000000000002	-2	205.16	-2	223.58	-2	216.51					2	206.11	2	225.4																											2	192.0			2	204.0											2	200.0			2	222.0									2	159.65	2	170.77	2	181.39	2	183.68																																																																
440	Ie	IE			2	216					2	225.58	2	218.51			-2	215.03	-2	204.11	-2	223.4																																																																									2	166.0	2	168.0	2	157.02	2	147.7									2	178.0	2	182.0	2	158.9	2	148.24									2	190.0	2	194.0	2	144.96	2	126.87									2	208.0	2	218.0	2	150.68	2	143.84
442	aAe	aaE			2	218			2	207.16	2	227.58	2	220.51			-2	213.03	-2	202.11	-2	221.4																																																																																																																					2	196.0	2	212.0	2	210.0	2	220.0	2	152.68	2	145.84
443	Oou	OOy			2	220	-2	179.17000000000002	-2	205.16	-2	225.58	-2	218.51					2	204.11	2	223.4									2	158.0	2	168.0	2	168.0	2	168.0									2	176.0	2	194.0	2	204.0	2	206.0									2	182.0	2	202.0	2	218.0	2	224.0									2	161.65	2	172.77	2	183.39	2	185.68																																																																
447	yoa	yOA			2	222	-2	177.17000000000002	-2	203.16	-2	223.58	-2	216.51					2	206.11	2	225.4																									2	178.0	2	196.0	2	206.0	2	208.0									2	184.0	2	204.0	2	220.0	2	226.0									2	163.65	2	174.77	2	185.39	2	187.68																																																																
449	iiA	iia			2	224			2	205.16	2	225.58	2	218.51							-2	223.4																																																													-2	183.39	-2	185.68																																																																
452	Auu	Ayy			2	226			-2	203.16	-2	223.58	-2	216.51							2	225.4																													2	208.0	2	210.0													2	222.0	2	228.0													2	185.39	2	187.68																																																																
459	aie	aiE			2	228					2	225.58	2	218.51			-2	211.03	-2	204.11	-2	223.4																																																					-2	147.89	-2	162.42	-2	161.65	-2	172.77	-2	183.39	-2	185.68																																																											2	222.0				
489	Auo	AyO			2	230	-2	175.17000000000002	-2	201.16	-2	223.58	-2	216.51					2	206.11	2	225.4																											2	198.0	2	210.0	2	212.0											2	206.0	2	224.0	2	230.0											2	174.77	2	185.39	2	187.68																																																																
500	aOi	aoi			2	232	2	177.17000000000002	2	203.16	2	225.58	2	218.51					-2	204.11	-2	223.4																																																																																																													-2	142.96	-2	124.87	2	170.0	2	178.0	2	198.0	2	214.0	2	212.0	2	224.0			-2	143.84
922	iEu	iey			2	234			-2	201.16	-2	223.58	-2	216.51			2	213.03	2	206.11	2	225.4																																																					2	149.89	2	164.42	2	163.65	2	176.77	2	187.39	2	189.68																																																																
2050	IOO	Ioo			2	236	2	179.17000000000002	2	203.16	2	225.58	2	218.51					-2	204.11	-2	223.4																																																																	2	156.0	2	160.0	2	166.0	2	168.0	2	168.0	2	170.0	2	159.02	2	149.7	2	160.0	2	166.0	2	178.0	2	182.0	2	180.0	2	184.0	2	160.9	2	150.24	2	164.0	2	170.0	2	186.0	2	192.0	2	192.0	2	196.0	2	144.96	2	126.87	2	172.0	2	180.0	2	200.0	2	216.0	2	214.0	2	226.0	2	154.68	2	145.84
TOTAL				234		236		179.17000000000002		203.16		225.58		218.51		214.85		213.03		204.11		223.4		150.0		150.0		154.0		158.0		158.0		168.0		168.0		168.0		152.0		154.0		162.0		174.0		178.0		198.0		210.0		212.0		154.0		156.0		166.0		180.0		184.0		206.0		224.0		230.0		154.0		156.0		149.89		164.42		163.65		176.77		187.39		189.68		156.0		160.0		166.0		168.0		168.0		170.0		159.02		149.7		160.0		166.0		178.0		182.0		180.0		184.0		160.9		150.24		164.0		170.0		186.0		192.0		192.0		196.0		144.96		126.87		172.0		180.0		200.0		216.0		214.0		226.0		154.68		145.84
