trialnum	Generated	Heard	Id(Bk)Syl1	now	Id(Bk)	now	*F1	now	*F3	now	*F4	now	*F5	now	*B1	now	*B2	now	*B3	now	*B5	now	*F1_B1	now	*F1..._B1	now	*F1_B2	now	*F1..._B2	now	*F1_B3	now	*F1..._B3	now	*F1_B5	now	*F1..._B5	now	*F3_B1	now	*F3..._B1	now	*F3_B2	now	*F3..._B2	now	*F3_B3	now	*F3..._B3	now	*F3_B5	now	*F3..._B5	now	*F4_B1	now	*F4..._B1	now	*F4_B2	now	*F4..._B2	now	*F4_B3	now	*F4..._B3	now	*F4_B5	now	*F4..._B5	now	*F5_B1	now	*F5..._B1	now	*F5_B2	now	*F5..._B2	now	*F5_B3	now	*F5..._B3	now	*F5_B5	now	*F5..._B5	now	*_B1F1	now	*_B1...F1	now	*_B1F3	now	*_B1...F3	now	*_B1F4	now	*_B1...F4	now	*_B1F5	now	*_B1...F5	now	*_B2F1	now	*_B2...F1	now	*_B2F3	now	*_B2...F3	now	*_B2F4	now	*_B2...F4	now	*_B2F5	now	*_B2...F5	now	*_B3F1	now	*_B3...F1	now	*_B3F3	now	*_B3...F3	now	*_B3F4	now	*_B3...F4	now	*_B3F5	now	*_B3...F5	now	*_B5F1	now	*_B5...F1	now	*_B5F3	now	*_B5...F3	now	*_B5F4	now	*_B5...F4	now	*_B5F5	now	*_B5...F5	now
				0		0		115.31		144.84		171.72		198.5		100.0		100.0		115.26		143.67		100.0		100.0		100.0		100.0		100.0		100.0		100.0		100.0		100.0		100.0		100.0		100.0		100.0		100.0		100.0		100.0		100.0		100.0		100.0		100.0		102.11		102.79		106.03		108.01		100.0		100.0		100.0		100.0		104.06		105.13		111.52		114.44		100.0		100.0		100.0		100.0		100.0		100.0		100.0		100.0		100.0		100.0		100.0		100.0		100.0		100.0		100.0		100.0		100.0		100.0		100.0		100.0		102.12		102.83		104.0		105.05		100.0		100.0		100.0		100.0		105.92		108.12		111.71		114.9
1	oIE	oie			2	2					-2	169.72	-2	196.5	2	102.0	2	102.0	2	117.26	2	145.67																																																																																																											-2	100.83	-2	102.0	-2	103.05											-2	106.12	-2	109.71	-2	112.9
1	Apriori	Id(Bk)Syl1>>Id(Bk)	2	2																																																																																																																																																			
2	IIo	iiO	2	4	2	4	-2	113.31	-2	142.84	-2	167.72	-2	194.5	2	104.0	2	104.0	2	119.26	2	147.67																																																																																																																																
5	IEo	ieO	2	6	2	6	-2	111.31	-2	140.84	-2	165.72	-2	192.5	2	106.0	2	106.0	2	121.26	2	149.67																																																																																																																																
7	aou	AOy	2	8	2	8	-2	109.31	-2	138.84	-2	163.72	-2	190.5					2	123.26	2	151.67																																																																																																																																
9	IuE	iye	2	10	2	10			-2	136.84	-2	161.72	-2	188.5	2	108.0	2	108.0	2	125.26	2	153.67																																																																																																																																
10	oEo	OeO	2	12	2	12	-2	107.31	-2	134.84	-2	159.72	-2	186.5			2	110.0	2	127.26	2	155.67																																																																																																																																
12	uEE	yee	2	14	2	14			-2	132.84	-2	157.72	-2	184.5			2	112.0	2	129.26	2	157.67																																																																																																																																
14	oIa	OiA	2	16	2	16	-2	105.31	-2	130.84	-2	155.72	-2	182.5	2	110.0	2	114.0	2	131.26	2	159.67																																																																																																																																
15	II	ii	2	18	2	18							-2	180.5	2	112.0	2	116.0	2	133.26	2	161.67																																																																																																																																
16	ao	AO	2	20	2	20	-2	103.31	-2	128.84	-2	153.72	-2	178.5					2	135.26	2	163.67																																																																																																																																
17	auE	Aye	2	22	2	22			-2	126.84	-2	151.72	-2	176.5			2	118.0	2	137.26	2	165.67																																																																																																																																
18	Io	iO	2	24	2	24	-2	101.31	-2	124.84	-2	149.72	-2	174.5	2	114.0	2	120.0	2	139.26	2	167.67																																																																																																																																
19	OO	oo	2	26	2	26	2	103.31	2	126.84	2	151.72	2	176.5					-2	137.26	-2	165.67																																																																																																																																
20	Iuu	iyy	2	28	2	28			-2	124.84	-2	149.72	-2	174.5	2	116.0	2	122.0	2	139.26	2	167.67																																																																																																																																
21	aoa	AOA	2	30	2	30	-2	101.31	-2	122.84	-2	147.72	-2	172.5					2	141.26	2	169.67																																																																																																																																
22	Io	iO	2	32	2	32	-2	99.31	-2	120.84	-2	145.72	-2	170.5	2	118.0	2	124.0	2	143.26	2	171.67																																																																																																																																
25	EuI	eyi	2	34	2	34			-2	118.84	-2	143.72	-2	168.5	2	120.0	2	126.0	2	145.26	2	173.67																																																																																																																																
31	Oye	oue	2	36	2	36	2	101.31	2	120.84	2	145.72	2	170.5					-2	143.26	-2	171.67																																																																																																											-2	98.83			-2	101.05									-2	103.92	-2	104.12	-2	107.71	-2	110.9
32	OeO	oeo	2	38	2	38	2	103.31	2	122.84	2	147.72	2	172.5					-2	141.26	-2	169.67																																									-2	100.11	-2	100.79	-2	104.03	-2	106.01									-2	102.06	-2	103.13	-2	109.52	-2	112.44																																									-2	100.12	-2	96.83	-2	100.0	-2	99.05									-2	101.92	-2	102.12	-2	105.71	-2	108.9
33	uaE	uae			2	40					-2	145.72	-2	170.5			2	128.0	2	143.26	2	171.67																																																																																																																									-2	99.92	-2	100.12	-2	103.71	-2	106.9
33	Apriori	Id(Bk)Syl1>>Id(Bk)	2	40																																																																																																																																																			
34	eiA	eia			2	42			2	124.84	2	147.72	2	172.5							-2	169.67																																															-2	104.01													-2	107.52	-2	110.44																																																																
34	Apriori	Id(Bk)Syl1>>Id(Bk)	2	42																																																																																																																																																			
35	eAO	eao			2	44	2	105.31	2	126.84	2	149.72	2	174.5					-2	141.26	-2	167.67																																											-2	98.79	-2	102.03	-2	102.01											-2	101.13	-2	105.52	-2	108.44																																																																
35	Apriori	Id(Bk)Syl1>>Id(Bk)	2	44																																																																																																																																																			
36	IIE	iie	2	46	2	46					-2	147.72	-2	172.5	2	122.0	2	130.0	2	143.26	2	169.67																																																																																																																																
37	AOy	aou	2	48	2	48	2	107.31	2	128.84	2	149.72	2	174.5					-2	141.26	-2	167.67																																																																																																																																
38	uoE	yOe	2	50	2	50	-2	105.31	-2	126.84	-2	147.72	-2	172.5			2	132.0	2	143.26	2	169.67																																																																																																																																
41	Iuo	iuo	2	52	2	52							-2	170.5	2	124.0	2	134.0	2	145.26	2	171.67																																																											-2	99.13	-2	103.52	-2	106.44																																																																
42	iiA	iia			2	54			2	128.84	2	149.72	2	172.5							-2	169.67																																																													-2	101.52	-2	104.44																																																																
42	Apriori	Id(Bk)Syl1>>Id(Bk)	2	54																																																																																																																																																			
43	uuI	uui			2	56							-2	170.5	2	126.0	2	136.0	2	147.26	2	171.67																																																																																																																													-2	101.71	-2	104.9
43	Apriori	Id(Bk)Syl1>>Id(Bk)	2	56																																																																																																																																																			
44	EIa	eia	2	58	2	58					-2	147.72	-2	168.5	2	128.0	2	138.0	2	149.26	2	173.67																																															-2	100.01													-2	99.52	-2	102.44																																																																
49	yi	ui	2	60	2	60			2	130.84	2	149.72	2	170.5							-2	171.67																																																																																																																													-2	99.71	-2	102.9
50	yyA	uua	2	62	2	62			2	132.84	2	151.72	2	172.5							-2	169.67																																																																																																																																
51	EaI	eAi	2	64	2	64			-2	130.84	-2	149.72	-2	170.5	2	130.0	2	140.0	2	151.26	2	171.67																																																																																																																																
53	aoa	AOA	2	66	2	66	-2	103.31	-2	128.84	-2	147.72	-2	168.5					2	153.26	2	173.67																																																																																																																																
57	Oyy	ouu	2	68	2	68	2	105.31	2	130.84	2	149.72	2	170.5					-2	151.26	-2	171.67																																																																																																																																
58	eye	eue			2	70			2	132.84	2	151.72	2	172.5							-2	169.67																																													-2	100.03	-2	98.01													-2	97.52	-2	100.44																																																									-2	97.92	-2	98.12	-2	97.71	-2	100.9
58	Apriori	Id(Bk)Syl1>>Id(Bk)	2	70																																																																																																																																																			
59	oaE	oae			2	72					-2	149.72	-2	170.5			2	142.0	2	153.26	2	171.67																																																																																																											-2	94.83			-2	97.05									-2	95.92	-2	96.12	-2	95.71	-2	98.9
59	Apriori	Id(Bk)Syl1>>Id(Bk)	2	72																																																																																																																																																			
60	Ioo	ioo	2	74	2	74							-2	168.5	2	132.0	2	144.0	2	155.26	2	173.67																																																									-2	100.06	-2	97.13	-2	95.52	-2	98.44																																																																
62	Ai	ai	2	76	2	76			2	134.84	2	151.72	2	170.5							-2	171.67																																																																																																																													-2	93.71	-2	96.9
64	uEu	ueu			2	78					-2	149.72	-2	168.5			2	146.0	2	157.26	2	173.67																																													-2	98.03	-2	96.01													-2	93.52	-2	96.44																																																									-2	93.92	-2	94.12	-2	91.71	-2	94.9
64	Apriori	Id(Bk)Syl1>>Id(Bk)	2	78																																																																																																																																																			
68	Oee	oee	2	80	2	80	2	107.31	2	136.84	2	151.72	2	170.5					-2	155.26	-2	171.67																																																																																																									-2	98.12	-2	92.83	-2	98.0	-2	95.05									-2	91.92	-2	92.12	-2	89.71	-2	92.9
70	AOO	aoo	2	82	2	82	2	109.31	2	138.84	2	153.72	2	172.5					-2	153.26	-2	169.67																																																																																																																																
71	EEa	eeA	2	84	2	84			-2	136.84	-2	151.72	-2	170.5			2	148.0	2	155.26	2	171.67																																																																																																																																
72	Oey	oeu	2	86	2	86	2	111.31	2	138.84	2	153.72	2	172.5					-2	153.26	-2	169.67																																													-2	96.03	-2	94.01													-2	91.52	-2	94.44																																									-2	96.12	-2	90.83	-2	96.0	-2	93.05									-2	89.92	-2	90.12	-2	87.71	-2	90.9
75	auI	Ayi	2	88	2	88			-2	136.84	-2	151.72	-2	170.5	2	134.0	2	150.0	2	155.26	2	171.67																																																																																																																																
77	ye	ue	2	90	2	90			2	138.84	2	153.72	2	172.5							-2	169.67																																																																																																																									-2	87.92	-2	88.12	-2	85.71	-2	88.9
79	IIa	iiA	2	92	2	92			-2	136.84	-2	151.72	-2	170.5	2	136.0	2	152.0	2	157.26	2	171.67																																																																																																																																
80	iyy	iuu			2	94			2	138.84	2	153.72	2	172.5							-2	169.67																																																													-2	89.52	-2	92.44																																																																
80	Apriori	Id(Bk)Syl1>>Id(Bk)	2	94																																																																																																																																																			
81	aao	AAO	2	96	2	96	-2	109.31	-2	136.84	-2	151.72	-2	170.5					2	159.26	2	171.67																																																																																																																																
82	uEu	yey	2	98	2	98			-2	134.84	-2	149.72	-2	168.5			2	154.0	2	161.26	2	173.67																																																																																																																																
89	AAe	aae	2	100	2	100			2	136.84	2	151.72	2	170.5							-2	171.67																																																																																																																									-2	85.92	-2	86.12	-2	83.71	-2	86.9
90	IEa	iea	2	102	2	102					-2	149.72	-2	168.5	2	138.0	2	156.0	2	163.26	2	173.67																																													-2	94.03	-2	92.01													-2	87.52	-2	90.44																																																																
91	iOO	ioo			2	104	2	111.31	2	138.84	2	151.72	2	170.5					-2	161.26	-2	171.67																																																									-2	98.06	-2	95.13	-2	85.52	-2	88.44																																																																
91	Apriori	Id(Bk)Syl1>>Id(Bk)	2	104																																																																																																																																																			
92	AOe	aoe	2	106	2	106	2	113.31	2	140.84	2	153.72	2	172.5					-2	159.26	-2	169.67																																																																																																									-2	94.12	-2	88.83	-2	94.0	-2	91.05									-2	83.92	-2	84.12	-2	81.71	-2	84.9
93	aou	AOy	2	108	2	108	-2	111.31	-2	138.84	-2	151.72	-2	170.5					2	161.26	2	171.67																																																																																																																																
94	OiA	oia	2	110	2	110	2	113.31	2	140.84	2	153.72	2	172.5					-2	159.26	-2	169.67																																																													-2	83.52	-2	86.44																																													-2	92.0	-2	89.05													-2	79.71	-2	82.9
95	aEu	aeu			2	112					-2	151.72	-2	170.5			2	158.0	2	161.26	2	171.67																																													-2	92.03	-2	90.01													-2	81.52	-2	84.44																																																									-2	81.92	-2	82.12	-2	77.71	-2	80.9
95	Apriori	Id(Bk)Syl1>>Id(Bk)	2	112																																																																																																																																																			
96	Ai	ai	2	114	2	114			2	142.84	2	153.72	2	172.5							-2	169.67																																																																																																																													-2	75.71	-2	78.9
99	uIo	yiO	2	116	2	116	-2	111.31	-2	140.84	-2	151.72	-2	170.5	2	140.0	2	160.0	2	163.26	2	171.67																																																																																																																																
100	uoE	yOe	2	118	2	118	-2	109.31	-2	138.84	-2	149.72	-2	168.5			2	162.0	2	165.26	2	173.67																																																																																																																																
104	yei	uei	2	120	2	120			2	140.84	2	151.72	2	170.5							-2	171.67																																																																																																																									-2	79.92	-2	80.12	-2	73.71	-2	76.9
106	eAi	eai			2	122			2	142.84	2	153.72	2	172.5							-2	169.67																																													-2	90.03	-2	88.01													-2	79.52	-2	82.44																																																													-2	71.71	-2	74.9
106	Apriori	Id(Bk)Syl1>>Id(Bk)	2	122																																																																																																																																																			
107	aao	AAO	2	124	2	124	-2	107.31	-2	140.84	-2	151.72	-2	170.5					2	167.26	2	171.67																																																																																																																																
109	uEu	ueu			2	126					-2	149.72	-2	168.5			2	164.0	2	169.26	2	173.67																																													-2	88.03	-2	86.01													-2	77.52	-2	80.44																																																									-2	77.92	-2	78.12	-2	69.71	-2	72.9
109	Apriori	Id(Bk)Syl1>>Id(Bk)	2	126																																																																																																																																																			
112	yye	uue	2	128	2	128			2	142.84	2	151.72	2	170.5							-2	171.67																																																																																																																									-2	75.92	-2	76.12	-2	67.71	-2	70.9
114	AAy	aau	2	130	2	130			2	144.84	2	153.72	2	172.5							-2	169.67																																																																																																																																
115	aI	Ai	2	132	2	132			-2	142.84	-2	151.72	-2	170.5	2	142.0	2	166.0	2	171.26	2	171.67																																																																																																																																
116	Oea	OeA			2	134			-2	140.84	-2	149.72	-2	168.5							2	173.67															2	102.0															2	102.0													2	90.03	2	88.01													2	79.52	2	82.44																																																																
116	Apriori	Id(Bk)Syl1>>Id(Bk)	2	134																																																																																																																																																			
120	yey	ueu	2	136	2	136			2	142.84	2	151.72	2	170.5							-2	171.67																																													-2	88.03	-2	86.01													-2	77.52	-2	80.44																																																									-2	73.92	-2	74.12	-2	65.71	-2	68.9
121	yAi	uai	2	138	2	138			2	144.84	2	153.72	2	172.5							-2	169.67																																																																																																																													-2	63.709999999999994	-2	66.9
123	uoI	uoi			2	140							-2	170.5	2	144.0	2	168.0	2	173.26	2	171.67																																																																																																													-2	90.0	-2	87.05													-2	61.709999999999994	-2	64.9
123	Apriori	Id(Bk)Syl1>>Id(Bk)	2	140																																																																																																																																																			
124	iAe	iae			2	142			2	146.84	2	155.72	2	172.5							-2	169.67																																																													-2	75.52	-2	78.44																																																									-2	71.92	-2	72.12	-2	59.709999999999994	-2	62.900000000000006
124	Apriori	Id(Bk)Syl1>>Id(Bk)	2	142																																																																																																																																																			
125	oIa	OiA	2	144	2	144	-2	105.31	-2	144.84	-2	153.72	-2	170.5	2	146.0	2	170.0	2	175.26	2	171.67																																																																																																																																
126	Eoa	eoa	2	146	2	146					-2	151.72	-2	168.5			2	172.0	2	177.26	2	173.67																																									-2	98.11	-2	96.79	-2	86.03	-2	84.01									-2	96.06	-2	93.13	-2	73.52	-2	76.44																																																																
129	eye	eue			2	148			2	146.84	2	153.72	2	170.5							-2	171.67																																													-2	84.03	-2	82.01													-2	71.52	-2	74.44																																																									-2	69.92	-2	70.12	-2	57.709999999999994	-2	60.900000000000006
129	Apriori	Id(Bk)Syl1>>Id(Bk)	2	148																																																																																																																																																			
130	aaO	AAO	2	150	2	150			-2	144.84	-2	151.72	-2	168.5							2	173.67																																																																																																																	2	102.0	2	102.0	2	102.0	2	102.0	2	71.92	2	72.12	2	59.709999999999994	2	62.900000000000006
131	Oe	oe	2	152	2	152	2	107.31	2	146.84	2	153.72	2	170.5					-2	175.26	-2	171.67																																																																																																									-2	92.12	-2	86.83	-2	88.0	-2	85.05									-2	69.92	-2	70.12	-2	57.709999999999994	-2	60.900000000000006
134	Aye	aue	2	154	2	154			2	148.84	2	155.72	2	172.5							-2	169.67																																																																																																																									-2	67.92	-2	68.12	-2	55.709999999999994	-2	58.900000000000006
135	euO	eyO			2	156			-2	146.84	-2	153.72	-2	170.5							2	171.67																																													2	86.03	2	84.01													2	73.52	2	76.44																																																	2	104.0	2	104.0	2	104.0	2	104.0	2	69.92	2	70.12	2	57.709999999999994	2	60.900000000000006
135	Apriori	Id(Bk)Syl1>>Id(Bk)	2	156																																																																																																																																																			
137	eau	eAy			2	158			-2	144.84	-2	151.72	-2	168.5							2	173.67																																													2	88.03	2	86.01													2	75.52	2	78.44																																																																
137	Apriori	Id(Bk)Syl1>>Id(Bk)	2	158																																																																																																																																																			
140	yAO	uao	2	160	2	160	2	109.31	2	146.84	2	153.72	2	170.5					-2	173.26	-2	171.67																																																																																																																																
143	iyy	iuu			2	162			2	148.84	2	155.72	2	172.5							-2	169.67																																																													-2	73.52	-2	76.44																																																																
143	Apriori	Id(Bk)Syl1>>Id(Bk)	2	162																																																																																																																																																			
144	aEa	aea			2	164					-2	153.72	-2	170.5			2	174.0	2	175.26	2	171.67																																													-2	86.03	-2	84.01													-2	71.52	-2	74.44																																																									-2	67.92	-2	68.12	-2	55.709999999999994	-2	58.900000000000006
144	Apriori	Id(Bk)Syl1>>Id(Bk)	2	164																																																																																																																																																			
147	eae	eAe			2	166			-2	146.84	-2	151.72	-2	168.5							2	173.67																																													2	88.03	2	86.01													2	73.52	2	76.44																																																									2	69.92	2	70.12	2	57.709999999999994	2	60.900000000000006
147	Apriori	Id(Bk)Syl1>>Id(Bk)	2	166																																																																																																																																																			
148	aOi	aoi			2	168	2	111.31	2	148.84	2	153.72	2	170.5					-2	173.26	-2	171.67																																																																																																													-2	86.0	-2	83.05	2	106.0	2	106.0	2	106.0	2	106.0	2	71.92	2	72.12			-2	58.900000000000006
148	Apriori	Id(Bk)Syl1>>Id(Bk)	2	168																																																																																																																																																			
149	yeO	ueo	2	170	2	170	2	113.31	2	150.84	2	155.72	2	172.5					-2	171.26	-2	169.67																																									-2	96.11	-2	94.79	-2	86.03	-2	84.01									-2	94.06	-2	91.13	-2	71.52	-2	74.44																																																									-2	69.92	-2	70.12	-2	55.709999999999994	-2	56.900000000000006
150	aOO	aoo			2	172	2	115.31	2	152.84	2	157.72	2	174.5					-2	169.26	-2	167.67																																																																																																																	2	108.0	2	108.0	2	108.0	2	108.0	2	71.92	2	72.12	2	57.709999999999994	2	58.900000000000006
150	Apriori	Id(Bk)Syl1>>Id(Bk)	2	172																																																																																																																																																			
151	eoa	eOA			2	174	-2	113.31	-2	150.84	-2	155.72	-2	172.5					2	171.26	2	169.67																																									2	98.11	2	96.79	2	88.03	2	86.01									2	96.06	2	93.13	2	73.52	2	76.44																																																																
151	Apriori	Id(Bk)Syl1>>Id(Bk)	2	174																																																																																																																																																			
154	eeu	eey			2	176			-2	148.84	-2	153.72	-2	170.5							2	171.67																																													2	90.03	2	88.01													2	75.52	2	78.44																																																																
154	Apriori	Id(Bk)Syl1>>Id(Bk)	2	176																																																																																																																																																			
157	eOy	eou			2	178	2	115.31	2	150.84	2	155.72	2	172.5					-2	169.26	-2	169.67																																									-2	96.11	-2	94.79	-2	88.03	-2	86.01									-2	94.06	-2	91.13	-2	73.52	-2	76.44																																																																
157	Apriori	Id(Bk)Syl1>>Id(Bk)	2	178																																																																																																																																																			
169	eea	eeA			2	180			-2	148.84	-2	153.72	-2	170.5							2	171.67																																													2	90.03	2	88.01													2	75.52	2	78.44																																																																
169	Apriori	Id(Bk)Syl1>>Id(Bk)	2	180																																																																																																																																																			
480	yo	yO			2	182	-2	113.31	-2	146.84	-2	151.72	-2	168.5					2	171.26	2	173.67																									2	102.0	2	102.0	2	102.0	2	104.0									2	98.11	2	96.79	2	92.03	2	90.01									2	96.06	2	93.13	2	77.52	2	80.44																																																																
480	Apriori	Id(Bk)Syl1>>Id(Bk)	2	182																																																																																																																																																			
860	oAe	oae			2	184			2	148.84	2	153.72	2	170.5							-2	171.67																																																																																																					2	102.0	2	102.0	2	94.12			2	88.0							2	110.0	2	110.0			-2	70.12			-2	56.900000000000006
860	Apriori	Id(Bk)Syl1>>Id(Bk)	2	184																																																																																																																																																			
TOTAL				184		184		113.31		148.84		153.72		170.5		146.0		174.0		171.26		171.67		100.0		100.0		100.0		100.0		100.0		100.0		100.0		102.0		100.0		100.0		100.0		100.0		102.0		102.0		102.0		104.0		100.0		100.0		100.0		100.0		98.11		96.79		92.03		90.01		100.0		100.0		100.0		100.0		96.06		93.13		77.52		80.44		100.0		100.0		100.0		100.0		100.0		100.0		100.0		100.0		100.0		100.0		100.0		100.0		100.0		100.0		100.0		100.0		100.0		100.0		102.0		102.0		94.12		86.83		88.0		83.05		108.0		108.0		110.0		110.0		71.92		70.12		57.709999999999994		56.900000000000006
