trialnum	Generated	Heard	Id(Bk)Syl1	now	Id(Bk)	now	*F1	now	*F3	now	*F4	now	*F5	now	*B1	now	*B2	now	*B3	now	*B5	now	*F1_B1	now	*F1..._B1	now	*F1_B2	now	*F1..._B2	now	*F1_B3	now	*F1..._B3	now	*F1_B5	now	*F1..._B5	now	*F3_B1	now	*F3..._B1	now	*F3_B2	now	*F3..._B2	now	*F3_B3	now	*F3..._B3	now	*F3_B5	now	*F3..._B5	now	*F4_B1	now	*F4..._B1	now	*F4_B2	now	*F4..._B2	now	*F4_B3	now	*F4..._B3	now	*F4_B5	now	*F4..._B5	now	*F5_B1	now	*F5..._B1	now	*F5_B2	now	*F5..._B2	now	*F5_B3	now	*F5..._B3	now	*F5_B5	now	*F5..._B5	now	*_B1F1	now	*_B1...F1	now	*_B1F3	now	*_B1...F3	now	*_B1F4	now	*_B1...F4	now	*_B1F5	now	*_B1...F5	now	*_B2F1	now	*_B2...F1	now	*_B2F3	now	*_B2...F3	now	*_B2F4	now	*_B2...F4	now	*_B2F5	now	*_B2...F5	now	*_B3F1	now	*_B3...F1	now	*_B3F3	now	*_B3...F3	now	*_B3F4	now	*_B3...F4	now	*_B3F5	now	*_B3...F5	now	*_B5F1	now	*_B5...F1	now	*_B5F3	now	*_B5...F3	now	*_B5F4	now	*_B5...F4	now	*_B5F5	now	*_B5...F5	now
				0		0		100		140		160		180		100		120		140		180		100		100		100		100		100		100		100		100		100		100		120		120		140		140		140		140		100		100		120		120		140		140		160		160		100		100		120		120		140		140		180		180		100		100		100		100		100		100		100		100		100		100		120		120		120		120		120		120		100		100		140		140		140		140		140		140		100		100		140		140		160		160		180		180
0	Apriori	Id(Bk)Syl1>>Id(Bk)	10	10																																																																																																																																																		
2	uIa	uia			2	2							-2	178	2	102	2	122	2	142	2	182																																																													-2	178	-2	178																																																													-2	178	-2	178
2	Apriori	Id(Bk)Syl1>>Id(Bk)	2	12																																																																																																																																																			
3	eO	Eo	2	14	2	4	2	102	2	142	2	162	2	180			-2	120	-2	140	-2	180																																																																																																																																
4	Iaa	iaa	2	16	2	6							-2	178	2	104	2	122	2	142	2	182																																																													-2	176	-2	176																																																																
5	auu	Auu	2	18	2	8			-2	140	-2	160	-2	176							2	184																													-2	138	-2	138													-2	158	-2	158													-2	174	-2	174																																																																
6	yOA	yoa			2	10	2	104	2	142	2	162	2	178					-2	140	-2	182																									-2	138	-2	138	-2	136	-2	136									-2	138	-2	138	-2	156	-2	156									-2	138	-2	138	-2	172	-2	172																																																																
6	Apriori	Id(Bk)Syl1>>Id(Bk)	2	20																																																																																																																																																			
7	eOA	Eoa	2	22	2	12	2	106	2	144	2	164	2	180			-2	120	-2	138	-2	180																																																																																																																																
8	eOe	eoe			2	14	2	108	2	146	2	166	2	182					-2	136	-2	178																																									-2	136	-2	136	-2	154	-2	154									-2	136	-2	136	-2	170	-2	170																																									-2	138	-2	138	-2	138	-2	138									-2	158	-2	158	-2	176	-2	176
8	Apriori	Id(Bk)Syl1>>Id(Bk)	2	24																																																																																																																																																			
9	aEa	Aea	2	26	2	16			-2	144	-2	164	-2	180			2	122	2	138	2	180																															-2	134													-2	152	-2	152													-2	168	-2	168																																																																
10	iAy	iau			2	18			2	146	2	166	2	182							-2	178																																																													-2	166	-2	166																																																																
10	Apriori	Id(Bk)Syl1>>Id(Bk)	2	28																																																																																																																																																			
11	oaI	Oai	2	30	2	20	-2	106	-2	144	-2	164	-2	180	2	106	2	124	2	140	2	180													-2	98	-2	98													-2	134	-2	132													-2	150	-2	150													-2	164	-2	164																																																													-2	174	-2	174
12	oaE	Oae	2	32	2	22	-2	104	-2	142	-2	162	-2	178			2	126	2	142	2	182													-2	96	-2	96													-2	132	-2	130													-2	148	-2	148													-2	162	-2	162																																																									-2	156	-2	156	-2	172	-2	172
13	Aiy	aiu	2	34	2	24			2	144	2	164	2	180							-2	180																																																													-2	160	-2	160																																																													-2	170	-2	170
14	Iuu	iuu	2	36	2	26							-2	178	2	108	2	128	2	144	2	182																																																													-2	158	-2	158																																																																
15	eye	eue			2	28			2	146	2	166	2	180							-2	180																																													-2	146	-2	146													-2	156	-2	156																																																									-2	154	-2	154	-2	168	-2	168
15	Apriori	Id(Bk)Syl1>>Id(Bk)	2	38																																																																																																																																																			
16	iAA	iaa			2	30			2	148	2	168	2	182							-2	178																																																													-2	154	-2	154																																																																
16	Apriori	Id(Bk)Syl1>>Id(Bk)	2	40																																																																																																																																																			
18	EIu	Eiu			2	32							-2	180	2	110	2	130	2	146	2	180																																																													-2	152	-2	152																													-2	118	-2	118													-2	136	-2	136													-2	166	-2	166
18	Apriori	Id(Bk)Syl1>>Id(Bk)	2	42																																																																																																																																																			
19	yAA	yaa			2	34			2	150	2	170	2	182							-2	178																													-2	130	-2	128													-2	144	-2	144													-2	150	-2	150																																																																
19	Apriori	Id(Bk)Syl1>>Id(Bk)	2	44																																																																																																																																																			
21	IaE	iae	2	46	2	36					-2	168	-2	180	2	112	2	132	2	148	2	180																																																													-2	148	-2	148																																																									-2	152	-2	152	-2	164	-2	164
22	AAA	Aaa			2	38			2	152	2	170	2	182							-2	178																													-2	128	-2	126													-2	142	-2	142													-2	146	-2	146																																																																
22	Apriori	Id(Bk)Syl1>>Id(Bk)	2	48																																																																																																																																																			
23	aIo	aio			2	40							-2	180	2	114	2	134	2	150	2	180																																																									-2	134	-2	134	-2	144	-2	144																																																													-2	162	-2	162
23	Apriori	Id(Bk)Syl1>>Id(Bk)	2	50																																																																																																																																																			
24	oEa	Oea	2	52	2	42	-2	102	-2	150	-2	168	-2	178			2	136	2	152	2	182															-2	94															-2	124													-2	140	-2	140													-2	142	-2	142																																																																
25	eAi	eai			2	44			2	152	2	170	2	180							-2	180																																													-2	138	-2	138													-2	140	-2	140																																																													-2	160	-2	160
25	Apriori	Id(Bk)Syl1>>Id(Bk)	2	54																																																																																																																																																			
26	uIu	uiu			2	46							-2	178	2	116	2	138	2	154	2	182																																																													-2	138	-2	138																																																													-2	158	-2	158
26	Apriori	Id(Bk)Syl1>>Id(Bk)	2	56																																																																																																																																																			
27	Aye	Aue			2	48			2	154	2	172	2	180							-2	180																													-2	126	-2	122													-2	136	-2	136													-2	136	-2	136																																																									-2	150	-2	150	-2	156	-2	156
27	Apriori	Id(Bk)Syl1>>Id(Bk)	2	58																																																																																																																																																			
28	yOy	uou	2	60	2	50	2	104	2	156	2	174	2	182					-2	152	-2	178																																																																																																																																
29	EE	Ee			2	52					-2	172	-2	180			2	140	2	154	2	180																																																																																									-2	118	-2	118	-2	116	-2	116									-2	136	-2	136	-2	134	-2	134									-2	148	-2	148	-2	154	-2	154
29	Apriori	Id(Bk)Syl1>>Id(Bk)	2	62																																																																																																																																																			
31	AAe	aae	2	64	2	54			2	158	2	174	2	182							-2	178																																																																																																																									-2	146	-2	146	-2	152	-2	152
33	yyO	uuo	2	66	2	56	2	106	2	160	2	176	2	184					-2	152	-2	176																																																																																																																																
34	IIu	iiu	2	68	2	58							-2	182	2	118	2	142	2	154	2	178																																																													-2	134	-2	134																																																																
35	ooI	Ooi	2	70	2	60	-2	104	-2	158	-2	174	-2	180	2	120	2	144	2	156	2	180									-2	98	-2	98	-2	94	-2	92									-2	136	-2	136	-2	124	-2	120									-2	134	-2	134	-2	134	-2	134									-2	132	-2	132	-2	132	-2	132																																													-2	132	-2	132													-2	150	-2	150
36	aIo	aio			2	62							-2	178	2	122	2	146	2	158	2	182																																																									-2	130	-2	130	-2	130	-2	130																																																													-2	148	-2	148
36	Apriori	Id(Bk)Syl1>>Id(Bk)	2	72																																																																																																																																																			
37	yeA	uea	2	74	2	64			2	160	2	176	2	180							-2	180																																													-2	132	-2	132													-2	128	-2	128																																																									-2	144	-2	144	-2	146	-2	146
38	OA	oa	2	76	2	66	2	106	2	162	2	178	2	182					-2	156	-2	178																																																																																																																																
39	aIu	aiu			2	68							-2	180	2	124	2	148	2	158	2	180																																																													-2	126	-2	126																																																													-2	144	-2	144
39	Apriori	Id(Bk)Syl1>>Id(Bk)	2	78																																																																																																																																																			
40	uoI	uoi			2	70							-2	178	2	126	2	150	2	160	2	182																																																																																																													-2	130	-2	130													-2	142	-2	142
40	Apriori	Id(Bk)Syl1>>Id(Bk)	2	80																																																																																																																																																			
41	AyA	Aua			2	72			2	164	2	180	2	180							-2	180																													-2	122	-2	118													-2	130	-2	130													-2	124	-2	124																																																																
41	Apriori	Id(Bk)Syl1>>Id(Bk)	2	82																																																																																																																																																			
43	OyO	Ouo			2	74	2	108	2	166	2	182	2	182					-2	158	-2	178											-2	96	-2	92	-2	90											-2	134	-2	120	-2	116											-2	132	-2	128	-2	128											-2	128	-2	122	-2	122																																																																
43	Apriori	Id(Bk)Syl1>>Id(Bk)	2	84																																																																																																																																																			
45	EuE	eue	2	86	2	76					-2	180	-2	180			2	152	2	160	2	180																																													-2	126	-2	126													-2	120	-2	120																																																									-2	142	-2	142	-2	140	-2	140
46	aIo	Aio	2	88	2	78			-2	164	-2	178	-2	178	2	128	2	154	2	162	2	182																											-2	132			-2	114											-2	130			-2	124									-2	128	-2	126	-2	118	-2	118																																																																
47	eOi	eoi			2	80	2	110	2	166	2	180	2	180					-2	160	-2	180																																									-2	132	-2	128	-2	124	-2	122									-2	126	-2	124	-2	116	-2	116																																													-2	128	-2	128													-2	138	-2	138
47	Apriori	Id(Bk)Syl1>>Id(Bk)	2	90																																																																																																																																																			
48	AAi	Aai			2	82			2	168	2	182	2	182							-2	178																													-2	118	-2	112													-2	122	-2	120													-2	114	-2	114																																																													-2	136	-2	136
48	Apriori	Id(Bk)Syl1>>Id(Bk)	2	92																																																																																																																																																			
49	aE	ae			2	84					-2	180	-2	180			2	156	2	162	2	180																																																																																																																									-2	140	-2	140	-2	134	-2	134
49	Apriori	Id(Bk)Syl1>>Id(Bk)	2	94																																																																																																																																																			
51	eOO	Eoo	2	96	2	86	2	112	2	170	2	182	2	182			-2	154	-2	160	-2	178																																																																																																																																
52	aEo	aeo			2	88					-2	180	-2	180			2	156	2	162	2	180																																									-2	130	-2	126	-2	120	-2	118									-2	124	-2	122	-2	112	-2	112																																																									-2	138	-2	138	-2	132	-2	132
52	Apriori	Id(Bk)Syl1>>Id(Bk)	2	98																																																																																																																																																			
53	yeO	yeo			2	90	2	114	2	172	2	182	2	182					-2	160	-2	178																											-2	130			-2	110									-2	128	-2	124	-2	118	-2	116									-2	122	-2	120	-2	110	-2	110																																																																
53	Apriori	Id(Bk)Syl1>>Id(Bk)	2	100																																																																																																																																																			
54	Eau	eau	2	102	2	92					-2	180	-2	180			2	158	2	162	2	180																																													-2	116	-2	114													-2	108	-2	108																																																																
55	EI	Ei			2	94							-2	178	2	130	2	160	2	164	2	182																																																																																													-2	114	-2	114													-2	126	-2	126													-2	130	-2	130
55	Apriori	Id(Bk)Syl1>>Id(Bk)	2	104																																																																																																																																																			
56	yOe	yoe			2	96	2	116	2	174	2	182	2	180					-2	162	-2	180																									-2	134	-2	128	-2	116	-2	108									-2	126	-2	122	-2	114	-2	112									-2	120	-2	118	-2	106	-2	106																																									-2	134	-2	134	-2	124	-2	124									-2	136	-2	136	-2	128	-2	128
56	Apriori	Id(Bk)Syl1>>Id(Bk)	2	106																																																																																																																																																			
57	ouI	Oui	2	108	2	98	-2	114	-2	172	-2	180	-2	178	2	132	2	162	2	164	2	182													-2	90	-2	88													-2	114	-2	106													-2	112	-2	110													-2	104	-2	104																																																													-2	126	-2	126
58	uEa	uea			2	100					-2	178	-2	176			2	164	2	166	2	184																																													-2	110	-2	108													-2	102	-2	102																																																									-2	134	-2	134	-2	124	-2	124
58	Apriori	Id(Bk)Syl1>>Id(Bk)	2	110																																																																																																																																																			
59	eAy	eau			2	102			2	174	2	180	2	178							-2	182																																													-2	108	-2	106													-2	100	-2	100																																																																
59	Apriori	Id(Bk)Syl1>>Id(Bk)	2	112																																																																																																																																																			
60	aai	Aai	2	114	2	104			-2	172	-2	178	-2	176							2	184																													-2	112	-2	104													-2	106	-2	104													-2	98	-2	98																																																															2	126
61	Ae	ae	2	116	2	106			2	174	2	180	2	178							-2	182																																																																																																																									-2	132	-2	132	-2	122	-2	124
62	yOO	uoo	2	118	2	108	2	116	2	176	2	182	2	180					-2	164	-2	180																																																																																																																																
65	eOy	eou			2	110	2	118	2	178	2	184	2	182					-2	162	-2	178																																									-2	124	-2	120	-2	104	-2	102									-2	118	-2	116	-2	96	-2	96																																																																
65	Apriori	Id(Bk)Syl1>>Id(Bk)	2	120																																																																																																																																																			
66	III	iii	2	122	2	112							-2	180	2	134	2	166	2	164	2	180																																																																																																																																
67	aia	Aia	2	124	2	114			-2	176	-2	182	-2	178							2	182																															-2	102															-2	100																																																																													2	124	2	126
68	EuE	eue	2	126	2	116					-2	180	-2	176			2	168	2	166	2	184																																													-2	102	-2	98													-2	94	-2	94																																																									-2	130	-2	130	-2	122	-2	124
69	eeO	Eeo	2	128	2	118	2	120	2	178	2	182	2	178			-2	166	-2	164	-2	182																																									-2	122	-2	118	-2	100	-2	96									-2	116	-2	114	-2	92	-2	92																									-2	116	-2	116	-2	112	-2	112									-2	132	-2	132	-2	122	-2	122									-2	128	-2	128	-2	120	-2	122
71	Eia	eia	2	130	2	120					-2	180	-2	176			2	168	2	166	2	184																																															-2	94																																													2	114	2	114													2	124	2	124													2	122	2	124
72	AOO	Aoo			2	122	2	122	2	180	2	182	2	178					-2	164	-2	182																									-2	132	-2	126	-2	110	-2	100									-2	120	-2	116	-2	98	-2	92									-2	114	-2	112	-2	90	-2	90																																																																
72	Apriori	Id(Bk)Syl1>>Id(Bk)	2	132																																																																																																																																																			
74	eAi	Eai	2	134	2	124			2	182	2	184	2	180			-2	166	-2	162	-2	180																																																																																															-2	112															-2	122													-2	120	-2	122
75	aoE	Aoe	2	136	2	126			-2	180	-2	182	-2	178			2	168	2	164	2	182																									-2	130	-2	124	-2	108	-2	98									-2	118	-2	114	-2	96	-2	90									-2	112	-2	110	-2	88	-2	88																																									-2	130	-2	130	-2	122	-2	120									-2	126	-2	126	-2	118	-2	120
76	oiu	Oiu	2	138	2	128	-2	120	-2	178	-2	180	-2	176					2	166	2	184															-2	86															-2	96															-2	88																																																													2	124	2	122													2	120	2	122
77	yyA	yua			2	130			2	180	2	182	2	178							-2	182																													-2	106	-2	94													-2	94	-2	86													-2	86	-2	86																																																																
77	Apriori	Id(Bk)Syl1>>Id(Bk)	2	140																																																																																																																																																			
78	AeA	Aea			2	132			2	182	2	184	2	180							-2	180																															-2	92													-2	92	-2	84													-2	84	-2	84																																																																
78	Apriori	Id(Bk)Syl1>>Id(Bk)	2	142																																																																																																																																																			
80	oaa	Oaa	2	144	2	134	-2	118	-2	180	-2	182	-2	178					2	168	2	182													-2	88	-2	84													-2	104	-2	90													-2	90	-2	82													-2	82	-2	82																																																																
81	oaE	oae			2	136					-2	180	-2	176			2	170	2	170	2	184																																																																																																											-2	128			-2	120									-2	124	-2	124	-2	118	-2	120
81	Apriori	Id(Bk)Syl1>>Id(Bk)	2	146																																																																																																																																																			
82	yi	ui	2	148	2	138			2	182	2	182	2	178							-2	182																																																																																																																													-2	116	-2	118
83	ouE	Oue	2	150	2	140	-2	116	-2	180	-2	180	-2	176			2	172	2	172	2	184													-2	86	-2	82													-2	102	-2	88													-2	88	-2	80													-2	80	-2	80																																																									-2	122	-2	122	-2	114	-2	116
84	eiO	eio			2	142	2	118	2	182	2	182	2	178					-2	170	-2	182																																											-2	112			-2	78									-2	110	-2	108	-2	78	-2	78																																																																
84	Apriori	Id(Bk)Syl1>>Id(Bk)	2	152																																																																																																																																																			
85	eyy	euu			2	144			2	184	2	184	2	180							-2	180																																													-2	86	-2	76													-2	76	-2	76																																																																
85	Apriori	Id(Bk)Syl1>>Id(Bk)	2	154																																																																																																																																																			
86	EoE	eoe	2	156	2	146					-2	182	-2	178			2	174	2	172	2	182																																									-2	116	-2	110	-2	84	-2	74									-2	108	-2	106	-2	74	-2	74																																									-2	128	-2	126	-2	122	-2	118									-2	120	-2	120	-2	112	-2	114
88	ouu	Ouu	2	158	2	148	-2	116	-2	182	-2	180	-2	176					2	174	2	184													-2	84	-2	80													-2	100	-2	86													-2	82	-2	72													-2	72	-2	72																																																																
90	Aey	Aeu			2	150			2	184	2	182	2	178							-2	182																															-2	84													-2	80	-2	70													-2	70	-2	70																																																																
90	Apriori	Id(Bk)Syl1>>Id(Bk)	2	160																																																																																																																																																			
91	EEE	Eee			2	152					-2	180	-2	176			2	176	2	176	2	184																																																																																									-2	114	-2	114	-2	112	-2	110									-2	126	-2	124	-2	120	-2	116									-2	118	-2	118	-2	110	-2	112
91	Apriori	Id(Bk)Syl1>>Id(Bk)	2	162																																																																																																																																																			
93	uEE	uee			2	154					-2	178	-2	174			2	178	2	178	2	186																																																																																																																									-2	116	-2	116	-2	108	-2	110
93	Apriori	Id(Bk)Syl1>>Id(Bk)	2	164																																																																																																																																																			
94	yAO	uao	2	166	2	156	2	118	2	186	2	180	2	176					-2	176	-2	184																																																																																																																																
95	oiE	Oie	2	168	2	158	-2	116	-2	184	-2	178	-2	174			2	180	2	178	2	186																																																					2	122	2	122	2	110	2	108	2	72	2	72																																													2	122	2	118													2	110	2	112
96	iOO	ioo			2	160	2	118	2	186	2	180	2	176					-2	176	-2	184																																																									-2	108	-2	106	-2	70	-2	70																																																																
96	Apriori	Id(Bk)Syl1>>Id(Bk)	2	170																																																																																																																																																			
97	uiu	yiu	2	172	2	162			-2	184	-2	178	-2	174							2	186																															-2	82															-2	68																																																																													2	112	2	114
98	aeu	Aeu	2	174	2	164			-2	182	-2	176	-2	172							2	188																															-2	80																																																																																									2	118	2	118	2	114	2	116
99	OO	Oo			2	166	2	120	2	184	2	178	2	174					-2	174	-2	186									-2	96	-2	94	-2	82	-2	78									-2	128	-2	122	-2	98	-2	78									-2	114	-2	108	-2	78	-2	66									-2	106	-2	104	-2	68	-2	68																																																																
99	Apriori	Id(Bk)Syl1>>Id(Bk)	2	176																																																																																																																																																			
101	eOA	Eoa	2	178	2	168	2	122	2	186	2	180	2	176			-2	178	-2	172	-2	184																																																																																																																																
102	aio	Aio	2	180	2	170			-2	184	-2	178	-2	174							2	186																											-2	120			-2	76											-2	106			-2	64																																																																													2	116	2	118
104	yA	ya			2	172			2	186	2	180	2	176							-2	184																													-2	96	-2	74													-2	76	-2	62													-2	66	-2	66																																																																
104	Apriori	Id(Bk)Syl1>>Id(Bk)	2	182																																																																																																																																																			
105	oi	Oi	2	184	2	174	-2	120	-2	184	-2	178	-2	174					2	174	2	186																																																																																																													2	124	2	120													2	118	2	120
106	Oyi	Oui			2	176			2	186	2	180	2	176							-2	184													-2	80	-2	76													-2	94	-2	72													-2	74	-2	60													-2	64	-2	64																																																													-2	116	-2	118
106	Apriori	Id(Bk)Syl1>>Id(Bk)	2	186																																																																																																																																																			
109	oui	Oui	2	188	2	178	-2	118	-2	184	-2	178	-2	174					2	176	2	186													-2	78	-2	74													-2	92	-2	70													-2	72	-2	58													-2	62	-2	62																																															2	122															2	120
110	ayy	auu			2	180			2	186	2	180	2	176							-2	184																																																																																																																					2	142	2	142	2	120	2	120	2	118	2	122
110	Apriori	Id(Bk)Syl1>>Id(Bk)	2	190																																																																																																																																																			
112	aOO	aoo			2	182	2	120	2	188	2	182	2	178					-2	174	-2	182																																																																																																																	2	102	2	102	2	144	2	144	2	122	2	122	2	120	2	124
112	Apriori	Id(Bk)Syl1>>Id(Bk)	2	192																																																																																																																																																			
113	aEa	aea			2	184					-2	180	-2	176			2	180	2	176	2	184																																													-2	70	-2	56													-2	60	-2	60																																																									-2	120	-2	120	-2	118	-2	122
113	Apriori	Id(Bk)Syl1>>Id(Bk)	2	194																																																																																																																																																			
117	yy	yu			2	186			2	190	2	182	2	178							-2	182																													-2	90	-2	68													-2	68	-2	54													-2	58	-2	58																																																																
117	Apriori	Id(Bk)Syl1>>Id(Bk)	2	196																																																																																																																																																			
120	OEu	Oeu			2	188					-2	180	-2	176			2	182	2	178	2	184					2	102	2	102	2	98	2	96	2	80	2	76					2	122	2	122	2	130	2	122	2	92	2	70					2	122	2	122	2	116	2	108			2	56					2	124	2	124	2	108	2	106			2	60																																																																
120	Apriori	Id(Bk)Syl1>>Id(Bk)	2	198																																																																																																																																																			
295	uy	uu			2	190			2	192	2	182	2	178							-2	182																																																																																																																					2	146	2	146	2	122	2	122	2	120	2	124
295	Apriori	Id(Bk)Syl1>>Id(Bk)	2	200																																																																																																																																																			
2816	iiE	iie			2	192					-2	180	-2	176			2	184	2	180	2	184																																																					2	126	2	126	2	110	2	108	2	60	2	62																																																																
2816	Apriori	Id(Bk)Syl1>>Id(Bk)	2	202																																																																																																																																																			
6022	ueA	uea			0.2	192.2			0.2	192.2	0.2	180.2	0.2	176.2							-0.2	183.8																																													-0.2	67.8	-0.2	55.8													-0.2	59.8	-0.2	61.8																																																							0.2	146.2								
6022	Apriori	Id(Bk)Syl1>>Id(Bk)	0.19999999999998863	202.2																																																																																																																																																			
7435	uoo	yoo	0.2	202.39999999999998	0.2	192.39999999999998			-0.2	192.0	-0.2	180.0	-0.2	176.0							0.2	184.0																									-0.2	129.8	-0.2	121.8	-0.2	91.8	-0.2	69.8									-0.2	115.8	-0.2	107.8	-0.2	67.6	-0.2	55.599999999999994									-0.2	109.8	-0.2	107.8	-0.2	59.599999999999994	-0.2	61.599999999999994																																																																
15213	ouE	oue			0.002	192.402					-0.002	179.998	-0.002	175.998			0.002	184.002	0.002	180.002	0.002	184.002																																																																																																											-0.002	123.998			-0.002	121.998									-0.002	121.998	-0.002	121.998	-0.002	119.998	-0.002	123.998
15213	Apriori	Id(Bk)Syl1>>Id(Bk)	0.0020000000000095497	202.402																																																																																																																																																			
TOTAL				202.402		192.402		120		192.0		179.998		175.998		134		184.002		180.002		184.002		100		100		102		102		98		96		80		76		100		100		122		122		129.8		121.8		91.8		69.8		100		100		122		122		115.8		107.8		67.6		55.599999999999994		100		100		126		126		109.8		107.8		59.599999999999994		61.599999999999994		100		100		100		100		100		100		100		100		100		100		120		120		114		114		112		110		100		100		140		140		126		123.998		124		121.998		102		102		146		146.2		121.998		121.998		119.998		123.998
