trialnum	Generated	Heard	Id(Bk)Syl1	now	Id(Bk)	now	*F1	now	*F3	now	*F4	now	*F5	now	*B1	now	*B2	now	*B3	now	*B5	now	*F1_B1	now	*F1..._B1	now	*F1_B2	now	*F1..._B2	now	*F1_B3	now	*F1..._B3	now	*F1_B5	now	*F1..._B5	now	*F3_B1	now	*F3..._B1	now	*F3_B2	now	*F3..._B2	now	*F3_B3	now	*F3..._B3	now	*F3_B5	now	*F3..._B5	now	*F4_B1	now	*F4..._B1	now	*F4_B2	now	*F4..._B2	now	*F4_B3	now	*F4..._B3	now	*F4_B5	now	*F4..._B5	now	*F5_B1	now	*F5..._B1	now	*F5_B2	now	*F5..._B2	now	*F5_B3	now	*F5..._B3	now	*F5_B5	now	*F5..._B5	now	*_B1F1	now	*_B1...F1	now	*_B1F3	now	*_B1...F3	now	*_B1F4	now	*_B1...F4	now	*_B1F5	now	*_B1...F5	now	*_B2F1	now	*_B2...F1	now	*_B2F3	now	*_B2...F3	now	*_B2F4	now	*_B2...F4	now	*_B2F5	now	*_B2...F5	now	*_B3F1	now	*_B3...F1	now	*_B3F3	now	*_B3...F3	now	*_B3F4	now	*_B3...F4	now	*_B3F5	now	*_B3...F5	now	*_B5F1	now	*_B5...F1	now	*_B5F3	now	*_B5...F3	now	*_B5F4	now	*_B5...F4	now	*_B5F5	now	*_B5...F5	now
				0		0		111.58		135.16		183.88		231.92		100.0		111.22		158.6		251.44		100.0		100.0		100.0		100.0		102.18		104.12		106.7		112.54		100.0		100.0		100.0		100.0		106.8		112.54		120.44		137.76		100.0		100.0		100.0		100.0		112.2		118.1		136.8		154.34		100.0		100.0		100.0		100.0		117.82		123.22		153.3		169.64		100.0		100.0		100.0		100.0		100.0		100.0		100.0		100.0		100.0		100.0		100.0		100.0		102.24		103.78		104.04		106.02		100.0		100.0		100.0		100.0		108.08		111.2		115.26		119.48		100.0		100.0		100.0		100.0		118.48		124.24000000000001		136.46		144.82
0	Apriori	Id(Bk)Syl1>>Id(Bk)	30	30																																																																																																																																																		
1	Aie	aie	1.6	31.6	0	0			1.6	136.76	1.6	185.48	1.6	233.51999999999998							-2	249.44																																																																																																																											-2	122.24000000000001	-2	134.46	-2	142.82
2	OAi	Oai			4.4	4.4			4.4	141.16	4.4	189.88	4.4	237.92							-2	247.44													-2	104.7	-2	110.54													-2	118.44	-2	135.76													-2	134.8	-2	152.34													-2	151.3	-2	167.64																																																													-2	132.46	-2	140.82
2	Apriori	Id(Bk)Syl1>>Id(Bk)	2.799999999999997	34.4																																																																																																																																																			
3	iyi	iui			2.0	6.4			2.0	143.16	2.0	191.88	2.0	239.92							-2	245.44																																																													-2	149.3	-2	165.64																																																													-2	130.46	-2	138.82
3	Apriori	Id(Bk)Syl1>>Id(Bk)	2.0	36.4																																																																																																																																																			
4	yeA	uea	3.6	40.0	0	6.4			3.6	146.76	3.6	195.48	3.6	243.51999999999998							-2	243.44																																													-2	132.8	-2	150.34													-2	147.3	-2	163.64																																																									-2	116.48	-2	120.24000000000001	-2	128.46	-2	136.82
5	ooE	Ooe	11.2	51.2	0	6.4	-2	109.58	-2	144.76	-2	193.48	-2	241.51999999999998			11.2	122.42	11.2	169.79999999999998	11.2	254.64									-2	100.18	-2	102.12	-2	102.7	-2	108.54									-2	104.8	-2	110.54	-2	116.44	-2	133.76									-2	110.2	-2	116.1	-2	130.8	-2	148.34									-2	115.82	-2	121.22	-2	145.3	-2	161.64																																									-2	106.08	-2	109.2	-2	113.26	-2	117.48									-2	114.48	-2	118.24000000000001	-2	126.46000000000001	-2	134.82
6	eAi	Eai	2.8	54.0	0	6.4			2.8	147.56	2.8	196.28	2.8	244.32			-2	120.42	-2	167.79999999999998	-2	252.64																																																																																															-2	104.02															-2	115.48													-2	124.46000000000001	-2	132.82
7	Ae	ae	2.0	56.0	0	6.4			2.0	149.56	2.0	198.28	2.0	246.32							-2	250.64																																																																																																																									-2	112.48	-2	116.24000000000001	-2	122.46000000000001	-2	130.82
9	Aye	Aue			4.4	10.8			4.4	153.96	4.4	202.68	4.4	250.72							-2	248.64																													-2	114.44	-2	131.76													-2	128.8	-2	146.34													-2	143.3	-2	159.64																																																									-2	110.48	-2	114.24000000000001	-2	120.46000000000001	-2	128.82
10	uuI	uui			1.0	11.8							-2	248.72	1.0	101.0	1.0	121.42	1.0	168.79999999999998	1.0	249.64																																																																																																																													-2	118.46000000000001	-2	126.82
11	yyA	yua			2.8	14.600000000000001			2.8	156.76000000000002	2.8	205.48000000000002	2.8	251.52							-2	247.64																													-2	112.44	-2	129.76													-2	126.80000000000001	-2	144.34													-2	141.3	-2	157.64																																																																
12	iOi	ioi			3.3333333333333335	17.933333333333334	3.3333333333333335	112.91333333333333	3.3333333333333335	160.09333333333336	3.3333333333333335	208.81333333333336	3.3333333333333335	254.85333333333335					-2	166.79999999999998	-2	245.64																																																									-2	113.82	-2	119.22	-2	139.3	-2	155.64																																													-2	111.26	-2	113.48													-2	116.46000000000001	-2	124.82
13	oE	oe			4.0	21.933333333333334					-2	206.81333333333336	-2	252.85333333333335			4.0	125.42	4.0	170.79999999999998	4.0	249.64																																																																																																									-2	104.08	-2	107.2	-2	109.26	-2	111.48									-2	108.48	-2	112.24000000000001	-2	114.46000000000001	-2	122.82
14	oo	Oo	10.0	66.0	0	21.933333333333334	-2	110.91333333333333	-2	158.09333333333336	-2	204.81333333333336	-2	250.85333333333335					10.0	180.79999999999998	10.0	259.64									-2	98.18	-2	100.12	-2	100.7	-2	106.54									-2	102.8	-2	108.54	-2	110.44	-2	127.75999999999999									-2	108.2	-2	114.1	-2	124.80000000000001	-2	142.34									-2	111.82	-2	117.22	-2	137.3	-2	153.64																																																																
15	AAy	aau	0.4	66.4	0	21.933333333333334			0.4	158.49333333333337	0.4	205.21333333333337	0.4	251.25333333333336							-2	257.64																																																																																																																																
16	eO	Eo	1.0	67.4	0	21.933333333333334	1.0	111.91333333333333	1.0	159.49333333333337	1.0	206.21333333333337	1.0	252.25333333333336			-2	123.42	-2	178.79999999999998	-2	255.64																																																																																																																																
17	eOe	Eoe	4.333333333333333	71.73333333333333	0	21.933333333333334	4.333333333333333	116.24666666666666	4.333333333333333	163.8266666666667	4.333333333333333	210.5466666666667	4.333333333333333	256.5866666666667			-2	121.42	-2	176.79999999999998	-2	253.64																																																																																											-2	101.78			-2	102.02									-2	102.08	-2	105.2	-2	107.26	-2	109.48									-2	106.48	-2	110.24000000000001	-2	112.46000000000001	-2	120.82
18	EEI	Eei			4.666666666666667	26.6					-2	208.5466666666667	-2	254.5866666666667	4.666666666666667	105.66666666666667	4.666666666666667	126.08666666666667	4.666666666666667	181.46666666666664	4.666666666666667	258.3066666666667																																																																																									-2	100.24	-2	99.78	-2	102.04	-2	100.02									-2	100.08	-2	103.2	-2	105.26	-2	107.48									-2	104.48	-2	108.24000000000001	-2	110.46000000000001	-2	118.82
19	Ayi	Aui			3.6	30.200000000000003			3.6	167.4266666666667	3.6	212.1466666666667	3.6	258.1866666666667							-2	256.3066666666667																													-2	108.44	-2	125.75999999999999													-2	122.80000000000001	-2	140.34													-2	135.3	-2	151.64																																																													-2	108.46000000000001	-2	116.82
20	EaI	Eai			1.6666666666666667	31.86666666666667							-2	256.1866666666667	1.6666666666666667	107.33333333333334	1.6666666666666667	127.75333333333334	1.6666666666666667	183.1333333333333	1.6666666666666667	257.97333333333336																																																																																															-2	98.02															-2	105.48													-2	106.46000000000001	-2	114.82
21	OOA	Ooa			6.0	37.866666666666674	6.0	122.24666666666666	6.0	173.4266666666667	6.0	218.1466666666667	6.0	262.1866666666667					-2	181.1333333333333	-2	255.97333333333336									-2	96.18	-2	98.12	-2	98.7	-2	104.54									-2	100.8	-2	106.54	-2	106.44	-2	123.75999999999999									-2	106.2	-2	112.1	-2	120.80000000000001	-2	138.34									-2	109.82	-2	115.22	-2	133.3	-2	149.64																																																																
23	EEa	Eea			7.2	45.06666666666668					-2	216.1466666666667	-2	260.1866666666667			7.2	134.95333333333335	7.2	188.3333333333333	7.2	263.17333333333335																																													-2	118.80000000000001	-2	136.34													-2	131.3	-2	147.64																									-2	98.24	-2	97.78	-2	100.04	-2	96.02									-2	98.08	-2	101.2	-2	103.26	-2	103.48									-2	102.48	-2	106.24000000000001	-2	104.46000000000001	-2	112.82
23	Apriori	Id(Bk)Syl1>>Id(Bk)	3.333333333333343	75.06666666666668																																																																																																																																																			
25	OA	Oa			3.6	48.66666666666668			3.6	177.0266666666667	3.6	219.7466666666667	3.6	263.78666666666675							-2	261.17333333333335													-2	96.7	-2	102.54													-2	104.44	-2	121.75999999999999													-2	116.80000000000001	-2	134.34													-2	129.3	-2	145.64																																																																
25	Apriori	Id(Bk)Syl1>>Id(Bk)	3.6000000000000085	78.66666666666669																																																																																																																																																			
26	IaE	iae	2.6666666666666665	81.33333333333336	0	48.66666666666668					-2	217.7466666666667	-2	261.78666666666675	2.6666666666666665	110.00000000000001	2.6666666666666665	137.62	2.6666666666666665	190.99999999999994	2.6666666666666665	263.84000000000003																																																													-2	127.30000000000001	-2	143.64																																																									-2	100.48	-2	104.24000000000001	-2	102.46000000000001	-2	110.82
27	oIa	oia			2.3333333333333335	51.000000000000014							-2	259.78666666666675	2.3333333333333335	112.33333333333334	2.3333333333333335	139.95333333333335	2.3333333333333335	193.3333333333333	2.3333333333333335	266.17333333333335																																																													-2	125.30000000000001	-2	141.64																																													-2	101.26	-2	101.48													-2	100.46000000000001	-2	108.82
28	OeA	oea	4.666666666666667	86.00000000000003	0	51.000000000000014	4.666666666666667	126.91333333333333	4.666666666666667	181.69333333333336	4.666666666666667	222.41333333333336	4.666666666666667	264.45333333333343					-2	191.3333333333333	-2	264.17333333333335																																													-2	114.80000000000001	-2	132.34													-2	123.30000000000001	-2	139.64																																									-2	96.08	-2	99.2	-2	99.26	-2	99.48									-2	98.48	-2	102.24000000000001	-2	98.46000000000001	-2	106.82
29	uE	ue			2.4	53.40000000000001					-2	220.41333333333336	-2	262.45333333333343			2.4	142.35333333333335	2.4	193.7333333333333	2.4	266.5733333333333																																																																																																																									-2	96.48	-2	100.24000000000001	-2	96.46000000000001	-2	104.82
30	yiA	uia	2.0	88.00000000000003	0	53.40000000000001			2.0	183.69333333333336	2.0	222.41333333333336	2.0	264.45333333333343							-2	264.5733333333333																																																													-2	121.30000000000001	-2	137.64																																																													-2	94.46000000000001	-2	102.82
31	Oey	oeu	4.666666666666667	92.6666666666667	0	53.40000000000001	4.666666666666667	131.57999999999998	4.666666666666667	188.36	4.666666666666667	227.08	4.666666666666667	269.1200000000001					-2	191.7333333333333	-2	262.5733333333333																																													-2	112.80000000000001	-2	130.34													-2	119.30000000000001	-2	135.64																																									-2	94.08	-2	97.2	-2	97.26	-2	97.48									-2	94.48	-2	98.24000000000001	-2	92.46000000000001	-2	100.82
32	uoo	yoo	10.0	102.6666666666667	0	53.40000000000001			-2	186.36	-2	225.08	-2	267.1200000000001							10.0	272.5733333333333																									-2	98.8	-2	104.54	-2	102.44	-2	119.75999999999999									-2	104.2	-2	110.1	-2	110.80000000000001	-2	128.34									-2	107.82	-2	113.22	-2	117.30000000000001	-2	133.64																																																																
33	yiy	uiu	2.0	104.6666666666667	0	53.40000000000001			2.0	188.36	2.0	227.08	2.0	269.1200000000001							-2	270.5733333333333																																																													-2	115.30000000000001	-2	131.64																																																													-2	90.46000000000001	-2	98.82
34	yAi	yai			3.6	57.000000000000014			3.6	191.96	3.6	230.68	3.6	272.72000000000014							-2	268.5733333333333																													-2	100.44	-2	117.75999999999999													-2	108.80000000000001	-2	126.34													-2	113.30000000000001	-2	129.64																																																													-2	88.46000000000001	-2	96.82
35	aaI	aai			1.0	58.000000000000014							-2	270.72000000000014	1.0	113.33333333333334	1.0	143.35333333333335	1.0	192.7333333333333	1.0	269.5733333333333																																																																																																																													-2	86.46000000000001	-2	94.82
36	IaI	iai	1.6666666666666667	106.33333333333337	0	58.000000000000014							-2	268.72000000000014	1.6666666666666667	115.00000000000001	1.6666666666666667	145.02	1.6666666666666667	194.39999999999995	1.6666666666666667	271.24																																																													-2	111.30000000000001	-2	127.63999999999999																																																													-2	84.46000000000001	-2	92.82
37	yAy	uau	0.4	106.73333333333338	0	58.000000000000014			0.4	192.36	0.4	231.08	0.4	269.1200000000001							-2	269.24																																																																																																																																
38	Aee	aee	2.0	108.73333333333338	0	58.000000000000014			2.0	194.36	2.0	233.08	2.0	271.1200000000001							-2	267.24																																																																																																																									-2	92.48	-2	96.24000000000001	-2	82.46000000000001	-2	90.82
39	ooa	Ooa	10.0	118.73333333333338	0	58.000000000000014	-2	129.57999999999998	-2	192.36	-2	231.08	-2	269.1200000000001					10.0	204.39999999999995	10.0	277.24									-2	94.18	-2	96.12	-2	94.7	-2	100.54									-2	96.8	-2	102.54	-2	98.44	-2	115.75999999999999									-2	102.2	-2	108.1	-2	106.80000000000001	-2	124.34									-2	105.82	-2	111.22	-2	109.30000000000001	-2	125.63999999999999																																																																
41	eAO	Eao	1.0	119.73333333333338	0	58.000000000000014	1.0	130.57999999999998	1.0	193.36	1.0	232.08	1.0	270.1200000000001			-2	143.02	-2	202.39999999999995	-2	275.24																																																																																																																																
42	yOO	yoo			4.666666666666667	62.66666666666668	4.666666666666667	135.24666666666664	4.666666666666667	198.02666666666667	4.666666666666667	236.74666666666667	4.666666666666667	274.7866666666668					-2	200.39999999999995	-2	273.24																									-2	94.8	-2	100.54	-2	96.44	-2	113.75999999999999									-2	100.2	-2	106.1	-2	104.80000000000001	-2	122.34									-2	103.82	-2	109.22	-2	107.30000000000001	-2	123.63999999999999																																																																
43	OAA	Oaa			3.6	66.26666666666668			3.6	201.62666666666667	3.6	240.34666666666666	3.6	278.3866666666668							-2	271.24													-2	92.7	-2	98.54													-2	94.44	-2	111.75999999999999													-2	102.80000000000001	-2	120.34													-2	105.30000000000001	-2	121.63999999999999																																																																
44	auu	Auu	6.0	125.73333333333338	0	66.26666666666668			-2	199.62666666666667	-2	238.34666666666666	-2	276.3866666666668							6.0	277.24																													-2	92.44	-2	109.75999999999999													-2	100.80000000000001	-2	118.34													-2	103.30000000000001	-2	119.63999999999999																																																																
45	uoa	yoa	10.0	135.73333333333338	0	66.26666666666668			-2	197.62666666666667	-2	236.34666666666666	-2	274.3866666666668							10.0	287.24																									-2	92.8	-2	98.54	-2	90.44	-2	107.75999999999999									-2	98.2	-2	104.1	-2	98.80000000000001	-2	116.34									-2	101.82	-2	107.22	-2	101.30000000000001	-2	117.63999999999999																																																																
47	AAy	Aau			2.8	69.06666666666668			2.8	200.42666666666668	2.8	239.14666666666668	2.8	277.18666666666684							-2	285.24																													-2	88.44	-2	105.75999999999999													-2	96.80000000000001	-2	114.34													-2	99.30000000000001	-2	115.63999999999999																																																																
48	yOO	yoo			4.666666666666667	73.73333333333335	4.666666666666667	139.9133333333333	4.666666666666667	205.09333333333333	4.666666666666667	243.81333333333333	4.666666666666667	281.8533333333335					-2	198.39999999999995	-2	283.24																									-2	90.8	-2	96.54	-2	86.44	-2	103.75999999999999									-2	96.2	-2	102.1	-2	94.80000000000001	-2	112.34									-2	99.82	-2	105.22	-2	97.30000000000001	-2	113.63999999999999																																																																
49	yi	ui	1.2	136.93333333333337	0	73.73333333333335			1.2	206.29333333333332	1.2	245.01333333333332	1.2	283.0533333333335							-2	281.24																																																																																																																													-2	80.46000000000001	-2	88.82
50	aEa	Aea	3.2	140.13333333333335	0	73.73333333333335			-2	204.29333333333332	-2	243.01333333333332	-2	281.0533333333335			3.2	146.22	3.2	201.59999999999994	3.2	284.44																															-2	101.75999999999999													-2	92.80000000000001	-2	110.34													-2	95.30000000000001	-2	111.63999999999999																																																																
51	OOi	Ooi			7.333333333333333	81.06666666666668	7.333333333333333	147.24666666666664	7.333333333333333	211.62666666666667	7.333333333333333	250.34666666666666	7.333333333333333	288.3866666666668					-2	199.59999999999994	-2	282.44									-2	92.18	-2	94.12	-2	90.7	-2	96.54									-2	88.8	-2	94.54	-2	84.44	-2	99.75999999999999									-2	94.2	-2	100.1	-2	90.80000000000001	-2	108.34									-2	97.82	-2	103.22	-2	93.30000000000001	-2	109.63999999999999																																													-2	95.26	-2	95.48													-2	78.46000000000001	-2	86.82
52	uEE	yee	1.2	141.33333333333334	0	81.06666666666668			-2	209.62666666666667	-2	248.34666666666666	-2	286.3866666666668			1.2	147.42	1.2	200.79999999999993	1.2	283.64																																																																																																																																
53	EuE	eue	4.0	145.33333333333334	0	81.06666666666668					-2	246.34666666666666	-2	284.3866666666668			4.0	151.42	4.0	204.79999999999993	4.0	287.64																																													-2	88.80000000000001	-2	106.34													-2	91.30000000000001	-2	107.63999999999999																																																									-2	90.48	-2	94.24000000000001	-2	76.46000000000001	-2	84.82
54	Oii	oii	2.0	147.33333333333334	0	81.06666666666668	2.0	149.24666666666664	2.0	211.62666666666667	2.0	248.34666666666666	2.0	286.3866666666668					-2	202.79999999999993	-2	285.64																																																																																																													-2	93.26	-2	93.48													-2	74.46000000000001	-2	82.82
55	uEa	uea			4.0	85.06666666666668					-2	246.34666666666666	-2	284.3866666666668			4.0	155.42	4.0	206.79999999999993	4.0	289.64																																													-2	86.80000000000001	-2	104.34													-2	89.30000000000001	-2	105.63999999999999																																																									-2	88.48	-2	92.24000000000001	-2	72.46000000000001	-2	80.82
56	yeO	ueo	4.666666666666667	152.0	0	85.06666666666668	4.666666666666667	153.9133333333333	4.666666666666667	216.29333333333332	4.666666666666667	251.01333333333332	4.666666666666667	289.0533333333335					-2	204.79999999999993	-2	287.64																																									-2	92.2	-2	98.1	-2	84.80000000000001	-2	102.34									-2	95.82	-2	101.22	-2	87.30000000000001	-2	103.63999999999999																																																									-2	86.48	-2	90.24000000000001	-2	70.46000000000001	-2	78.82
57	IEE	iee	0.6666666666666666	152.66666666666666	0	85.06666666666668					-2	249.01333333333332	-2	287.0533333333335	0.6666666666666666	115.66666666666669	0.6666666666666666	156.08666666666664	0.6666666666666666	205.46666666666658	0.6666666666666666	288.3066666666667																																																																																																																																
58	oEI	Oei	1.3333333333333333	154.0	0	85.06666666666668	-2	151.9133333333333	-2	214.29333333333332	-2	247.01333333333332	-2	285.0533333333335	1.3333333333333333	117.00000000000001	1.3333333333333333	157.42	1.3333333333333333	206.79999999999993	1.3333333333333333	289.64																																																																																																																																
60	OO	oo	0.6666666666666666	154.66666666666666	0	85.06666666666668	0.6666666666666666	152.57999999999996	0.6666666666666666	214.95999999999998	0.6666666666666666	247.67999999999998	0.6666666666666666	285.7200000000002					-2	204.79999999999993	-2	287.64																																																																																																																																
61	iiA	iia			1.2	86.26666666666668			1.2	216.15999999999997	1.2	248.87999999999997	1.2	286.9200000000002							-2	285.64																																																													-2	85.30000000000001	-2	101.63999999999999																																																																
62	aI	Ai	1.0	155.66666666666666	0	86.26666666666668			-2	214.15999999999997	-2	246.87999999999997	-2	284.9200000000002	1.0	118.00000000000001	1.0	158.42	1.0	205.79999999999993	1.0	286.64																																																																																																																																
63	AyA	aua	0.4	156.06666666666666	0	86.26666666666668			0.4	214.55999999999997	0.4	247.27999999999997	0.4	285.32000000000016							-2	284.64																																																																																																																																
66	Euo	euo	3.2	159.26666666666665	0	86.26666666666668					-2	245.27999999999997	-2	283.32000000000016			3.2	161.61999999999998	3.2	208.99999999999991	3.2	287.84																																											-2	96.1	-2	82.80000000000001	-2	100.34											-2	99.22	-2	83.30000000000001	-2	99.63999999999999																																																																
67	AiO	Aio			3.3333333333333335	89.60000000000001	3.3333333333333335	155.9133333333333	3.3333333333333335	217.89333333333332	3.3333333333333335	248.61333333333332	3.3333333333333335	286.6533333333335					-2	206.99999999999991	-2	285.84																											-2	92.54			-2	97.75999999999999											-2	94.1			-2	98.34									-2	93.82	-2	97.22	-2	81.30000000000001	-2	97.63999999999999																																																																
68	Eao	eao	3.2	162.46666666666664	0	89.60000000000001					-2	246.61333333333332	-2	284.6533333333335			3.2	164.81999999999996	3.2	210.1999999999999	3.2	289.03999999999996																																											-2	92.1	-2	80.80000000000001	-2	96.34											-2	95.22	-2	79.30000000000001	-2	95.63999999999999																																																																
69	OOO	ooo	0.6666666666666666	163.1333333333333	0	89.60000000000001	0.6666666666666666	156.57999999999996	0.6666666666666666	218.55999999999997	0.6666666666666666	247.27999999999997	0.6666666666666666	285.32000000000016					-2	208.1999999999999	-2	287.03999999999996																																																																																																																																
70	eO	Eo	1.0	164.1333333333333	0	89.60000000000001	1.0	157.57999999999996	1.0	219.55999999999997	1.0	248.27999999999997	1.0	286.32000000000016			-2	162.81999999999996	-2	206.1999999999999	-2	285.03999999999996																																																																																																																																
71	oEu	oeu			5.6	95.2					-2	246.27999999999997	-2	284.32000000000016			5.6	168.41999999999996	5.6	211.7999999999999	5.6	290.64																																													-2	78.80000000000001	-2	94.34													-2	77.30000000000001	-2	93.63999999999999																																									-2	92.08	-2	95.2	-2	91.26	-2	91.48									-2	84.48	-2	88.24000000000001	-2	68.46000000000001	-2	76.82
72	eyO	euo			2.6666666666666665	97.86666666666667	2.6666666666666665	160.2466666666666	2.6666666666666665	222.22666666666663	2.6666666666666665	248.94666666666663	2.6666666666666665	286.98666666666685					-2	209.7999999999999	-2	288.64																																											-2	90.1	-2	76.80000000000001	-2	92.34											-2	93.22	-2	75.30000000000001	-2	91.63999999999999																																																																
73	oIu	oiu			2.3333333333333335	100.2							-2	284.98666666666685	2.3333333333333335	120.33333333333334	2.3333333333333335	170.7533333333333	2.3333333333333335	212.13333333333324	2.3333333333333335	290.9733333333333																																																													-2	73.30000000000001	-2	89.63999999999999																																													-2	89.26	-2	89.48													-2	66.46000000000001	-2	74.82
74	yiA	uia	2.0	166.1333333333333	0	100.2			2.0	224.22666666666663	2.0	250.94666666666663	2.0	286.98666666666685							-2	288.9733333333333																																																													-2	71.30000000000001	-2	87.63999999999999																																																													-2	64.46000000000001	-2	72.82
75	AOi	Aoi			6.0	106.2	6.0	166.2466666666666	6.0	230.22666666666663	6.0	256.9466666666666	6.0	292.98666666666685					-2	210.13333333333324	-2	286.9733333333333																									-2	86.8	-2	90.54	-2	82.44	-2	95.75999999999999									-2	90.2	-2	88.1	-2	74.80000000000001	-2	90.34									-2	91.82	-2	91.22	-2	69.30000000000001	-2	85.63999999999999																																													-2	87.26	-2	87.48													-2	62.46000000000001	-2	70.82
76	Eua	eua	2.4	168.5333333333333	0	106.2					-2	254.9466666666666	-2	290.98666666666685			2.4	173.1533333333333	2.4	212.53333333333325	2.4	289.3733333333333																																													-2	72.80000000000001	-2	88.34													-2	67.30000000000001	-2	83.63999999999999																																																																
77	EI	ei	0.6666666666666666	169.19999999999996	0	106.2					-2	252.9466666666666	-2	288.98666666666685	0.6666666666666666	121.00000000000001	0.6666666666666666	173.81999999999996	0.6666666666666666	213.1999999999999	0.6666666666666666	290.03999999999996																																																																																																																																
78	AOi	aoi	2.0	171.19999999999996	0	106.2	2.0	168.2466666666666	2.0	232.22666666666663	2.0	254.9466666666666	2.0	290.98666666666685					-2	211.1999999999999	-2	288.03999999999996																																																																																																													-2	85.26	-2	85.48													-2	60.46000000000001	-2	68.82
80	eAe	eae			3.6	109.8			3.6	235.82666666666663	3.6	258.5466666666666	3.6	294.5866666666669							-2	286.03999999999996																																													-2	70.80000000000001	-2	86.34													-2	65.30000000000001	-2	81.63999999999999																																																									-2	82.48	-2	86.24000000000001	-2	58.46000000000001	-2	66.82
81	aEI	aei			2.0	111.8					-2	256.5466666666666	-2	292.5866666666669	2.0	123.00000000000001	2.0	175.81999999999996	2.0	213.1999999999999	2.0	288.03999999999996																																																																																																																									-2	80.48	-2	84.24000000000001	-2	56.46000000000001	-2	64.82
83	eAe	eae			3.6	115.39999999999999			3.6	239.42666666666662	3.6	260.14666666666665	3.6	296.1866666666669							-2	286.03999999999996																																													-2	68.80000000000001	-2	84.34													-2	63.30000000000001	-2	79.63999999999999																																																									-2	78.48	-2	82.24000000000001	-2	54.46000000000001	-2	62.81999999999999
84	uIE	yie	1.0	172.19999999999996	0	115.39999999999999			-2	237.42666666666662	-2	258.14666666666665	-2	294.1866666666669	1.0	124.00000000000001	1.0	176.81999999999996	1.0	214.1999999999999	1.0	287.03999999999996																																																																																																																																
85	Eoa	eoa	4.0	176.19999999999996	0	115.39999999999999					-2	256.14666666666665	-2	292.1866666666669			4.0	180.81999999999996	4.0	218.1999999999999	4.0	291.03999999999996																																									-2	88.2	-2	86.1	-2	66.80000000000001	-2	82.34									-2	89.82	-2	89.22	-2	61.30000000000001	-2	77.63999999999999																																																																
86	Ioa	ioa	1.6666666666666667	177.86666666666662	0	115.39999999999999							-2	290.1866666666669	1.6666666666666667	125.66666666666669	1.6666666666666667	182.48666666666662	1.6666666666666667	219.86666666666656	1.6666666666666667	292.70666666666665																																																									-2	87.82	-2	87.22	-2	59.30000000000001	-2	75.63999999999999																																																																
87	OAy	oau	0.6666666666666666	178.53333333333327	0	115.39999999999999	0.6666666666666666	168.91333333333327	0.6666666666666666	238.09333333333328	0.6666666666666666	256.81333333333333	0.6666666666666666	290.8533333333336					-2	217.86666666666656	-2	290.70666666666665																																																																																																																																
88	oIE	Oie	1.3333333333333333	179.86666666666662	0	115.39999999999999	-2	166.91333333333327	-2	236.09333333333328	-2	254.81333333333333	-2	288.8533333333336	1.3333333333333333	127.00000000000001	1.3333333333333333	183.81999999999996	1.3333333333333333	219.1999999999999	1.3333333333333333	292.03999999999996																																																																																																																																
89	yi	ui	1.2	181.0666666666666	0	115.39999999999999			1.2	237.29333333333327	1.2	256.0133333333333	1.2	290.05333333333357							-2	290.03999999999996																																																																																																																													-2	52.46000000000001	-2	60.81999999999999
90	EEo	eeo	4.0	185.0666666666666	0	115.39999999999999					-2	254.01333333333332	-2	288.05333333333357			4.0	187.81999999999996	4.0	223.1999999999999	4.0	294.03999999999996																																									-2	86.2	-2	84.1	-2	64.80000000000001	-2	80.34									-2	85.82	-2	85.22	-2	57.30000000000001	-2	73.63999999999999																																																																
91	eiO	eio			2.6666666666666665	118.06666666666666	2.6666666666666665	169.57999999999993	2.6666666666666665	239.95999999999992	2.6666666666666665	256.68	2.6666666666666665	290.72000000000025					-2	221.1999999999999	-2	292.03999999999996																																											-2	82.1			-2	78.34									-2	83.82	-2	83.22	-2	55.30000000000001	-2	71.63999999999999																																																																
92	aoI	aoi			1.6666666666666667	119.73333333333333							-2	288.72000000000025	1.6666666666666667	128.66666666666669	1.6666666666666667	189.48666666666662	1.6666666666666667	222.86666666666656	1.6666666666666667	293.70666666666665																																																																																																													-2	83.26	-2	83.48													-2	50.46000000000001	-2	58.81999999999999
93	Ay	Au			2.8	122.53333333333333			2.8	242.75999999999993	2.8	259.48	2.8	291.52000000000027							-2	291.70666666666665																													-2	80.44	-2	93.75999999999999													-2	62.80000000000001	-2	76.34													-2	53.30000000000001	-2	69.63999999999999																																																																
94	yey	ueu	3.6	188.6666666666666	0	122.53333333333333			3.6	246.35999999999993	3.6	263.08000000000004	3.6	295.1200000000003							-2	289.70666666666665																																													-2	60.80000000000001	-2	74.34													-2	51.30000000000001	-2	67.63999999999999																																																									-2	76.48	-2	80.24000000000001	-2	48.46000000000001	-2	56.81999999999999
95	aII	Aii	1.0	189.6666666666666	0	122.53333333333333			-2	244.35999999999993	-2	261.08000000000004	-2	293.1200000000003	1.0	129.66666666666669	1.0	190.48666666666662	1.0	223.86666666666656	1.0	290.70666666666665																																																																																																																																
96	EEu	Eeu			7.2	129.73333333333332					-2	259.08000000000004	-2	291.1200000000003			7.2	197.6866666666666	7.2	231.06666666666655	7.2	297.90666666666664																																													-2	58.80000000000001	-2	72.34													-2	49.30000000000001	-2	65.63999999999999																									-2	96.24	-2	95.78	-2	98.04	-2	94.02									-2	90.08	-2	93.2	-2	81.26	-2	81.48									-2	74.48	-2	78.24000000000001	-2	46.46000000000001	-2	54.81999999999999
97	eey	eeu			2.0	131.73333333333332			2.0	246.35999999999993	2.0	261.08000000000004	2.0	293.1200000000003							-2	295.90666666666664																																													-2	56.80000000000001	-2	70.34													-2	47.30000000000001	-2	63.639999999999986																																																																
98	AeA	aea	3.6	193.2666666666666	0	131.73333333333332			3.6	249.95999999999992	3.6	264.68000000000006	3.6	296.7200000000003							-2	293.90666666666664																																													-2	54.80000000000001	-2	68.34													-2	45.30000000000001	-2	61.639999999999986																																																									-2	72.48	-2	76.24000000000001	-2	44.46000000000001	-2	52.81999999999999
99	oEa	oea			5.6	137.33333333333331					-2	262.68000000000006	-2	294.7200000000003			5.6	203.2866666666666	5.6	236.66666666666654	5.6	299.50666666666666																																													-2	52.80000000000001	-2	66.34													-2	43.30000000000001	-2	59.639999999999986																																									-2	88.08	-2	91.2	-2	79.26	-2	79.48									-2	70.48	-2	74.24000000000001	-2	42.46000000000001	-2	50.81999999999999
100	iAy	iau			1.2	138.5333333333333			1.2	251.1599999999999	1.2	263.88000000000005	1.2	295.9200000000003							-2	297.50666666666666																																																													-2	41.30000000000001	-2	57.639999999999986																																																																
101	AOe	Aoe			7.333333333333333	145.86666666666665	7.333333333333333	176.91333333333327	7.333333333333333	258.4933333333332	7.333333333333333	271.21333333333337	7.333333333333333	303.2533333333336					-2	234.66666666666654	-2	295.50666666666666																									-2	84.8	-2	88.54	-2	78.44	-2	91.75999999999999									-2	84.2	-2	80.1	-2	50.80000000000001	-2	64.34									-2	81.82	-2	81.22	-2	39.30000000000001	-2	55.639999999999986																																									-2	86.08	-2	89.2	-2	77.26	-2	77.48									-2	68.48	-2	72.24000000000001	-2	40.46000000000001	-2	48.81999999999999
103	aE	Ae	1.2	194.46666666666658	0	145.86666666666665			-2	256.4933333333332	-2	269.21333333333337	-2	301.2533333333336			1.2	204.4866666666666	1.2	235.86666666666653	1.2	296.70666666666665																																																																																																																																
104	uEI	uei			2.0	147.86666666666665					-2	267.21333333333337	-2	299.2533333333336	2.0	131.66666666666669	2.0	206.4866666666666	2.0	237.86666666666653	2.0	298.70666666666665																																																																																																																									-2	66.48	-2	70.24000000000001	-2	38.46000000000001	-2	46.81999999999999
105	uau	yau	6.0	200.46666666666658	0	147.86666666666665			-2	254.49333333333323	-2	265.21333333333337	-2	297.2533333333336							6.0	304.70666666666665																													-2	76.44	-2	89.75999999999999													-2	48.80000000000001	-2	62.34													-2	37.30000000000001	-2	53.639999999999986																																																																
106	iOe	ioe			4.666666666666667	152.5333333333333	4.666666666666667	181.57999999999993	4.666666666666667	259.1599999999999	4.666666666666667	269.88000000000005	4.666666666666667	301.9200000000003					-2	235.86666666666653	-2	302.70666666666665																																																									-2	79.82	-2	79.22	-2	35.30000000000001	-2	51.639999999999986																																									-2	84.08	-2	87.2	-2	75.26	-2	75.48									-2	64.48	-2	68.24000000000001	-2	36.46000000000001	-2	44.81999999999999
107	oE	oe			4.0	156.5333333333333					-2	267.88000000000005	-2	299.9200000000003			4.0	210.4866666666666	4.0	239.86666666666653	4.0	306.70666666666665																																																																																																									-2	82.08	-2	85.2	-2	73.26	-2	73.48									-2	62.480000000000004	-2	66.24000000000001	-2	34.46000000000001	-2	42.81999999999999
108	Oyi	oui	1.6666666666666667	202.13333333333324	0	156.5333333333333	1.6666666666666667	183.24666666666658	1.6666666666666667	260.8266666666666	1.6666666666666667	269.54666666666674	1.6666666666666667	301.586666666667					-2	237.86666666666653	-2	304.70666666666665																																																																																																															-2	71.48													-2	32.46000000000001	-2	40.81999999999999
109	Oey	oeu	4.666666666666667	206.7999999999999	0	156.5333333333333	4.666666666666667	187.91333333333324	4.666666666666667	265.4933333333333	4.666666666666667	274.2133333333334	4.666666666666667	306.25333333333367					-2	235.86666666666653	-2	302.70666666666665																																													-2	46.80000000000001	-2	60.34													-2	33.30000000000001	-2	49.639999999999986																																									-2	80.08	-2	83.2	-2	71.26	-2	69.48									-2	60.480000000000004	-2	64.24000000000001	-2	30.460000000000008	-2	38.81999999999999
110	AOA	aoa	0.6666666666666666	207.46666666666655	0	156.5333333333333	0.6666666666666666	188.5799999999999	0.6666666666666666	266.15999999999997	0.6666666666666666	274.8800000000001	0.6666666666666666	306.92000000000036					-2	233.86666666666653	-2	300.70666666666665																																																																																																																																
111	aoI	aoi			1.6666666666666667	158.19999999999996							-2	304.92000000000036	1.6666666666666667	133.33333333333334	1.6666666666666667	212.15333333333325	1.6666666666666667	235.5333333333332	1.6666666666666667	302.37333333333333																																																																																																													-2	69.26	-2	67.48													-2	28.460000000000008	-2	36.81999999999999
112	yeO	ueo	4.666666666666667	212.1333333333332	0	158.19999999999996	4.666666666666667	193.24666666666656	4.666666666666667	270.82666666666665	4.666666666666667	279.5466666666668	4.666666666666667	309.58666666666704					-2	233.5333333333332	-2	300.37333333333333																																									-2	82.2	-2	78.1	-2	44.80000000000001	-2	58.34									-2	77.82	-2	77.22	-2	31.30000000000001	-2	47.639999999999986																																																									-2	58.480000000000004	-2	62.24000000000001	-2	26.460000000000008	-2	34.81999999999999
113	EEa	eea	2.4	214.53333333333322	0	158.19999999999996					-2	277.5466666666668	-2	307.58666666666704			2.4	214.55333333333326	2.4	235.9333333333332	2.4	302.7733333333333																																													-2	42.80000000000001	-2	56.34													-2	29.30000000000001	-2	45.639999999999986																																																																
114	aoo	Aoo	10.0	224.53333333333322	0	158.19999999999996			-2	268.82666666666665	-2	275.5466666666668	-2	305.58666666666704							10.0	312.7733333333333																									-2	82.8	-2	86.54	-2	74.44	-2	87.75999999999999									-2	80.2	-2	76.1	-2	40.80000000000001	-2	54.34									-2	75.82	-2	75.22	-2	27.30000000000001	-2	43.639999999999986																																																																
116	OOO	Ooo			6.0	164.19999999999996	6.0	199.24666666666656	6.0	274.82666666666665	6.0	281.5466666666668	6.0	311.58666666666704					-2	233.9333333333332	-2	310.7733333333333									-2	90.18	-2	92.12	-2	88.7	-2	94.54									-2	80.8	-2	84.54	-2	72.44	-2	85.75999999999999									-2	78.2	-2	74.1	-2	38.80000000000001	-2	52.34									-2	73.82	-2	73.22	-2	25.30000000000001	-2	41.639999999999986																																																																
117	oIo	Oio	4.666666666666667	229.19999999999987	0	164.19999999999996	-2	197.24666666666656	-2	272.82666666666665	-2	279.5466666666668	-2	309.58666666666704	4.666666666666667	138.0	4.666666666666667	219.2199999999999	4.666666666666667	238.59999999999985	4.666666666666667	315.44											-2	90.12			-2	92.54											-2	82.54			-2	83.75999999999999											-2	72.1			-2	50.34									-2	71.82	-2	71.22	-2	23.30000000000001	-2	39.639999999999986																																																																
118	yOe	uoe	3.3333333333333335	232.53333333333322	0	164.19999999999996	3.3333333333333335	200.5799999999999	3.3333333333333335	276.15999999999997	3.3333333333333335	282.8800000000001	3.3333333333333335	312.92000000000036					-2	236.59999999999985	-2	313.44																																																																																																									-2	78.08	-2	81.2	-2	67.26	-2	65.48									-2	56.480000000000004	-2	60.24000000000001	-2	24.460000000000008	-2	32.81999999999999
119	oEu	oeu			5.6	169.79999999999995					-2	280.8800000000001	-2	310.92000000000036			5.6	224.8199999999999	5.6	242.19999999999985	5.6	319.04																																													-2	36.80000000000001	-2	48.34													-2	21.30000000000001	-2	37.639999999999986																																									-2	76.08	-2	79.2	-2	65.26	-2	63.480000000000004									-2	54.480000000000004	-2	58.24000000000001	-2	22.460000000000008	-2	30.819999999999993
120	Aie	aie	1.6	234.1333333333332	0	169.79999999999995			1.6	277.76	1.6	282.48000000000013	1.6	312.5200000000004							-2	317.04																																																																																																																											-2	56.24000000000001	-2	20.460000000000008	-2	28.819999999999993
123	Ay	au	0.4	234.53333333333322	0	169.79999999999995			0.4	278.15999999999997	0.4	282.8800000000001	0.4	312.92000000000036							-2	315.04																																																																																																																																
124	OeO	oeo	6.0	240.53333333333322	0	169.79999999999995	6.0	206.5799999999999	6.0	284.15999999999997	6.0	288.8800000000001	6.0	318.92000000000036					-2	240.19999999999985	-2	313.04																																									-2	76.2	-2	70.1	-2	34.80000000000001	-2	46.34									-2	69.82	-2	69.22	-2	19.30000000000001	-2	35.639999999999986																																									-2	74.08	-2	77.2	-2	63.260000000000005	-2	61.480000000000004									-2	52.480000000000004	-2	54.24000000000001	-2	18.460000000000008	-2	26.819999999999993
127	oIo	oio			3.0	172.79999999999995							-2	316.92000000000036	3.0	141.0	3.0	227.8199999999999	3.0	243.19999999999985	3.0	316.04																																																									-2	67.82	-2	67.22	-2	17.30000000000001	-2	33.639999999999986																																													-2	61.260000000000005	-2	59.480000000000004													-2	16.460000000000008	-2	24.819999999999993
128	AA	Aa			2.8	175.59999999999997			2.8	286.96	2.8	291.6800000000001	2.8	319.72000000000037							-2	314.04																													-2	70.44	-2	81.75999999999999													-2	32.80000000000001	-2	44.34													-2	15.300000000000011	-2	31.639999999999986																																																																
129	oIE	oie			2.6666666666666665	178.26666666666662					-2	289.6800000000001	-2	317.72000000000037	2.6666666666666665	143.66666666666666	2.6666666666666665	230.48666666666657	2.6666666666666665	245.8666666666665	2.6666666666666665	316.7066666666667																																																																																																											-2	75.2	-2	59.260000000000005	-2	57.480000000000004											-2	52.24000000000001	-2	14.460000000000008	-2	22.819999999999993
131	eyy	Euu	1.2	241.7333333333332	0	178.26666666666662			1.2	288.15999999999997	1.2	290.8800000000001	1.2	318.92000000000036			-2	228.48666666666657	-2	243.8666666666665	-2	314.7066666666667																																																																																																																																
134	aEE	Aee	1.2	242.9333333333332	0	178.26666666666662			-2	286.15999999999997	-2	288.8800000000001	-2	316.92000000000036			1.2	229.68666666666655	1.2	245.0666666666665	1.2	315.9066666666667																																																																																																																																
136	EE	ee	0.8	243.7333333333332	0	178.26666666666662					-2	286.8800000000001	-2	314.92000000000036			0.8	230.48666666666657	0.8	245.8666666666665	0.8	316.7066666666667																																																																																																																																
137	AiA	Aia			2.0	180.26666666666662			2.0	288.15999999999997	2.0	288.8800000000001	2.0	316.92000000000036							-2	314.7066666666667																															-2	79.75999999999999															-2	42.34													-2	13.300000000000011	-2	29.639999999999986																																																																
138	EIE	Eie			3.6666666666666665	183.93333333333328					-2	286.8800000000001	-2	314.92000000000036	3.6666666666666665	147.33333333333331	3.6666666666666665	234.15333333333322	3.6666666666666665	249.53333333333316	3.6666666666666665	318.3733333333334																																																																																											-2	93.78	-2	96.04	-2	92.02											-2	73.2	-2	57.260000000000005	-2	55.480000000000004											-2	50.24000000000001	-2	12.460000000000008	-2	20.819999999999993
139	yAi	yai			3.6	187.53333333333327			3.6	291.76	3.6	290.48000000000013	3.6	318.5200000000004							-2	316.3733333333334																													-2	68.44	-2	77.75999999999999													-2	30.80000000000001	-2	40.34													-2	11.300000000000011	-2	27.639999999999986																																																													-2	10.460000000000008	-2	18.819999999999993
140	Eoa	eoa	4.0	247.7333333333332	0	187.53333333333327					-2	288.48000000000013	-2	316.5200000000004			4.0	238.15333333333322	4.0	253.53333333333316	4.0	320.3733333333334																																									-2	74.2	-2	68.1	-2	28.80000000000001	-2	38.34									-2	65.82	-2	65.22	-2	9.300000000000011	-2	25.639999999999986																																																																
141	AeO	aeo	4.666666666666667	252.39999999999986	0	187.53333333333327	4.666666666666667	211.24666666666656	4.666666666666667	296.4266666666667	4.666666666666667	293.1466666666668	4.666666666666667	321.18666666666707					-2	251.53333333333316	-2	318.3733333333334																																									-2	72.2	-2	66.1	-2	26.80000000000001	-2	36.34									-2	63.81999999999999	-2	63.22	-2	7.300000000000011	-2	23.639999999999986																																																									-2	50.480000000000004	-2	48.24000000000001	-2	8.460000000000008	-2	16.819999999999993
142	ouo	Ouo	8.0	260.39999999999986	0	187.53333333333327	-2	209.24666666666656	-2	294.4266666666667	-2	291.1466666666668	-2	319.18666666666707					8.0	259.5333333333332	8.0	326.3733333333334											-2	88.12	-2	86.7	-2	90.54											-2	80.54	-2	66.44	-2	75.75999999999999											-2	64.1	-2	24.80000000000001	-2	34.34											-2	61.22	-2	5.300000000000011	-2	21.639999999999986																																																																
143	yyA	uua	0.4	260.79999999999984	0	187.53333333333327			0.4	294.82666666666665	0.4	291.5466666666668	0.4	319.58666666666704							-2	324.3733333333334																																																																																																																																
144	iAA	iaa			1.2	188.73333333333326			1.2	296.02666666666664	1.2	292.7466666666668	1.2	320.78666666666703							-2	322.3733333333334																																																													-2	3.3000000000000114	-2	19.639999999999986																																																																
145	iAy	iau			1.2	189.93333333333325			1.2	297.22666666666663	1.2	293.9466666666668	1.2	321.986666666667							-2	320.3733333333334																																																													-2	1.3000000000000114	-2	17.639999999999986																																																																
146	ei	Ei	4.5	265.29999999999984	0	189.93333333333325					4.5	298.4466666666668	4.5	326.486666666667			-2	236.15333333333322	-2	257.5333333333332	-2	318.3733333333334																																																																																													-2	94.04	-2	90.02													-2	55.260000000000005	-2	53.480000000000004													-2	6.460000000000008	-2	14.819999999999993
149	ooI	ooi			1.6666666666666667	191.5999999999999							-2	324.486666666667	1.6666666666666667	148.99999999999997	1.6666666666666667	237.81999999999988	1.6666666666666667	259.1999999999999	1.6666666666666667	320.0400000000001																																																																																																													-2	53.260000000000005	-2	51.480000000000004													-2	4.460000000000008	-2	12.819999999999993
150	oaa	Oaa	6.0	271.29999999999984	0	191.5999999999999	-2	207.24666666666656	-2	295.22666666666663	-2	296.4466666666668	-2	322.486666666667					6.0	265.1999999999999	6.0	326.0400000000001													-2	84.7	-2	88.54													-2	64.44	-2	73.75999999999999													-2	22.80000000000001	-2	32.34													-2	-0.6999999999999886	-2	15.639999999999986																																																																
151	ye	ue	2.0	273.29999999999984	0	191.5999999999999			2.0	297.22666666666663	2.0	298.4466666666668	2.0	324.486666666667							-2	324.0400000000001																																																																																																																									-2	48.480000000000004	-2	46.24000000000001	-2	2.460000000000008	-2	10.819999999999993
152	eAy	Eau	1.2	274.49999999999983	0	191.5999999999999			1.2	298.4266666666666	1.2	299.64666666666676	1.2	325.686666666667			-2	235.81999999999988	-2	263.1999999999999	-2	322.0400000000001																																																																																																																																
153	EIa	eia	1.6666666666666667	276.1666666666665	0	191.5999999999999					-2	297.64666666666676	-2	323.686666666667	1.6666666666666667	150.66666666666663	1.6666666666666667	237.48666666666654	1.6666666666666667	264.86666666666656	1.6666666666666667	323.70666666666676																																															-2	30.340000000000003													-2	-2.6999999999999886	-2	13.639999999999986																																																																
154	IEE	iee	0.6666666666666666	276.8333333333332	0	191.5999999999999					-2	295.64666666666676	-2	321.686666666667	0.6666666666666666	151.3333333333333	0.6666666666666666	238.1533333333332	0.6666666666666666	265.53333333333325	0.6666666666666666	324.37333333333345																																																																																																																																
157	iOA	ioa			2.0	193.5999999999999	2.0	209.24666666666656	2.0	300.4266666666666	2.0	297.64666666666676	2.0	323.686666666667					-2	263.53333333333325	-2	322.37333333333345																																																									-2	61.81999999999999	-2	59.22	-2	-4.699999999999989	-2	11.639999999999986																																																																
158	yey	ueu	3.6	280.4333333333332	0	193.5999999999999			3.6	304.02666666666664	3.6	301.2466666666668	3.6	327.28666666666703							-2	320.37333333333345																																													-2	20.80000000000001	-2	28.340000000000003													-2	-6.699999999999989	-2	9.639999999999986																																																									-2	46.480000000000004	-2	44.24000000000001	-2	0.46000000000000796	-2	8.819999999999993
159	oII	oii			1.6666666666666667	195.26666666666657							-2	325.28666666666703	1.6666666666666667	152.99999999999994	1.6666666666666667	239.81999999999985	1.6666666666666667	265.19999999999993	1.6666666666666667	322.04000000000013																																																																																																													-2	51.260000000000005	-2	49.480000000000004													-2	-1.539999999999992	-2	6.819999999999993
160	oEa	oea			5.6	200.86666666666656					-2	299.2466666666668	-2	323.28666666666703			5.6	245.41999999999985	5.6	270.79999999999995	5.6	327.64000000000016																																													-2	18.80000000000001	-2	26.340000000000003													-2	-8.699999999999989	-2	7.639999999999986																																									-2	72.08	-2	71.2	-2	49.260000000000005	-2	47.480000000000004									-2	44.480000000000004	-2	42.24000000000001	-2	-3.539999999999992	-2	4.819999999999993
161	AiA	Aia			2.0	202.86666666666656			2.0	306.02666666666664	2.0	301.2466666666668	2.0	325.28666666666703							-2	325.64000000000016																															-2	71.75999999999999															-2	24.340000000000003													-2	-10.699999999999989	-2	5.639999999999986																																																																
162	aoo	Aoo	10.0	290.4333333333332	0	202.86666666666656			-2	304.02666666666664	-2	299.2466666666668	-2	323.28666666666703							10.0	335.64000000000016																									-2	78.8	-2	78.54	-2	62.44	-2	69.75999999999999									-2	70.2	-2	62.099999999999994	-2	16.80000000000001	-2	22.340000000000003									-2	59.81999999999999	-2	57.22	-2	-12.699999999999989	-2	3.6399999999999864																																																																
163	eAO	Eao	1.0	291.4333333333332	0	202.86666666666656	1.0	210.24666666666656	1.0	305.02666666666664	1.0	300.2466666666668	1.0	324.28666666666703			-2	243.41999999999985	-2	268.79999999999995	-2	333.64000000000016																																																																																																																																
164	eOy	Eou	1.0	292.4333333333332	0	202.86666666666656	1.0	211.24666666666656	1.0	306.02666666666664	1.0	301.2466666666668	1.0	325.28666666666703			-2	241.41999999999985	-2	266.79999999999995	-2	331.64000000000016																																																																																																																																
165	Aey	aeu	3.6	296.03333333333325	0	202.86666666666656			3.6	309.62666666666667	3.6	304.8466666666668	3.6	328.88666666666705							-2	329.64000000000016																																													-2	14.800000000000011	-2	20.340000000000003													-2	-14.699999999999989	-2	1.6399999999999864																																																									-2	42.480000000000004	-2	40.24000000000001	-2	-5.539999999999992	-2	2.819999999999993
166	AiA	aia	2.0	298.03333333333325	0	202.86666666666656			2.0	311.62666666666667	2.0	306.8466666666668	2.0	330.88666666666705							-2	327.64000000000016																																																													-2	-16.69999999999999	-2	-0.36000000000001364																																																													-2	-7.539999999999992	-2	0.8199999999999932
167	oaE	Oae	6.4	304.4333333333332	0	202.86666666666656	-2	209.24666666666656	-2	309.62666666666667	-2	304.8466666666668	-2	328.88666666666705			6.4	247.81999999999985	6.4	273.19999999999993	6.4	334.04000000000013													-2	82.7	-2	86.54													-2	60.44	-2	67.75999999999999													-2	12.800000000000011	-2	18.340000000000003													-2	-18.69999999999999	-2	-2.3600000000000136																																																									-2	40.480000000000004	-2	38.24000000000001	-2	-9.539999999999992	-2	-1.1800000000000068
168	eyA	Eua	1.2	305.6333333333332	0	202.86666666666656			1.2	310.82666666666665	1.2	306.0466666666668	1.2	330.08666666666704			-2	245.81999999999985	-2	271.19999999999993	-2	332.04000000000013																																																																																																																																
169	uaI	yai	3.6666666666666665	309.2999999999999	0	202.86666666666656			-2	308.82666666666665	-2	304.0466666666668	-2	328.08666666666704	3.6666666666666665	156.6666666666666	3.6666666666666665	249.4866666666665	3.6666666666666665	274.8666666666666	3.6666666666666665	335.7066666666668																													-2	58.44	-2	65.75999999999999													-2	10.800000000000011	-2	16.340000000000003													-2	-20.69999999999999	-2	-4.360000000000014																																																													-2	-11.539999999999992	-2	-3.180000000000007
170	AOO	aoo	0.6666666666666666	309.9666666666666	0	202.86666666666656	0.6666666666666666	209.9133333333332	0.6666666666666666	309.49333333333334	0.6666666666666666	304.7133333333335	0.6666666666666666	328.7533333333337					-2	272.8666666666666	-2	333.7066666666668																																																																																																																																
171	eA	ea			2.0	204.86666666666656			2.0	311.49333333333334	2.0	306.7133333333335	2.0	330.7533333333337							-2	331.7066666666668																																													-2	8.800000000000011	-2	14.340000000000003													-2	-22.69999999999999	-2	-6.360000000000014																																																																
172	Oye	oue	2.6666666666666665	312.63333333333327	0	204.86666666666656	2.6666666666666665	212.57999999999987	2.6666666666666665	314.16	2.6666666666666665	309.38000000000017	2.6666666666666665	333.4200000000004					-2	270.8666666666666	-2	329.7066666666668																																																																																																											-2	69.2			-2	45.480000000000004									-2	38.480000000000004	-2	36.24000000000001	-2	-13.539999999999992	-2	-5.180000000000007
173	IoE	ioe	4.666666666666667	317.29999999999995	0	204.86666666666656					-2	307.38000000000017	-2	331.4200000000004	4.666666666666667	161.33333333333326	4.666666666666667	254.15333333333317	4.666666666666667	275.5333333333333	4.666666666666667	334.3733333333335																																																									-2	57.81999999999999	-2	55.22	-2	-24.69999999999999	-2	-8.360000000000014																																									-2	70.08	-2	67.2	-2	47.260000000000005	-2	43.480000000000004									-2	36.480000000000004	-2	34.24000000000001	-2	-15.539999999999992	-2	-7.180000000000007
175	AyA	Aua			2.8	207.66666666666657			2.8	316.96000000000004	2.8	310.1800000000002	2.8	334.2200000000004							-2	332.3733333333335																													-2	56.44	-2	63.75999999999999													-2	6.800000000000011	-2	12.340000000000003													-2	-26.69999999999999	-2	-10.360000000000014																																																																
176	Ayy	Auu			2.8	210.46666666666658			2.8	319.76000000000005	2.8	312.9800000000002	2.8	337.02000000000044							-2	330.3733333333335																													-2	54.44	-2	61.75999999999999													-2	4.800000000000011	-2	10.340000000000003													-2	-28.69999999999999	-2	-12.360000000000014																																																																
177	aau	Aau	6.0	323.29999999999995	0	210.46666666666658			-2	317.76000000000005	-2	310.9800000000002	-2	335.02000000000044							6.0	336.3733333333335																													-2	52.44	-2	59.75999999999999													-2	2.8000000000000114	-2	8.340000000000003													-2	-30.69999999999999	-2	-14.360000000000014																																																																
178	EaI	eai	2.6666666666666665	325.96666666666664	0	210.46666666666658					-2	308.9800000000002	-2	333.02000000000044	2.6666666666666665	163.99999999999991	2.6666666666666665	256.8199999999998	2.6666666666666665	278.2	2.6666666666666665	339.0400000000002																																													-2	0.8000000000000114	-2	6.340000000000003													-2	-32.69999999999999	-2	-16.360000000000014																																																													-2	-17.539999999999992	-2	-9.180000000000007
179	yyO	yuo			3.6666666666666665	214.13333333333324	3.6666666666666665	216.24666666666653	3.6666666666666665	321.42666666666673	3.6666666666666665	312.6466666666669	3.6666666666666665	336.6866666666671					-2	276.2	-2	337.0400000000002																											-2	76.54	-2	50.44	-2	57.75999999999999											-2	60.099999999999994	-2	-1.1999999999999886	-2	4.340000000000003											-2	53.22	-2	-34.69999999999999	-2	-18.360000000000014																																																																
180	AOe	aoe	3.3333333333333335	329.29999999999995	0	214.13333333333324	3.3333333333333335	219.57999999999987	3.3333333333333335	324.76000000000005	3.3333333333333335	315.9800000000002	3.3333333333333335	340.02000000000044					-2	274.2	-2	335.0400000000002																																																																																																									-2	68.08	-2	65.2	-2	45.260000000000005	-2	41.480000000000004									-2	34.480000000000004	-2	32.24000000000001	-2	-19.539999999999992	-2	-11.180000000000007
181	ua	ya	6.0	335.29999999999995	0	214.13333333333324			-2	322.76000000000005	-2	313.9800000000002	-2	338.02000000000044							6.0	341.0400000000002																													-2	48.44	-2	55.75999999999999													-2	-3.1999999999999886	-2	2.3400000000000034													-2	-36.69999999999999	-2	-20.360000000000014																																																																
182	eOO	eoo			3.3333333333333335	217.46666666666658	3.3333333333333335	222.9133333333332	3.3333333333333335	326.09333333333336	3.3333333333333335	317.3133333333335	3.3333333333333335	341.35333333333375					-2	272.2	-2	339.0400000000002																																									-2	68.2	-2	58.099999999999994	-2	-5.199999999999989	-2	0.3400000000000034									-2	55.81999999999999	-2	51.22	-2	-38.69999999999999	-2	-22.360000000000014																																																																
183	EEE	Eee			5.6	223.06666666666658					-2	315.3133333333335	-2	339.35333333333375			5.6	262.41999999999985	5.6	277.8	5.6	344.6400000000002																																																																																									-2	94.24	-2	91.78	-2	92.04	-2	88.02									-2	66.08	-2	63.2	-2	43.260000000000005	-2	39.480000000000004									-2	32.480000000000004	-2	30.24000000000001	-2	-21.539999999999992	-2	-13.180000000000007
184	Aiy	aiu	2.0	337.29999999999995	0	223.06666666666658			2.0	328.09333333333336	2.0	317.3133333333335	2.0	341.35333333333375							-2	342.6400000000002																																																													-2	-40.69999999999999	-2	-24.360000000000014																																																													-2	-23.539999999999992	-2	-15.180000000000007
185	OOA	Ooa			6.0	229.06666666666658	6.0	228.9133333333332	6.0	334.09333333333336	6.0	323.3133333333335	6.0	347.35333333333375					-2	275.8	-2	340.6400000000002									-2	88.18	-2	86.12	-2	80.7	-2	84.54									-2	76.8	-2	74.54	-2	46.44	-2	53.75999999999999									-2	66.2	-2	56.099999999999994	-2	-7.199999999999989	-2	-1.6599999999999966									-2	53.81999999999999	-2	49.22	-2	-42.69999999999999	-2	-26.360000000000014																																																																
186	Ioo	ioo	1.6666666666666667	338.96666666666664	0	229.06666666666658							-2	345.35333333333375	1.6666666666666667	165.66666666666657	1.6666666666666667	264.08666666666653	1.6666666666666667	277.4666666666667	1.6666666666666667	342.3066666666669																																																									-2	51.81999999999999	-2	47.22	-2	-44.69999999999999	-2	-28.360000000000014																																																																
188	uEa	uea			4.0	233.06666666666658					-2	321.3133333333335	-2	343.35333333333375			4.0	268.08666666666653	4.0	281.4666666666667	4.0	346.3066666666669																																													-2	-9.199999999999989	-2	-3.6599999999999966													-2	-46.69999999999999	-2	-30.360000000000014																																																									-2	30.480000000000004	-2	28.24000000000001	-2	-25.539999999999992	-2	-17.180000000000007
189	Iou	iou	1.6666666666666667	340.6333333333333	0	233.06666666666658							-2	341.35333333333375	1.6666666666666667	167.33333333333323	1.6666666666666667	269.7533333333332	1.6666666666666667	283.1333333333334	1.6666666666666667	347.9733333333336																																																									-2	49.81999999999999	-2	45.22	-2	-48.69999999999999	-2	-32.360000000000014																																																																
190	eAe	eae			3.6	236.66666666666657			3.6	337.6933333333334	3.6	324.9133333333335	3.6	344.9533333333338							-2	345.9733333333336																																													-2	-11.199999999999989	-2	-5.659999999999997													-2	-50.69999999999999	-2	-34.360000000000014																																																									-2	28.480000000000004	-2	26.24000000000001	-2	-27.539999999999992	-2	-19.180000000000007
191	EEo	Eeo			8.8	245.46666666666658					-2	322.9133333333335	-2	342.9533333333338			8.8	278.5533333333332	8.8	291.9333333333334	8.8	354.7733333333336																																									-2	64.2	-2	54.099999999999994	-2	-13.199999999999989	-2	-7.659999999999997									-2	47.81999999999999	-2	43.22	-2	-52.69999999999999	-2	-36.360000000000014																									-2	92.24	-2	89.78	-2	90.04	-2	86.02									-2	64.08	-2	61.2	-2	41.260000000000005	-2	37.480000000000004									-2	26.480000000000004	-2	24.24000000000001	-2	-29.539999999999992	-2	-21.180000000000007
192	OAi	oai	1.6666666666666667	342.3	0	245.46666666666658	1.6666666666666667	230.57999999999987	1.6666666666666667	339.36000000000007	1.6666666666666667	324.5800000000002	1.6666666666666667	344.62000000000046					-2	289.9333333333334	-2	352.7733333333336																																																																																																															-2	35.480000000000004													-2	-31.539999999999992	-2	-23.180000000000007
193	AAy	Aau			2.8	248.2666666666666			2.8	342.1600000000001	2.8	327.3800000000002	2.8	347.42000000000047							-2	350.7733333333336																													-2	44.44	-2	51.75999999999999													-2	-15.199999999999989	-2	-9.659999999999997													-2	-54.69999999999999	-2	-38.360000000000014																																																																
195	aoE	aoe			4.0	252.2666666666666					-2	325.3800000000002	-2	345.42000000000047			4.0	282.5533333333332	4.0	293.9333333333334	4.0	354.7733333333336																																																																																																									-2	62.08	-2	59.2	-2	39.260000000000005	-2	33.480000000000004									-2	24.480000000000004	-2	22.24000000000001	-2	-33.53999999999999	-2	-25.180000000000007
196	iA	ia			1.2	253.46666666666658			1.2	343.36000000000007	1.2	326.5800000000002	1.2	346.62000000000046							-2	352.7733333333336																																																													-2	-56.69999999999999	-2	-40.360000000000014																																																																
197	yOi	yoi			6.0	259.4666666666666	6.0	236.57999999999987	6.0	349.36000000000007	6.0	332.5800000000002	6.0	352.62000000000046					-2	291.9333333333334	-2	350.7733333333336																									-2	74.8	-2	72.54	-2	42.44	-2	49.75999999999999									-2	62.2	-2	52.099999999999994	-2	-17.19999999999999	-2	-11.659999999999997									-2	45.81999999999999	-2	41.22	-2	-58.69999999999999	-2	-42.360000000000014																																													-2	37.260000000000005	-2	31.480000000000004													-2	-35.53999999999999	-2	-27.180000000000007
198	yOy	you			4.666666666666667	264.13333333333327	4.666666666666667	241.24666666666653	4.666666666666667	354.02666666666676	4.666666666666667	337.2466666666669	4.666666666666667	357.28666666666714					-2	289.9333333333334	-2	348.7733333333336																									-2	72.8	-2	70.54	-2	40.44	-2	47.75999999999999									-2	60.2	-2	50.099999999999994	-2	-19.19999999999999	-2	-13.659999999999997									-2	43.81999999999999	-2	39.22	-2	-60.69999999999999	-2	-44.360000000000014																																																																
199	Iu	iu	1.0	343.3	0	264.13333333333327							-2	355.28666666666714	1.0	168.33333333333323	1.0	283.5533333333332	1.0	290.9333333333334	1.0	349.7733333333336																																																													-2	-62.69999999999999	-2	-46.360000000000014																																																																
200	uuI	yui	3.6666666666666665	346.9666666666667	0	264.13333333333327			-2	352.02666666666676	-2	335.2466666666669	-2	353.28666666666714	3.6666666666666665	171.9999999999999	3.6666666666666665	287.2199999999999	3.6666666666666665	294.6000000000001	3.6666666666666665	353.4400000000003																													-2	38.44	-2	45.75999999999999													-2	-21.19999999999999	-2	-15.659999999999997													-2	-64.69999999999999	-2	-48.360000000000014																																																													-2	-37.53999999999999	-2	-29.180000000000007
201	EuE	Eue			4.0	268.13333333333327					-2	333.2466666666669	-2	351.28666666666714			4.0	291.2199999999999	4.0	298.6000000000001	4.0	357.4400000000003																																																																																											-2	87.78			-2	84.02											-2	57.2			-2	29.480000000000004									-2	22.480000000000004	-2	20.24000000000001	-2	-39.53999999999999	-2	-31.180000000000007
202	iOy	iou			2.0	270.13333333333327	2.0	243.24666666666653	2.0	354.02666666666676	2.0	335.2466666666669	2.0	353.28666666666714					-2	296.6000000000001	-2	355.4400000000003																																																									-2	41.81999999999999	-2	37.22	-2	-66.69999999999999	-2	-50.360000000000014																																																																
203	Ay	au	0.4	347.3666666666667	0	270.13333333333327			0.4	354.42666666666673	0.4	335.6466666666669	0.4	353.6866666666671							-2	353.4400000000003																																																																																																																																
204	IEI	iei	0.6666666666666666	348.03333333333336	0	270.13333333333327					-2	333.6466666666669	-2	351.6866666666671	0.6666666666666666	172.66666666666654	0.6666666666666666	291.8866666666666	0.6666666666666666	297.26666666666677	0.6666666666666666	354.10666666666697																																																																																																																																
205	aaa	Aaa	6.0	354.03333333333336	0	270.13333333333327			-2	352.42666666666673	-2	331.6466666666669	-2	349.6866666666671							6.0	360.10666666666697																													-2	36.44	-2	43.75999999999999													-2	-23.19999999999999	-2	-17.659999999999997													-2	-68.69999999999999	-2	-52.360000000000014																																																																
206	yye	yue			4.4	274.53333333333325			4.4	356.8266666666667	4.4	336.04666666666685	4.4	354.0866666666671							-2	358.10666666666697																													-2	34.44	-2	41.75999999999999													-2	-25.19999999999999	-2	-19.659999999999997													-2	-70.69999999999999	-2	-54.360000000000014																																																									-2	20.480000000000004	-2	18.24000000000001	-2	-41.53999999999999	-2	-33.18000000000001
207	yOA	uoa	0.6666666666666666	354.70000000000005	0	274.53333333333325	0.6666666666666666	243.91333333333318	0.6666666666666666	357.4933333333334	0.6666666666666666	336.71333333333354	0.6666666666666666	354.7533333333338					-2	295.26666666666677	-2	356.10666666666697																																																																																																																																
208	iEo	ieo			1.3333333333333333	275.86666666666656					-2	334.71333333333354	-2	352.7533333333338			1.3333333333333333	293.2199999999999	1.3333333333333333	296.6000000000001	1.3333333333333333	357.4400000000003																																									-2	58.2	-2	48.099999999999994	-2	-27.19999999999999	-2	-21.659999999999997					1.3333333333333333	101.33333333333333	1.3333333333333333	101.33333333333333			1.3333333333333333	38.553333333333335			1.3333333333333333	-53.02666666666668																																																																
209	yA	ua	0.4	355.1	0	275.86666666666656			0.4	357.8933333333334	0.4	335.1133333333335	0.4	353.15333333333376							-2	355.4400000000003																																																																																																																																
210	uui	yui	4.5	359.6	0	275.86666666666656			-2	355.8933333333334	-2	333.1133333333335	-2	351.15333333333376							4.5	359.9400000000003																													-2	32.44	-2	39.75999999999999													-2	-29.19999999999999	-2	-23.659999999999997													-2	-72.69999999999999	-2	-55.02666666666668																																																															4.5	-28.680000000000007
212	OiA	oia	2.6666666666666665	362.2666666666667	0	275.86666666666656	2.6666666666666665	246.57999999999984	2.6666666666666665	358.56000000000006	2.6666666666666665	335.7800000000002	2.6666666666666665	353.82000000000045					-2	294.6000000000001	-2	357.9400000000003																																																													-2	-74.69999999999999	-2	-57.02666666666668																																													-2	35.260000000000005	-2	27.480000000000004													-2	-43.53999999999999	-2	-30.680000000000007
215	oea	Oea	1.0	363.2666666666667	0	275.86666666666656	-2	244.57999999999984	-2	356.56000000000006	-2	333.7800000000002	-2	351.82000000000045					1.0	295.6000000000001	1.0	358.9400000000003															-2	82.54															-2	37.75999999999999																																																																									1.0	63.08	1.0	58.2	1.0	36.260000000000005	1.0	28.480000000000004									1.0	21.480000000000004	1.0	19.24000000000001	1.0	-42.53999999999999	1.0	-29.680000000000007
217	AeO	Aeo			4.0	279.86666666666656	4.0	248.57999999999984	4.0	360.56000000000006	4.0	337.7800000000002	4.0	355.82000000000045					-2	293.6000000000001	-2	356.9400000000003																											-2	68.54			-2	35.75999999999999									-2	56.2	-2	46.099999999999994	-2	-31.19999999999999	-2	-25.659999999999997									-2	39.81999999999999	-2	36.553333333333335	-2	-76.69999999999999	-2	-59.02666666666668																																																																
230	uIu	uiu			1.6666666666666667	281.53333333333325							-2	353.82000000000045	1.6666666666666667	174.3333333333332	1.6666666666666667	294.8866666666666	1.6666666666666667	295.26666666666677	1.6666666666666667	358.60666666666697																																																													-2	-78.69999999999999	-2	-61.02666666666668																																																													-2	-44.53999999999999	-2	-31.680000000000007
233	Oy	Ou			3.6	285.13333333333327			3.6	364.1600000000001	3.6	341.3800000000002	3.6	357.42000000000047							-2	356.60666666666697													-2	78.7	-2	80.54													-2	30.439999999999998	-2	33.75999999999999													-2	-33.19999999999999	-2	-27.659999999999997													-2	-80.69999999999999	-2	-63.02666666666668																																																																
235	OEu	Oeu			0.14814814814814814	285.2814814814814					-2	339.3800000000002	-2	355.42000000000047			0.14814814814814814	295.03481481481475	0.14814814814814814	295.4148148148149	0.14814814814814814	356.7548148148151					0.14814814814814814	100.14814814814815	0.14814814814814814	100.14814814814815	0.14814814814814814	88.32814814814816	0.14814814814814814	86.26814814814816	0.14814814814814814	78.84814814814816	0.14814814814814814	80.68814814814816					0.14814814814814814	100.14814814814815	0.14814814814814814	100.14814814814815	0.14814814814814814	72.94814814814815	0.14814814814814814	68.68814814814816	0.14814814814814814	30.588148148148147	0.14814814814814814	33.908148148148136					0.14814814814814814	100.14814814814815	0.14814814814814814	100.14814814814815	0.14814814814814814	56.34814814814815	0.14814814814814814	46.24814814814814			0.14814814814814814	-27.511851851851848					0.14814814814814814	101.48148148148148	0.14814814814814814	101.48148148148148	0.14814814814814814	39.96814814814814	0.14814814814814814	36.70148148148148			0.14814814814814814	-62.87851851851853																																																																
236	uia	yia	2.0	365.2666666666667	0	285.2814814814814			-2	362.1600000000001	-2	337.3800000000002	-2	353.42000000000047							2.0	358.7548148148151																															-2	31.908148148148136															-2	-29.511851851851848																																																																													2.0	-42.53999999999999	2.0	-29.680000000000007
241	eEI	eei			0.2	285.4814814814814					-2	335.3800000000002	-2	351.42000000000047	0.2	174.5333333333332	0.2	295.23481481481474	0.2	295.6148148148149	0.2	358.9548148148151																																			0.2	100.2	0.2	100.34814814814816	0.2	100.34814814814816	0.2	56.54814814814815	0.2	46.44814814814814	0.2	-32.999999999999986	0.2	-29.31185185185185			0.2	100.2	0.2	101.68148148148148	0.2	101.68148148148148	0.2	40.16814814814814	0.2	36.90148148148148	0.2	-80.49999999999999	0.2	-62.67851851851853																																																																
248	uo	yo	10.0	375.2666666666667	0	285.4814814814814			-2	360.1600000000001	-2	333.3800000000002	-2	349.42000000000047							10.0	368.9548148148151																									-2	70.94814814814815	-2	66.68814814814816	-2	28.588148148148147	-2	29.908148148148136									-2	54.54814814814815	-2	44.44814814814814	-2	-34.999999999999986	-2	-31.31185185185185									-2	38.16814814814814	-2	34.90148148148148	-2	-82.49999999999999	-2	-64.67851851851853																																																																
249	yAy	yau			2.8	288.2814814814814			2.8	362.9600000000001	2.8	336.18000000000023	2.8	352.2200000000005							-2	366.9548148148151																													-2	26.588148148148147	-2	27.908148148148136													-2	-36.999999999999986	-2	-33.31185185185185													-2	-84.49999999999999	-2	-66.67851851851853																																																																
250	AyO	Auo			3.6666666666666665	291.9481481481481	3.6666666666666665	252.2466666666665	3.6666666666666665	366.6266666666668	3.6666666666666665	339.8466666666669	3.6666666666666665	355.88666666666717					-2	293.6148148148149	-2	364.9548148148151																											-2	64.68814814814816	-2	24.588148148148147	-2	25.908148148148136											-2	42.44814814814814	-2	-38.999999999999986	-2	-35.31185185185185											-2	32.90148148148148	-2	-86.49999999999999	-2	-68.67851851851853																																																																
255	aAA	aaa			0.18181818181818182	292.1299663299663			0.18181818181818182	366.80848484848497	0.18181818181818182	340.0284848484851	0.18181818181818182	356.06848484848535							-2	362.9548148148151																																																																																																																					0.18181818181818182	100.18181818181819	0.18181818181818182	100.18181818181819	0.18181818181818182	21.661818181818187	0.18181818181818182	19.421818181818193	0.18181818181818182	-42.35818181818181	0.18181818181818182	-29.498181818181823
258	AiA	Aia			2.0	294.1299663299663			2.0	368.80848484848497	2.0	342.0284848484851	2.0	358.06848484848535							-2	360.9548148148151																															-2	23.908148148148136															-2	-37.31185185185185													-2	-88.49999999999999	-2	-70.67851851851853																																																																
259	uIo	uio			2.3333333333333335	296.4632996632996							-2	356.06848484848535	2.3333333333333335	176.86666666666653	2.3333333333333335	297.56814814814805	2.3333333333333335	295.9481481481482	2.3333333333333335	363.2881481481484																																																									-2	36.16814814814814	-2	30.901481481481483	-2	-90.49999999999999	-2	-72.67851851851853																																																													-2	-44.35818181818181	-2	-31.498181818181823
291	yIo	yio			0.07142857142857142	296.53472823472816							-2	354.06848484848535	0.07142857142857142	176.93809523809512	0.07142857142857142	297.6395767195766	0.07142857142857142	296.0195767195768	0.07142857142857142	363.359576719577																	0.07142857142857142	100.07142857142857	0.07142857142857142	100.07142857142857	0.07142857142857142	100.21957671957672	0.07142857142857142	100.21957671957672	0.07142857142857142	71.01957671957672	0.07142857142857142	64.75957671957673	0.07142857142857142	24.65957671957672	0.07142857142857142	23.97957671957671	0.07142857142857142	100.07142857142857	0.07142857142857142	100.27142857142857	0.07142857142857142	100.41957671957672	0.07142857142857142	100.41957671957672	0.07142857142857142	54.61957671957672	0.07142857142857142	42.51957671957671	0.07142857142857142	-38.928571428571416	0.07142857142857142	-37.24042328042328	0.07142857142857142	100.07142857142857	0.07142857142857142	100.27142857142857	0.07142857142857142	101.75291005291005	0.07142857142857142	101.75291005291005			0.07142857142857142	30.972910052910056			0.07142857142857142	-72.60708994708996																																																																
293	OO	Oo			6.0	302.53472823472816	6.0	258.2466666666665	6.0	374.80848484848497	6.0	348.0284848484851	6.0	360.06848484848535					-2	294.0195767195768	-2	361.359576719577									-2	86.32814814814816	-2	84.26814814814816	-2	76.84814814814816	-2	78.68814814814816									-2	69.01957671957672	-2	62.75957671957673	-2	22.65957671957672	-2	21.97957671957671									-2	52.61957671957672	-2	40.51957671957671	-2	-40.928571428571416	-2	-39.24042328042328									-2	34.16814814814814	-2	28.972910052910056	-2	-92.49999999999999	-2	-74.60708994708996																																																																
295	oIa	Oia	3.0	378.2666666666667	0	302.53472823472816	-2	256.2466666666665	-2	372.80848484848497	-2	346.0284848484851	-2	358.06848484848535	3.0	179.93809523809512	3.0	300.6395767195766	3.0	297.0195767195768	3.0	364.359576719577															-2	76.68814814814816															-2	19.97957671957671															-2	-41.24042328042328													-2	-94.49999999999999	-2	-76.60708994708996																																																																
351	oo	Oo	10.0	388.2666666666667	0	302.53472823472816	-2	254.2466666666665	-2	370.80848484848497	-2	344.0284848484851	-2	356.06848484848535					10.0	307.0195767195768	10.0	374.359576719577									-2	84.32814814814816	-2	82.26814814814816	-2	74.84814814814816	-2	74.68814814814816									-2	67.01957671957672	-2	60.75957671957673	-2	20.65957671957672	-2	17.97957671957671									-2	50.61957671957672	-2	38.51957671957671	-2	-42.928571428571416	-2	-43.24042328042328									-2	32.16814814814814	-2	26.972910052910056	-2	-96.49999999999999	-2	-78.60708994708996																																																																
353	AiO	Aio			3.3333333333333335	305.8680615680615	3.3333333333333335	257.5799999999998	3.3333333333333335	374.1418181818183	3.3333333333333335	347.3618181818184	3.3333333333333335	359.40181818181867					-2	305.0195767195768	-2	372.359576719577																											-2	58.75957671957673			-2	15.979576719576709											-2	36.51957671957671			-2	-45.24042328042328									-2	30.16814814814814	-2	24.972910052910056	-2	-98.49999999999999	-2	-80.60708994708996																																																																
357	eOi	eoi			4.666666666666667	310.53472823472816	4.666666666666667	262.2466666666665	4.666666666666667	378.80848484848497	4.666666666666667	352.0284848484851	4.666666666666667	364.06848484848535					-2	303.0195767195768	-2	370.359576719577																																									-2	48.61957671957672	-2	34.51957671957671	-2	-44.928571428571416	-2	-47.24042328042328									-2	28.16814814814814	-2	22.972910052910056	-2	-100.49999999999999	-2	-82.60708994708996																																													-2	34.260000000000005	-2	26.480000000000004													-2	-46.35818181818181	-2	-33.49818181818182
376	yIE	yie			0.13333333333333333	310.6680615680615					-2	350.0284848484851	-2	362.06848484848535	0.13333333333333333	180.07142857142844	0.13333333333333333	300.77291005290994	0.13333333333333333	303.1529100529101	0.13333333333333333	370.4929100529103																	0.13333333333333333	100.20476190476191	0.13333333333333333	100.20476190476191	0.13333333333333333	100.35291005291006	0.13333333333333333	100.35291005291006	0.13333333333333333	67.15291005291006	0.13333333333333333	58.89291005291006	0.13333333333333333	20.792910052910052	0.13333333333333333	16.112910052910042	0.13333333333333333	100.20476190476191	0.13333333333333333	100.40476190476191	0.13333333333333333	100.55291005291006	0.13333333333333333	100.55291005291006	0.13333333333333333	48.75291005291005	0.13333333333333333	34.652910052910045	0.13333333333333333	-44.79523809523808	0.13333333333333333	-47.107089947089946	0.13333333333333333	100.20476190476191	0.13333333333333333	100.40476190476191	0.13333333333333333	101.8862433862434	0.13333333333333333	101.8862433862434	0.13333333333333333	28.301481481481474	0.13333333333333333	23.10624338624339	0.13333333333333333	-100.36666666666665	0.13333333333333333	-82.47375661375662																																																																
650	uuI	uui			1.0	311.6680615680615							-2	360.06848484848535	1.0	181.07142857142844	1.0	301.77291005290994	1.0	304.1529100529101	1.0	371.4929100529103																																																																																																																													-2	-48.35818181818181	-2	-35.49818181818182
654	EyA	Eua			0.08695652173913043	311.7550180898006			0.08695652173913043	378.8954413702241	0.08695652173913043	350.11544137022423	0.08695652173913043	360.1554413702245							-2	369.4929100529103																																																																																					0.08695652173913043	100.08695652173913	0.08695652173913043	100.08695652173913	0.08695652173913043	92.32695652173912	0.08695652173913043	87.86695652173913	0.08695652173913043	90.12695652173913	0.08695652173913043	84.10695652173912					0.08695652173913043	100.08695652173913	0.08695652173913043	100.08695652173913	0.08695652173913043	63.16695652173913	0.08695652173913043	58.286956521739135	0.08695652173913043	34.34695652173914	0.08695652173913043	26.566956521739133					0.08695652173913043	100.26877470355731	0.08695652173913043	100.26877470355731	0.08695652173913043	21.748774703557316	0.08695652173913043	19.50877470355732	0.08695652173913043	-48.27122529644268	0.08695652173913043	-35.41122529644269
1145	yEu	yeu			0.19047619047619047	311.9454942802768					-2	348.11544137022423	-2	358.1554413702245			0.19047619047619047	301.96338624338614	0.19047619047619047	304.3433862433863	0.19047619047619047	369.6833862433865																					0.19047619047619047	100.54338624338625	0.19047619047619047	100.54338624338625	0.19047619047619047	67.34338624338625	0.19047619047619047	59.08338624338625	0.19047619047619047	20.983386243386242	0.19047619047619047	16.30338624338623					0.19047619047619047	100.74338624338625	0.19047619047619047	100.74338624338625	0.19047619047619047	48.94338624338624	0.19047619047619047	34.843386243386234			0.19047619047619047	-46.916613756613756					0.19047619047619047	102.07671957671958	0.19047619047619047	102.07671957671958	0.19047619047619047	28.491957671957664	0.19047619047619047	23.29671957671958			0.19047619047619047	-82.28328042328043																																																																
2055	eyO	euo			2.6666666666666665	314.6121609469435	2.6666666666666665	264.9133333333332	2.6666666666666665	381.5621080368908	2.6666666666666665	350.7821080368909	2.6666666666666665	360.82210803689117					-2	302.3433862433863	-2	367.6833862433865																																											-2	32.843386243386234	-2	-46.79523809523808	-2	-48.916613756613756											-2	21.29671957671958	-2	-102.36666666666665	-2	-84.28328042328043																																																																
2070	EIu	Eiu			3.0	317.6121609469435							-2	358.82210803689117	3.0	184.07142857142844	3.0	304.96338624338614	3.0	305.3433862433863	3.0	370.6833862433865																																																													-2	-104.36666666666665	-2	-86.28328042328043																													-2	88.12695652173913	-2	82.10695652173912													-2	32.34695652173914	-2	24.566956521739133													-2	-50.27122529644268	-2	-37.41122529644269
2289	aa	Aa	6.0	394.2666666666667	0	317.6121609469435			-2	379.5621080368908	-2	348.7821080368909	-2	356.82210803689117							6.0	376.6833862433865																													-2	18.983386243386242	-2	14.303386243386232													-2	-48.79523809523808	-2	-50.916613756613756													-2	-106.36666666666665	-2	-88.28328042328043																																																																
2290	eAO	eao			2.6666666666666665	320.2788276136102	2.6666666666666665	267.57999999999987	2.6666666666666665	382.22877470355746	2.6666666666666665	351.4487747035576	2.6666666666666665	359.48877470355785					-2	303.3433862433863	-2	374.6833862433865																																											-2	30.843386243386234	-2	-50.79523809523808	-2	-52.916613756613756											-2	19.29671957671958	-2	-108.36666666666665	-2	-90.28328042328043																																																																
2427	OAy	Oau			3.6	323.8788276136102			3.6	385.8287747035575	3.6	355.0487747035576	3.6	363.0887747035579							-2	372.6833862433865													-2	72.84814814814816	-2	72.68814814814816													-2	16.983386243386242	-2	12.303386243386232													-2	-52.79523809523808	-2	-54.916613756613756													-2	-110.36666666666665	-2	-92.28328042328043																																																																
5374	ueu	yeu	0.11428571428571428	394.3809523809524	0	323.8788276136102			-0.2	385.6287747035575	-0.2	354.84877470355764	-0.2	362.8887747035579							0.11428571428571428	372.7976719576722																															-0.2	12.103386243386232																																																																																									0.11428571428571428	21.86306041784303	0.11428571428571428	19.623060417843035	0.11428571428571428	-50.156939582156966	0.11428571428571428	-37.29693958215697
6333	oeu	Oeu	0.1	394.48095238095243	0	323.8788276136102	-0.2	267.3799999999999	-0.2	385.4287747035575	-0.2	354.64877470355765	-0.2	362.6887747035579					0.1	303.4433862433863	0.1	372.89767195767223															-0.2	72.48814814814816															-0.2	11.903386243386233																																																																									0.1	63.26695652173913	0.1	58.38695652173914	0.1	32.44695652173914	0.1	24.666956521739134									0.1	21.96306041784303	0.1	19.723060417843037	0.1	-50.056939582156964	0.1	-37.19693958215697
7464	oue	Oue	0.30000000000000004	394.78095238095244	0	323.8788276136102	-0.2	267.1799999999999	-0.2	385.2287747035575	-0.2	354.44877470355766	-0.2	362.4887747035579					0.30000000000000004	303.74338624338634	0.30000000000000004	373.19767195767224													-0.2	72.64814814814815	-0.2	72.28814814814815													-0.2	16.783386243386243	-0.2	11.703386243386234													-0.2	-52.995238095238086	-0.2	-55.11661375661376													-0.2	-110.56666666666665	-0.2	-92.48328042328043																																											0.30000000000000004	58.686956521739134			0.30000000000000004	24.966956521739135											0.30000000000000004	20.023060417843038			0.30000000000000004	-36.896939582156975
10912	ueu	yeu	0.011428571428571429	394.792380952381	0	323.8788276136102			-0.02	385.20877470355754	-0.02	354.4287747035577	-0.02	362.4687747035579							0.011428571428571429	373.2091005291008																															-0.02	11.683386243386234																																																																																									0.011428571428571429	21.974488989271602	0.011428571428571429	20.03448898927161	0.011428571428571429	-50.04551101072839	0.011428571428571429	-36.8855110107284
11341	iI	ii			0.0014285714285714286	323.8802561850388							-0.02	362.44877470355794	0.0014285714285714286	184.072857142857	0.0014285714285714286	304.9648148148147	0.0014285714285714286	303.7448148148149	0.0014285714285714286	373.21052910052936																																																	0.0014285714285714286	100.20619047619049	0.0014285714285714286	100.40619047619049	0.0014285714285714286	102.07814814814816	0.0014285714285714286	102.07814814814816	0.0014285714285714286	28.493386243386237	0.0014285714285714286	19.29814814814815	0.0014285714285714286	-110.56523809523807	0.0014285714285714286	-92.48185185185186																																																																
11946	aee	Aee	0.008571428571428572	394.8009523809524	0	323.8802561850388			-0.02	385.18877470355756	-0.02	354.4087747035577	-0.02	362.42877470355796							0.008571428571428572	373.2191005291008																																																																																																																									0.008571428571428572	21.98306041784303	0.008571428571428572	20.043060417843037	0.008571428571428572	-50.03693958215696	0.008571428571428572	-36.87693958215697
17978	yEu	yeu			0.00019047619047619048	323.88044666122926					-0.002	354.4067747035577	-0.002	362.42677470355795			0.00019047619047619048	304.9650052910052	0.00019047619047619048	303.7450052910054	0.00019047619047619048	373.21929100529127																					0.00019047619047619048	100.54357671957673	0.00019047619047619048	100.54357671957673	0.00019047619047619048	67.34357671957673	0.00019047619047619048	59.083576719576726	0.00019047619047619048	16.78357671957672	0.00019047619047619048	11.68357671957671					0.00019047619047619048	100.74357671957674	0.00019047619047619048	100.74357671957674	0.00019047619047619048	48.94357671957672	0.00019047619047619048	30.84357671957671			0.00019047619047619048	-55.116423280423284					0.00019047619047619048	102.07833862433864	0.00019047619047619048	102.07833862433864	0.00019047619047619048	28.493576719576712	0.00019047619047619048	19.298338624338626			0.00019047619047619048	-92.48166137566137																																																																
TOTAL				394.8009523809524		323.88044666122926		267.1799999999999		385.18877470355756		354.4067747035577		362.42677470355795		184.072857142857		304.9650052910052		303.7450052910054		373.21929100529127		100.0		100.0		100.14814814814815		100.14814814814815		84.32814814814816		82.26814814814816		72.64814814814815		72.28814814814815		100.20476190476191		100.20476190476191		100.54357671957673		100.54357671957673		67.34357671957673		59.083576719576726		16.78357671957672		11.68357671957671		100.20476190476191		100.40476190476191		100.74357671957674		100.74357671957674		48.94357671957672		30.84357671957671		-52.995238095238086		-55.116423280423284		100.20619047619049		100.40619047619049		102.07833862433864		102.07833862433864		28.493576719576712		19.298338624338626		-110.56523809523807		-92.48166137566137		100.0		100.0		100.0		100.0		100.0		100.0		100.0		100.0		100.0		100.0		100.08695652173913		100.08695652173913		92.32695652173912		87.86695652173913		88.12695652173913		82.10695652173912		100.0		100.0		100.08695652173913		100.08695652173913		63.26695652173913		58.686956521739134		32.44695652173914		24.966956521739135		100.0		100.0		100.26877470355731		100.26877470355731		21.98306041784303		20.043060417843037		-50.03693958215696		-36.87693958215697
