trialnum	Generated	Heard	Id(Bk)Syl1	now	Id(Bk)	now	*F1	now	*F3	now	*F4	now	*F5	now	*B1	now	*B2	now	*B3	now	*B5	now	*F1_B1	now	*F1..._B1	now	*F1_B2	now	*F1..._B2	now	*F1_B3	now	*F1..._B3	now	*F1_B5	now	*F1..._B5	now	*F3_B1	now	*F3..._B1	now	*F3_B2	now	*F3..._B2	now	*F3_B3	now	*F3..._B3	now	*F3_B5	now	*F3..._B5	now	*F4_B1	now	*F4..._B1	now	*F4_B2	now	*F4..._B2	now	*F4_B3	now	*F4..._B3	now	*F4_B5	now	*F4..._B5	now	*F5_B1	now	*F5..._B1	now	*F5_B2	now	*F5..._B2	now	*F5_B3	now	*F5..._B3	now	*F5_B5	now	*F5..._B5	now	*_B1F1	now	*_B1...F1	now	*_B1F3	now	*_B1...F3	now	*_B1F4	now	*_B1...F4	now	*_B1F5	now	*_B1...F5	now	*_B2F1	now	*_B2...F1	now	*_B2F3	now	*_B2...F3	now	*_B2F4	now	*_B2...F4	now	*_B2F5	now	*_B2...F5	now	*_B3F1	now	*_B3...F1	now	*_B3F3	now	*_B3...F3	now	*_B3F4	now	*_B3...F4	now	*_B3F5	now	*_B3...F5	now	*_B5F1	now	*_B5...F1	now	*_B5F3	now	*_B5...F3	now	*_B5F4	now	*_B5...F4	now	*_B5F5	now	*_B5...F5	now
				0		0		111.52		133.32		180.18		228.85999999999999		100.0		111.06		158.0		255.48		100.0		100.0		100.0		100.0		101.8		103.6		106.76		112.86		100.0		100.0		100.0		100.0		106.08		111.9		119.84		137.26		100.0		100.0		100.0		100.0		111.82		117.84		136.56		154.96		100.0		100.0		100.0		100.0		118.12		123.72		154.72		171.74		100.0		100.0		100.0		100.0		100.0		100.0		100.0		100.0		100.0		100.0		100.0		100.0		102.2		103.56		104.46		106.6		100.0		100.0		100.0		100.0		107.94		111.0		115.6		119.75999999999999		100.0		100.0		100.0		100.0		118.82		124.86		137.76		146.32
1	ieO	ieo			2	2	2	113.52	2	135.32	2	182.18	2	230.85999999999999					-2	156.0	-2	253.48																																									-2	109.82	-2	115.84	-2	134.56	-2	152.96									-2	116.12	-2	121.72	-2	152.72	-2	169.74																																																																
1	Apriori	Id(Bk)Syl1>>Id(Bk)	2	2																																																																																																																																																			
2	yee	uee	2	4	0	2			2	137.32	2	184.18	2	232.85999999999999							-2	251.48																																																																																																																									-2	116.82	-2	122.86	-2	135.76	-2	144.32
3	OA	Oa			2	4			2	139.32	2	186.18	2	234.85999999999999							-2	249.48													-2	104.76	-2	110.86													-2	117.84	-2	135.26													-2	132.56	-2	150.96													-2	150.72	-2	167.74																																																																
4	Ay	au	2	6	0	4			2	141.32	2	188.18	2	236.85999999999999							-2	247.48																																																																																																																																
5	yeA	yea			2	6			2	143.32	2	190.18	2	238.85999999999999							-2	245.48																															-2	133.26													-2	130.56	-2	148.96													-2	148.72	-2	165.74																																																																
6	yO	yo			2	8	2	115.52	2	145.32	2	192.18	2	240.85999999999999					-2	154.0	-2	243.48																									-2	104.08	-2	109.9	-2	115.84	-2	131.26									-2	107.82	-2	113.84	-2	128.56	-2	146.96									-2	114.12	-2	119.72	-2	146.72	-2	163.74																																																																
6	Apriori	Id(Bk)Syl1>>Id(Bk)	2	8																																																																																																																																																			
7	yyO	uuo	2	10	0	8	2	117.52	2	147.32	2	194.18	2	242.85999999999999					-2	152.0	-2	241.48																																																																																																																																
8	IIo	iio	2	12	0	8							-2	240.85999999999999	2	102.0	2	113.06	2	154.0	2	243.48																																																									-2	112.12	-2	117.72	-2	144.72	-2	161.74																																																																
9	yiA	yia			2	10			2	149.32	2	196.18	2	242.85999999999999							-2	241.48																															-2	129.26															-2	144.96													-2	142.72	-2	159.74																																																																
10	Eou	eou	2	14	0	10					-2	194.18	-2	240.85999999999999			2	115.06	2	156.0	2	243.48																																									-2	105.82	-2	111.84	-2	126.56	-2	142.96									-2	110.12	-2	115.72	-2	140.72	-2	157.74																																																																
11	yOA	uoa	2	16	0	10	2	119.52	2	151.32	2	196.18	2	242.85999999999999					-2	154.0	-2	241.48																																																																																																																																
13	aou	Aou	2	18	0	10			-2	149.32	-2	194.18	-2	240.85999999999999							2	243.48																									-2	102.08	-2	107.9	-2	113.84	-2	127.25999999999999									-2	103.82	-2	109.84	-2	124.56	-2	140.96									-2	108.12	-2	113.72	-2	138.72	-2	155.74																																																																
14	OyO	Ouo			2	12	2	121.52	2	151.32	2	196.18	2	242.85999999999999					-2	152.0	-2	241.48											-2	101.6	-2	102.76	-2	108.86											-2	105.9	-2	111.84	-2	125.25999999999999											-2	107.84	-2	122.56	-2	138.96											-2	111.72	-2	136.72	-2	153.74																																																																
15	AOi	Aoi			2	14	2	123.52	2	153.32	2	198.18	2	244.85999999999999					-2	150.0	-2	239.48																									-2	100.08	-2	103.9	-2	109.84	-2	123.25999999999999									-2	101.82	-2	105.84	-2	120.56	-2	136.96									-2	106.12	-2	109.72	-2	134.72	-2	151.74																																													-2	113.6	-2	117.75999999999999													-2	133.76	-2	142.32
16	uIa	yia	2	20	0	14			-2	151.32	-2	196.18	-2	242.85999999999999	2	104.0	2	117.06	2	152.0	2	241.48																															-2	121.25999999999999															-2	134.96													-2	132.72	-2	149.74																																																																
18	AiO	aio	2	22	0	14	2	125.52	2	153.32	2	198.18	2	244.85999999999999					-2	150.0	-2	239.48																																																									-2	104.12	-2	107.72	-2	130.72	-2	147.74																																																													-2	131.76	-2	140.32
20	ouI	oui			2	16							-2	242.85999999999999	2	106.0	2	119.06	2	152.0	2	241.48																																																																																																															-2	115.75999999999999													-2	129.76	-2	138.32
21	eie	Eie	2	24	0	16					2	200.18	2	244.85999999999999			-2	117.06	-2	150.0	-2	239.48																																																																																											-2	101.56	-2	102.46	-2	104.6											-2	109.0	-2	111.6	-2	113.75999999999999											-2	120.86	-2	127.75999999999999	-2	136.32
22	oII	oii			2	18							-2	242.85999999999999	2	108.0	2	119.06	2	152.0	2	241.48																																																																																																													-2	109.6	-2	111.75999999999999													-2	125.75999999999999	-2	134.32
23	aoE	aoe			2	20					-2	198.18	-2	240.85999999999999			2	121.06	2	154.0	2	243.48																																																																																																									-2	105.94	-2	107.0	-2	107.6	-2	109.75999999999999									-2	114.82	-2	118.86	-2	123.75999999999999	-2	132.32
24	oaa	Oaa	2	26	0	20	-2	123.52	-2	151.32	-2	196.18	-2	238.85999999999999					2	156.0	2	245.48													-2	100.76	-2	106.86													-2	107.84	-2	119.25999999999999													-2	118.56	-2	132.96													-2	128.72	-2	145.74																																																																
25	OeA	oea	2	28	0	20	2	125.52	2	153.32	2	198.18	2	240.85999999999999					-2	154.0	-2	243.48																																													-2	116.56	-2	130.96													-2	126.72	-2	143.74																																									-2	103.94	-2	105.0	-2	105.6	-2	107.75999999999999									-2	112.82	-2	116.86	-2	121.75999999999999	-2	130.32
26	yOe	uoe	2	30	0	20	2	127.52	2	155.32	2	200.18	2	242.85999999999999					-2	152.0	-2	241.48																																																																																																									-2	101.94	-2	103.0	-2	103.6	-2	105.75999999999999									-2	110.82	-2	114.86	-2	119.75999999999999	-2	128.32
27	uI	yi	2	32	0	20			-2	153.32	-2	198.18	-2	240.85999999999999	2	110.0	2	123.06	2	154.0	2	243.48																																																																																																																																
28	yOi	yoi			2	22	2	129.51999999999998	2	155.32	2	200.18	2	242.85999999999999					-2	152.0	-2	241.48																									-2	98.08	-2	101.9	-2	105.84	-2	117.25999999999999									-2	99.82	-2	103.84	-2	114.56	-2	128.96									-2	102.12	-2	105.72	-2	124.72	-2	141.74																																													-2	101.6	-2	103.75999999999999													-2	117.75999999999999	-2	126.32
30	iOy	iou			2	24	2	131.51999999999998	2	157.32	2	202.18	2	244.85999999999999					-2	150.0	-2	239.48																																																									-2	100.12	-2	103.72	-2	122.72	-2	139.74																																																																
32	IEE	iee	2	34	0	24					-2	200.18	-2	242.85999999999999	2	112.0	2	125.06	2	152.0	2	241.48																																																																																																																																
33	EEI	Eei			2	26					-2	198.18	-2	240.85999999999999	2	114.0	2	127.06	2	154.0	2	243.48																																																																																									-2	100.2	-2	99.56	-2	100.46	-2	102.6									-2	99.94	-2	101.0	-2	99.6	-2	101.75999999999999									-2	108.82	-2	112.86	-2	115.75999999999999	-2	124.32
35	oaE	oae			2	28					-2	196.18	-2	238.85999999999999			2	129.06	2	156.0	2	245.48																																																																																																											-2	99.0			-2	99.75999999999999									-2	106.82	-2	110.86	-2	113.75999999999999	-2	122.32
37	AeA	Aea			2	30			2	159.32	2	198.18	2	240.85999999999999							-2	243.48																															-2	115.25999999999999													-2	112.56	-2	126.96000000000001													-2	120.72	-2	137.74																																																																
38	yyy	yuu			2	32			2	161.32	2	200.18	2	242.85999999999999							-2	241.48																													-2	103.84	-2	113.25999999999999													-2	110.56	-2	124.96000000000001													-2	118.72	-2	135.74																																																																
40	aEI	Aei	2	36	0	32			-2	159.32	-2	198.18	-2	240.85999999999999	2	116.0	2	131.06	2	158.0	2	243.48																																																																																																																																
41	aua	Aua	2	38	0	32			-2	157.32	-2	196.18	-2	238.85999999999999							2	245.48																													-2	101.84	-2	111.25999999999999													-2	108.56	-2	122.96000000000001													-2	116.72	-2	133.74																																																																
42	AeO	Aeo			2	34	2	133.51999999999998	2	159.32	2	198.18	2	240.85999999999999					-2	156.0	-2	243.48																											-2	99.9			-2	109.25999999999999									-2	97.82	-2	101.84	-2	106.56	-2	120.96000000000001									-2	98.12	-2	101.72	-2	114.72	-2	131.74																																																																
43	yeA	uea	2	40	0	34			2	161.32	2	200.18	2	242.85999999999999							-2	241.48																																													-2	104.56	-2	118.96000000000001													-2	112.72	-2	129.74																																																									-2	104.82	-2	108.86	-2	111.75999999999999	-2	120.32
44	Eou	eou	2	42	0	34					-2	198.18	-2	240.85999999999999			2	133.06	2	158.0	2	243.48																																									-2	95.82	-2	99.84	-2	102.56	-2	116.96000000000001									-2	96.12	-2	99.72	-2	110.72	-2	127.74000000000001																																																																
45	eA	ea			2	36			2	163.32	2	200.18	2	242.85999999999999							-2	241.48																																													-2	100.56	-2	114.96000000000001													-2	108.72	-2	125.74000000000001																																																																
46	IuE	iue	2	44	0	36					-2	198.18	-2	240.85999999999999	2	118.0	2	135.06	2	160.0	2	243.48																																																													-2	106.72	-2	123.74000000000001																																																									-2	102.82	-2	106.86	-2	109.75999999999999	-2	118.32
48	OAe	oae	2	46	0	36	2	135.51999999999998	2	165.32	2	200.18	2	242.85999999999999					-2	158.0	-2	241.48																																																																																																											-2	97.0			-2	97.75999999999999									-2	100.82	-2	104.86	-2	107.75999999999999	-2	116.32
49	aEa	aea			2	38					-2	198.18	-2	240.85999999999999			2	137.06	2	160.0	2	243.48																																													-2	98.56	-2	112.96000000000001													-2	104.72	-2	121.74000000000001																																																									-2	98.82	-2	102.86	-2	105.75999999999999	-2	114.32
50	ey	Eu	2	48	0	38			2	167.32	2	200.18	2	242.85999999999999			-2	135.06	-2	158.0	-2	241.48																																																																																																																																
51	Eou	eou	2	50	0	38					-2	198.18	-2	240.85999999999999			2	137.06	2	160.0	2	243.48																																									-2	93.82	-2	97.84	-2	96.56	-2	110.96000000000001									-2	94.12	-2	97.72	-2	102.72	-2	119.74000000000001																																																																
52	OOe	Ooe			2	40	2	137.51999999999998	2	169.32	2	200.18	2	242.85999999999999					-2	158.0	-2	241.48									-2	99.8	-2	99.6	-2	98.76	-2	104.86									-2	96.08	-2	97.9	-2	99.84	-2	107.25999999999999									-2	91.82	-2	95.84	-2	94.56	-2	108.96000000000001									-2	92.12	-2	95.72	-2	100.72	-2	117.74000000000001																																									-2	97.94	-2	95.0	-2	97.6	-2	95.75999999999999									-2	96.82	-2	100.86	-2	103.75999999999999	-2	112.32
53	iAO	iao			2	42	2	139.51999999999998	2	171.32	2	202.18	2	244.85999999999999					-2	156.0	-2	239.48																																																											-2	93.72	-2	98.72	-2	115.74000000000001																																																																
54	Aey	Aeu			2	44			2	173.32	2	204.18	2	246.85999999999999							-2	237.48																															-2	105.25999999999999													-2	92.56	-2	106.96000000000001													-2	96.72	-2	113.74000000000001																																																																
55	auE	aue			2	46					-2	202.18	-2	244.85999999999999			2	139.06	2	158.0	2	239.48																																																																																																																									-2	94.82	-2	98.86	-2	101.75999999999999	-2	110.32
56	oEE	oee			2	48					-2	200.18	-2	242.85999999999999			2	141.06	2	160.0	2	241.48																																																																																																									-2	95.94	-2	93.0	-2	95.6	-2	93.75999999999999									-2	92.82	-2	96.86	-2	99.75999999999999	-2	108.32
57	yAO	yao			2	50	2	141.51999999999998	2	175.32	2	202.18	2	244.85999999999999					-2	158.0	-2	239.48																											-2	95.9	-2	97.84	-2	103.25999999999999											-2	93.84	-2	90.56	-2	104.96000000000001											-2	91.72	-2	94.72	-2	111.74000000000001																																																																
58	uoE	uoe			2	52					-2	200.18	-2	242.85999999999999			2	143.06	2	160.0	2	241.48																																																																																																									-2	93.94	-2	91.0	-2	93.6	-2	91.75999999999999									-2	90.82	-2	94.86	-2	97.75999999999999	-2	106.32
58	Apriori	Id(Bk)Syl1>>Id(Bk)	2	52																																																																																																																																																			
59	oIa	Oia	2	54	0	52	-2	139.51999999999998	-2	173.32	-2	198.18	-2	240.85999999999999	2	120.0	2	145.06	2	162.0	2	243.48															-2	102.86															-2	101.25999999999999															-2	102.96000000000001													-2	92.72	-2	109.74000000000001																																																																
60	eOO	Eoo	2	56	0	52	2	141.51999999999998	2	175.32	2	200.18	2	242.85999999999999			-2	143.06	-2	160.0	-2	241.48																																																																																																																																
61	uua	yua	2	58	0	52			-2	173.32	-2	198.18	-2	240.85999999999999							2	243.48																													-2	95.84	-2	99.25999999999999													-2	88.56	-2	100.96000000000001													-2	90.72	-2	107.74000000000001																																																																
62	yiy	uiu	2	60	0	52			2	175.32	2	200.18	2	242.85999999999999							-2	241.48																																																													-2	88.72	-2	105.74000000000001																																																													-2	95.75999999999999	-2	104.32
63	yeA	uea	2	62	0	52			2	177.32	2	202.18	2	244.85999999999999							-2	239.48																																													-2	86.56	-2	98.96000000000001													-2	86.72	-2	103.74000000000001																																																									-2	88.82	-2	92.86	-2	93.75999999999999	-2	102.32
64	EIE	eie	2	64	0	52					-2	200.18	-2	242.85999999999999	2	122.0	2	145.06	2	162.0	2	241.48																																																																																																																																
65	aEE	aee			2	54					-2	198.18	-2	240.85999999999999			2	147.06	2	164.0	2	243.48																																																																																																																									-2	86.82	-2	90.86	-2	91.75999999999999	-2	100.32
66	OAe	oae	2	66	0	54	2	143.51999999999998	2	179.32	2	200.18	2	242.85999999999999					-2	162.0	-2	241.48																																																																																																											-2	89.0			-2	89.75999999999999									-2	84.82	-2	88.86	-2	89.75999999999999	-2	98.32
67	IEE	iee	2	68	0	54					-2	198.18	-2	240.85999999999999	2	124.0	2	149.06	2	164.0	2	243.48																																																																																																																																
68	Aye	aue	2	70	0	54			2	181.32	2	200.18	2	242.85999999999999							-2	241.48																																																																																																																									-2	82.82	-2	86.86	-2	87.75999999999999	-2	96.32
69	oaI	oai			2	56							-2	240.85999999999999	2	126.0	2	151.06	2	166.0	2	243.48																																																																																																															-2	87.75999999999999													-2	85.75999999999999	-2	94.32
70	Oy	ou	2	72	0	56	2	145.51999999999998	2	183.32	2	202.18	2	242.85999999999999					-2	164.0	-2	241.48																																																																																																																																
71	eii	Eii	2	74	0	56					2	204.18	2	244.85999999999999			-2	149.06	-2	162.0	-2	239.48																																																																																													-2	98.46	-2	100.6													-2	91.6	-2	85.75999999999999													-2	83.75999999999999	-2	92.32
72	IEI	iei	2	76	0	56					-2	202.18	-2	242.85999999999999	2	128.0	2	151.06	2	164.0	2	241.48																																																																																																																																
73	EEI	eei	2	78	0	56					-2	200.18	-2	240.85999999999999	2	130.0	2	153.06	2	166.0	2	243.48																																																																																																																																
75	AyO	Auo			2	58	2	147.51999999999998	2	185.32	2	202.18	2	242.85999999999999					-2	164.0	-2	241.48																											-2	93.9	-2	93.84	-2	97.25999999999999											-2	91.84	-2	84.56	-2	96.96000000000001											-2	89.72	-2	84.72	-2	101.74000000000001																																																																
76	aEo	aeo			2	60					-2	200.18	-2	240.85999999999999			2	155.06	2	166.0	2	243.48																																									-2	89.82	-2	89.84	-2	82.56	-2	94.96000000000001									-2	90.12	-2	87.72	-2	82.72	-2	99.74000000000001																																																									-2	80.82	-2	84.86	-2	81.75999999999999	-2	90.32
77	ei	Ei	2	80	0	60					2	202.18	2	242.85999999999999			-2	153.06	-2	164.0	-2	241.48																																																																																													-2	96.46	-2	98.6													-2	89.6	-2	83.75999999999999													-2	79.75999999999999	-2	88.32
78	IEE	iee	2	82	0	60					-2	200.18	-2	240.85999999999999	2	132.0	2	155.06	2	166.0	2	243.48																																																																																																																																
79	OeO	oeo	2	84	0	60	2	149.51999999999998	2	187.32	2	202.18	2	242.85999999999999					-2	164.0	-2	241.48																																									-2	87.82	-2	87.84	-2	80.56	-2	92.96000000000001									-2	88.12	-2	85.72	-2	80.72	-2	97.74000000000001																																									-2	91.94	-2	87.0	-2	87.6	-2	81.75999999999999									-2	78.82	-2	82.86	-2	77.75999999999999	-2	86.32
80	aoI	aoi			2	62							-2	240.85999999999999	2	134.0	2	157.06	2	166.0	2	243.48																																																																																																													-2	85.6	-2	79.75999999999999													-2	75.75999999999999	-2	84.32
81	yOA	yoa			2	64	2	151.51999999999998	2	189.32	2	204.18	2	242.85999999999999					-2	164.0	-2	241.48																									-2	94.08	-2	91.9	-2	91.84	-2	95.25999999999999									-2	85.82	-2	85.84	-2	78.56	-2	90.96000000000001									-2	86.12	-2	83.72	-2	78.72	-2	95.74000000000001																																																																
82	IuI	iui	2	86	0	64							-2	240.85999999999999	2	136.0	2	159.06	2	166.0	2	243.48																																																													-2	76.72	-2	93.74000000000001																																																													-2	73.75999999999999	-2	82.32
83	eA	ea			2	66			2	191.32	2	206.18	2	242.85999999999999							-2	241.48																																													-2	76.56	-2	88.96000000000001													-2	74.72	-2	91.74000000000001																																																																
85	IEE	iee	2	88	0	66					-2	204.18	-2	240.85999999999999	2	138.0	2	161.06	2	168.0	2	243.48																																																																																																																																
86	eAe	eae			2	68			2	193.32	2	206.18	2	242.85999999999999							-2	241.48																																													-2	74.56	-2	86.96000000000001													-2	72.72	-2	89.74000000000001																																																									-2	76.82	-2	80.86	-2	71.75999999999999	-2	80.32
88	IuE	iue	2	90	0	68					-2	204.18	-2	240.85999999999999	2	140.0	2	163.06	2	170.0	2	243.48																																																													-2	70.72	-2	87.74000000000001																																																									-2	74.82	-2	78.86	-2	69.75999999999999	-2	78.32
89	eey	eeu			2	70			2	195.32	2	206.18	2	242.85999999999999							-2	241.48																																													-2	72.56	-2	84.96000000000001													-2	68.72	-2	85.74000000000001																																																																
90	oEu	Oeu	2	92	0	70	-2	149.51999999999998	-2	193.32	-2	204.18	-2	240.85999999999999			2	165.06	2	172.0	2	243.48															-2	100.86															-2	93.25999999999999													-2	70.56	-2	82.96000000000001													-2	66.72	-2	83.74000000000001																																																																
92	yyi	uui	2	94	0	70			2	195.32	2	206.18	2	242.85999999999999							-2	241.48																																																																																																																													-2	67.75999999999999	-2	76.32
93	uIE	yie	2	96	0	70			-2	193.32	-2	204.18	-2	240.85999999999999	2	142.0	2	167.06	2	174.0	2	243.48																																																																																																																																
94	iye	iue			2	72			2	195.32	2	206.18	2	242.85999999999999							-2	241.48																																																													-2	64.72	-2	81.74000000000001																																																									-2	72.82	-2	76.86	-2	65.75999999999999	-2	74.32
95	iAe	iae			2	74			2	197.32	2	208.18	2	244.85999999999999							-2	239.48																																																													-2	62.72	-2	79.74000000000001																																																									-2	70.82	-2	74.86	-2	63.75999999999999	-2	72.32
96	aIE	Aie	2	98	0	74			-2	195.32	-2	206.18	-2	242.85999999999999	2	144.0	2	169.06	2	176.0	2	241.48																																																																																																																																
97	oEu	Oeu	2	100	0	74	-2	147.51999999999998	-2	193.32	-2	204.18	-2	240.85999999999999			2	171.06	2	178.0	2	243.48															-2	98.86															-2	91.25999999999999													-2	68.56	-2	80.96000000000001													-2	60.72	-2	77.74000000000001																																																																
98	AeA	Aea			2	76			2	195.32	2	206.18	2	242.85999999999999							-2	241.48																															-2	89.25999999999999													-2	66.56	-2	78.96000000000001													-2	58.72	-2	75.74000000000001																																																																
99	eA	ea			2	78			2	197.32	2	208.18	2	244.85999999999999							-2	239.48																																													-2	64.56	-2	76.96000000000001													-2	56.72	-2	73.74000000000001																																																																
100	IEo	ieo	2	102	0	78					-2	206.18	-2	242.85999999999999	2	146.0	2	173.06	2	180.0	2	241.48																																									-2	83.82	-2	83.84	-2	62.56	-2	74.96000000000001									-2	84.12	-2	81.72	-2	54.72	-2	71.74000000000001																																																																
102	uEa	yea	2	104	0	78			-2	195.32	-2	204.18	-2	240.85999999999999			2	175.06	2	182.0	2	243.48																															-2	87.25999999999999													-2	60.56	-2	72.96000000000001													-2	52.72	-2	69.74000000000001																																																																
103	OAO	oao	2	106	0	78	2	149.51999999999998	2	197.32	2	206.18	2	242.85999999999999					-2	180.0	-2	241.48																																																																																																																																
104	uuE	uue			2	80					-2	204.18	-2	240.85999999999999			2	177.06	2	182.0	2	243.48																																																																																																																									-2	68.82	-2	72.86	-2	61.75999999999999	-2	70.32
105	IEa	iea	2	108	0	80					-2	202.18	-2	238.85999999999999	2	148.0	2	179.06	2	184.0	2	245.48																																													-2	58.56	-2	70.96000000000001													-2	50.72	-2	67.74000000000001																																																																
106	yOA	yoa			2	82	2	151.51999999999998	2	199.32	2	204.18	2	240.85999999999999					-2	182.0	-2	243.48																									-2	92.08	-2	89.9	-2	89.84	-2	85.25999999999999									-2	81.82	-2	81.84	-2	56.56	-2	68.96000000000001									-2	82.12	-2	79.72	-2	48.72	-2	65.74000000000001																																																																
107	aau	Aau	2	110	0	82			-2	197.32	-2	202.18	-2	238.85999999999999							2	245.48																													-2	87.84	-2	83.25999999999999													-2	54.56	-2	66.96000000000001													-2	46.72	-2	63.74000000000001																																																																
108	Oye	oue	2	112	0	82	2	153.51999999999998	2	199.32	2	204.18	2	240.85999999999999					-2	180.0	-2	243.48																																																																																																											-2	85.0			-2	77.75999999999999									-2	66.82	-2	70.86	-2	59.75999999999999	-2	68.32
109	OOy	Oou			2	84	2	155.51999999999998	2	201.32	2	206.18	2	242.85999999999999					-2	178.0	-2	241.48									-2	97.8	-2	97.6	-2	96.76	-2	96.86									-2	90.08	-2	87.9	-2	85.84	-2	81.25999999999999									-2	79.82	-2	79.84	-2	52.56	-2	64.96000000000001									-2	80.12	-2	77.72	-2	44.72	-2	61.74000000000001																																																																
111	Aiy	aiu	2	114	0	84			2	203.32	2	208.18	2	244.85999999999999							-2	239.48																																																													-2	42.72	-2	59.74000000000001																																																													-2	57.75999999999999	-2	66.32
112	oEE	oee			2	86					-2	206.18	-2	242.85999999999999			2	181.06	2	180.0	2	241.48																																																																																																									-2	89.94	-2	83.0	-2	83.6	-2	75.75999999999999									-2	64.82	-2	68.86	-2	55.75999999999999	-2	64.32
113	ieA	iea			2	88			2	205.32	2	208.18	2	244.85999999999999							-2	239.48																																													-2	50.56	-2	62.96000000000001													-2	40.72	-2	57.74000000000001																																																																
114	EEI	eei	2	116	0	88					-2	206.18	-2	242.85999999999999	2	150.0	2	183.06	2	182.0	2	241.48																																																																																																																																
116	ooI	Ooi	2	118	0	88	-2	153.51999999999998	-2	203.32	-2	204.18	-2	240.85999999999999	2	152.0	2	185.06	2	184.0	2	243.48									-2	95.8	-2	95.6	-2	94.76	-2	94.86									-2	88.08	-2	85.9	-2	83.84	-2	79.25999999999999									-2	77.82	-2	77.84	-2	48.56	-2	60.96000000000001									-2	78.12	-2	75.72	-2	38.72	-2	55.74000000000001																																													-2	81.6	-2	73.75999999999999													-2	53.75999999999999	-2	62.31999999999999
117	AAy	aau	2	120	0	88			2	205.32	2	206.18	2	242.85999999999999							-2	241.48																																																																																																																																
118	uaa	yaa	2	122	0	88			-2	203.32	-2	204.18	-2	240.85999999999999							2	243.48																													-2	81.84	-2	77.25999999999999													-2	46.56	-2	58.96000000000001													-2	36.72	-2	53.74000000000001																																																																
119	eeO	Eeo	2	124	0	88	2	155.51999999999998	2	205.32	2	206.18	2	242.85999999999999			-2	183.06	-2	182.0	-2	241.48																																									-2	75.82	-2	75.84	-2	44.56	-2	56.96000000000001									-2	76.12	-2	73.72	-2	34.72	-2	51.74000000000001																									-2	98.2	-2	97.56	-2	94.46	-2	96.6									-2	87.94	-2	81.0	-2	79.6	-2	71.75999999999999									-2	62.81999999999999	-2	66.86	-2	51.75999999999999	-2	60.31999999999999
120	IaE	iae	2	126	0	88					-2	204.18	-2	240.85999999999999	2	154.0	2	185.06	2	184.0	2	243.48																																																													-2	32.72	-2	49.74000000000001																																																									-2	60.81999999999999	-2	64.86	-2	49.75999999999999	-2	58.31999999999999
121	yAy	yau			2	90			2	207.32	2	206.18	2	242.85999999999999							-2	241.48																													-2	79.84	-2	75.25999999999999													-2	42.56	-2	54.96000000000001													-2	30.72	-2	47.74000000000001																																																																
122	IEo	ieo	2	128	0	90					-2	204.18	-2	240.85999999999999	2	156.0	2	187.06	2	186.0	2	243.48																																									-2	73.82	-2	73.84	-2	40.56	-2	52.96000000000001									-2	74.12	-2	71.72	-2	28.72	-2	45.74000000000001																																																																
123	ieO	ieo			2	92	2	157.51999999999998	2	209.32	2	206.18	2	242.85999999999999					-2	184.0	-2	241.48																																									-2	71.82	-2	71.84	-2	38.56	-2	50.96000000000001									-2	72.12	-2	69.72	-2	26.72	-2	43.74000000000001																																																																
124	Eou	eou	2	130	0	92					-2	204.18	-2	240.85999999999999			2	189.06	2	186.0	2	243.48																																									-2	69.82	-2	69.84	-2	36.56	-2	48.96000000000001									-2	70.12	-2	67.72	-2	24.72	-2	41.74000000000001																																																																
125	yiO	uio	2	132	0	92	2	159.51999999999998	2	211.32	2	206.18	2	242.85999999999999					-2	184.0	-2	241.48																																																									-2	68.12	-2	65.72	-2	22.72	-2	39.74000000000001																																																													-2	47.75999999999999	-2	56.31999999999999
126	oEa	oea			2	94					-2	204.18	-2	240.85999999999999			2	191.06	2	186.0	2	243.48																																													-2	34.56	-2	46.96000000000001													-2	20.72	-2	37.74000000000001																																									-2	85.94	-2	79.0	-2	77.6	-2	69.75999999999999									-2	58.81999999999999	-2	62.86	-2	45.75999999999999	-2	54.31999999999999
127	OAi	Oai			2	96			2	213.32	2	206.18	2	242.85999999999999							-2	241.48													-2	92.76	-2	92.86													-2	77.84	-2	73.25999999999999													-2	32.56	-2	44.96000000000001													-2	18.72	-2	35.74000000000001																																																													-2	43.75999999999999	-2	52.31999999999999
128	AAy	Aau			2	98			2	215.32	2	208.18	2	244.85999999999999							-2	239.48																													-2	75.84	-2	71.25999999999999													-2	30.560000000000002	-2	42.96000000000001													-2	16.72	-2	33.74000000000001																																																																
129	aoI	aoi			2	100							-2	242.85999999999999	2	158.0	2	193.06	2	188.0	2	241.48																																																																																																													-2	75.6	-2	67.75999999999999													-2	41.75999999999999	-2	50.31999999999999
130	iiA	iia			2	102			2	217.32	2	210.18	2	244.85999999999999							-2	239.48																																																													-2	14.719999999999999	-2	31.74000000000001																																																																
131	Eoa	eoa	2	134	0	102					-2	208.18	-2	242.85999999999999			2	195.06	2	190.0	2	241.48																																									-2	67.82	-2	67.84	-2	28.560000000000002	-2	40.96000000000001									-2	66.12	-2	63.72	-2	12.719999999999999	-2	29.74000000000001																																																																
132	uEa	uea			2	104					-2	206.18	-2	240.85999999999999			2	197.06	2	192.0	2	243.48																																													-2	26.560000000000002	-2	38.96000000000001													-2	10.719999999999999	-2	27.74000000000001																																																									-2	56.81999999999999	-2	60.86	-2	39.75999999999999	-2	48.31999999999999
133	iOO	ioo			2	106	2	161.51999999999998	2	219.32	2	208.18	2	242.85999999999999					-2	190.0	-2	241.48																																																									-2	64.12	-2	61.72	-2	8.719999999999999	-2	25.74000000000001																																																																
134	aoI	Aoi	2	136	0	106			-2	217.32	-2	206.18	-2	240.85999999999999	2	160.0	2	199.06	2	192.0	2	243.48																									-2	86.08	-2	83.9	-2	73.84	-2	69.25999999999999									-2	65.82	-2	65.84	-2	24.560000000000002	-2	36.96000000000001									-2	62.120000000000005	-2	59.72	-2	6.719999999999999	-2	23.74000000000001																																													-2	73.6	-2	65.75999999999999													-2	37.75999999999999	-2	46.31999999999999
135	yAA	uaa	2	138	0	106			2	219.32	2	208.18	2	242.85999999999999							-2	241.48																																																																																																																																
136	uao	yao	2	140	0	106			-2	217.32	-2	206.18	-2	240.85999999999999							2	243.48																											-2	81.9	-2	71.84	-2	67.25999999999999											-2	63.84	-2	22.560000000000002	-2	34.96000000000001											-2	57.72	-2	4.719999999999999	-2	21.74000000000001																																																																
137	iey	ieu			2	108			2	219.32	2	208.18	2	242.85999999999999							-2	241.48																																													-2	20.560000000000002	-2	32.96000000000001													-2	2.719999999999999	-2	19.74000000000001																																																																
138	ua	ya	2	142	0	108			-2	217.32	-2	206.18	-2	240.85999999999999							2	243.48																													-2	69.84	-2	65.25999999999999													-2	18.560000000000002	-2	30.960000000000008													-2	0.7199999999999989	-2	17.74000000000001																																																																
139	eOA	eoa			2	110	2	163.51999999999998	2	219.32	2	208.18	2	242.85999999999999					-2	190.0	-2	241.48																																									-2	63.81999999999999	-2	61.84	-2	16.560000000000002	-2	28.960000000000008									-2	60.120000000000005	-2	55.72	-2	-1.2800000000000011	-2	15.740000000000009																																																																
140	eeA	eea			2	112			2	221.32	2	210.18	2	244.85999999999999							-2	239.48																																													-2	14.560000000000002	-2	26.960000000000008													-2	-3.280000000000001	-2	13.740000000000009																																																																
141	aII	Aii	2	144	0	112			-2	219.32	-2	208.18	-2	242.85999999999999	2	162.0	2	201.06	2	192.0	2	241.48																																																																																																																																
142	uoI	uoi			2	114							-2	240.85999999999999	2	164.0	2	203.06	2	194.0	2	243.48																																																																																																													-2	71.6	-2	63.75999999999999													-2	35.75999999999999	-2	44.31999999999999
143	yee	uee	2	146	0	114			2	221.32	2	210.18	2	242.85999999999999							-2	241.48																																																																																																																									-2	54.81999999999999	-2	58.86	-2	33.75999999999999	-2	42.31999999999999
144	oaI	oai			2	116							-2	240.85999999999999	2	166.0	2	205.06	2	196.0	2	243.48																																																																																																															-2	61.75999999999999													-2	31.75999999999999	-2	40.31999999999999
145	yyi	yui			2	118			2	223.32	2	212.18	2	242.85999999999999							-2	241.48																													-2	67.84	-2	63.25999999999999													-2	12.560000000000002	-2	24.960000000000008													-2	-5.280000000000001	-2	11.740000000000009																																																													-2	29.75999999999999	-2	38.31999999999999
146	aEu	aeu			2	120					-2	210.18	-2	240.85999999999999			2	207.06	2	198.0	2	243.48																																													-2	10.560000000000002	-2	22.960000000000008													-2	-7.280000000000001	-2	9.740000000000009																																																									-2	52.81999999999999	-2	56.86	-2	27.75999999999999	-2	36.31999999999999
147	iAO	iao			2	122	2	165.51999999999998	2	225.32	2	212.18	2	242.85999999999999					-2	196.0	-2	241.48																																																											-2	53.72	-2	-9.280000000000001	-2	7.740000000000009																																																																
148	EIo	eio	2	148	0	122					-2	210.18	-2	240.85999999999999	2	168.0	2	209.06	2	198.0	2	243.48																																											-2	59.84			-2	20.960000000000008									-2	58.120000000000005	-2	51.72	-2	-11.280000000000001	-2	5.740000000000009																																																																
149	eAi	eai			2	124			2	227.32	2	212.18	2	242.85999999999999							-2	241.48																																													-2	8.560000000000002	-2	18.960000000000008													-2	-13.280000000000001	-2	3.740000000000009																																																													-2	25.75999999999999	-2	34.31999999999999
150	AAy	Aau			2	126			2	229.32	2	214.18	2	244.85999999999999							-2	239.48																													-2	65.84	-2	61.25999999999999													-2	6.560000000000002	-2	16.960000000000008													-2	-15.280000000000001	-2	1.740000000000009																																																																
152	uuo	yuo	2	150	0	126			-2	227.32	-2	212.18	-2	242.85999999999999							2	241.48																											-2	79.9	-2	63.84	-2	59.25999999999999											-2	57.84	-2	4.560000000000002	-2	14.960000000000008											-2	49.72	-2	-17.28	-2	-0.2599999999999909																																																																
153	eAA	eaa			2	128			2	229.32	2	214.18	2	244.85999999999999							-2	239.48																																													-2	2.5600000000000023	-2	12.960000000000008													-2	-19.28	-2	-2.259999999999991																																																																
154	oEE	Oee	2	152	0	128	-2	163.51999999999998	-2	227.32	-2	212.18	-2	242.85999999999999			2	211.06	2	200.0	2	241.48																																																																																																																																
155	OyA	Oua			2	130			2	229.32	2	214.18	2	244.85999999999999							-2	239.48													-2	90.76	-2	90.86													-2	61.84	-2	57.25999999999999													-2	0.5600000000000023	-2	10.960000000000008													-2	-21.28	-2	-4.259999999999991																																																																
156	auE	Aue	2	154	0	130			-2	227.32	-2	212.18	-2	242.85999999999999			2	213.06	2	202.0	2	241.48																													-2	59.84	-2	55.25999999999999													-2	-1.4399999999999977	-2	8.960000000000008													-2	-23.28	-2	-6.259999999999991																																																									-2	50.81999999999999	-2	54.86	-2	23.75999999999999	-2	32.31999999999999
157	IuE	iue	2	156	0	130					-2	210.18	-2	240.85999999999999	2	170.0	2	215.06	2	204.0	2	243.48																																																													-2	-25.28	-2	-8.259999999999991																																																									-2	48.81999999999999	-2	52.86	-2	21.75999999999999	-2	30.319999999999993
158	Aye	aue	2	158	0	130			2	229.32	2	212.18	2	242.85999999999999							-2	241.48																																																																																																																									-2	46.81999999999999	-2	50.86	-2	19.75999999999999	-2	28.319999999999993
159	AA	Aa			2	132			2	231.32	2	214.18	2	244.85999999999999							-2	239.48																													-2	57.84	-2	53.25999999999999													-2	-3.4399999999999977	-2	6.960000000000008													-2	-27.28	-2	-10.259999999999991																																																																
160	oIa	oia			2	134							-2	242.85999999999999	2	172.0	2	217.06	2	206.0	2	241.48																																																													-2	-29.28	-2	-12.259999999999991																																													-2	69.6	-2	59.75999999999999													-2	17.75999999999999	-2	26.319999999999993
161	oIo	Oio	2	160	0	134	-2	161.51999999999998	-2	229.32	-2	212.18	-2	240.85999999999999	2	174.0	2	219.06	2	208.0	2	243.48											-2	93.6			-2	88.86											-2	77.9			-2	51.25999999999999											-2	55.84			-2	4.960000000000008									-2	56.120000000000005	-2	47.72	-2	-31.28	-2	-14.259999999999991																																																																
162	ieA	iea			2	136			2	231.32	2	214.18	2	242.85999999999999							-2	241.48																																													-2	-5.439999999999998	-2	2.960000000000008													-2	-33.28	-2	-16.25999999999999																																																																
163	OAy	Oau			2	138			2	233.32	2	216.18	2	244.85999999999999							-2	239.48													-2	88.76	-2	86.86													-2	55.84	-2	49.25999999999999													-2	-7.439999999999998	-2	0.960000000000008													-2	-35.28	-2	-18.25999999999999																																																																
164	Aye	aue	2	162	0	138			2	235.32	2	218.18	2	246.85999999999999							-2	237.48																																																																																																																									-2	44.81999999999999	-2	48.86	-2	15.759999999999991	-2	24.319999999999993
166	uEu	yeu	2	164	0	138			-2	233.32	-2	216.18	-2	244.85999999999999			2	221.06	2	210.0	2	239.48																															-2	47.25999999999999													-2	-9.439999999999998	-2	-1.039999999999992													-2	-37.28	-2	-20.25999999999999																																																																
169	EI	Ei			2	140							-2	242.85999999999999	2	176.0	2	223.06	2	212.0	2	241.48																																																																																													-2	92.46	-2	94.6													-2	67.6	-2	57.75999999999999													-2	13.759999999999991	-2	22.319999999999993
171	oEa	Oea	2	166	0	140	-2	159.51999999999998	-2	231.32	-2	214.18	-2	240.85999999999999			2	225.06	2	214.0	2	243.48															-2	84.86															-2	45.25999999999999													-2	-11.439999999999998	-2	-3.039999999999992													-2	-39.28	-2	-22.25999999999999																																																																
172	EaE	Eae			2	142					-2	212.18	-2	238.85999999999999			2	227.06	2	216.0	2	245.48																																																																																											-2	95.56			-2	92.6											-2	77.0			-2	55.75999999999999									-2	42.81999999999999	-2	46.86	-2	11.759999999999991	-2	20.319999999999993
173	OAO	oao	2	168	0	142	2	161.51999999999998	2	233.32	2	214.18	2	240.85999999999999					-2	214.0	-2	243.48																																																																																																																																
174	ee	Ee	2	170	0	142					2	216.18	2	242.85999999999999			-2	225.06	-2	212.0	-2	241.48																																																																																									-2	96.2	-2	93.56	-2	90.46	-2	90.6									-2	83.94	-2	75.0	-2	65.6	-2	53.75999999999999									-2	40.81999999999999	-2	44.86	-2	9.759999999999991	-2	18.319999999999993
175	IIE	iie	2	172	0	142					-2	214.18	-2	240.85999999999999	2	178.0	2	227.06	2	214.0	2	243.48																																																																																																																																
176	uII	uii			2	144							-2	238.85999999999999	2	180.0	2	229.06	2	216.0	2	245.48																																																																																																																													-2	7.759999999999991	-2	16.319999999999993
177	OyA	Oua			2	146			2	235.32	2	216.18	2	240.85999999999999							-2	243.48													-2	86.76	-2	82.86													-2	53.84	-2	43.25999999999999													-2	-13.439999999999998	-2	-5.039999999999992													-2	-41.28	-2	-24.25999999999999																																																																
178	eOi	eoi			2	148	2	163.51999999999998	2	237.32	2	218.18	2	242.85999999999999					-2	214.0	-2	241.48																																									-2	61.81999999999999	-2	53.84	-2	-15.439999999999998	-2	-7.039999999999992									-2	54.120000000000005	-2	45.72	-2	-43.28	-2	-26.25999999999999																																													-2	63.599999999999994	-2	51.75999999999999													-2	5.759999999999991	-2	14.319999999999993
179	oau	Oau	2	174	0	148	-2	161.51999999999998	-2	235.32	-2	216.18	-2	240.85999999999999					2	216.0	2	243.48													-2	84.76	-2	80.86													-2	51.84	-2	41.25999999999999													-2	-17.439999999999998	-2	-9.039999999999992													-2	-45.28	-2	-28.25999999999999																																																																
180	AiO	aio	2	176	0	148	2	163.51999999999998	2	237.32	2	218.18	2	242.85999999999999					-2	214.0	-2	241.48																																																									-2	52.120000000000005	-2	43.72	-2	-47.28	-2	-30.25999999999999																																																													-2	3.759999999999991	-2	12.319999999999993
181	eeA	Eea	2	178	0	148			2	239.32	2	220.18	2	244.85999999999999			-2	227.06	-2	212.0	-2	239.48																																													-2	-19.439999999999998	-2	-11.039999999999992													-2	-49.28	-2	-32.25999999999999																									-2	94.2	-2	91.56	-2	88.46	-2	88.6									-2	81.94	-2	73.0	-2	61.599999999999994	-2	49.75999999999999									-2	38.81999999999999	-2	42.86	-2	1.759999999999991	-2	10.319999999999993
182	Eua	eua	2	180	0	148					-2	218.18	-2	242.85999999999999			2	229.06	2	214.0	2	241.48																																													-2	-21.439999999999998	-2	-13.039999999999992													-2	-51.28	-2	-34.25999999999999																																																																
183	EEu	Eeu			2	150					-2	216.18	-2	240.85999999999999			2	231.06	2	216.0	2	243.48																																													-2	-23.439999999999998	-2	-15.039999999999992													-2	-53.28	-2	-36.25999999999999																									-2	92.2	-2	89.56	-2	86.46	-2	86.6									-2	79.94	-2	71.0	-2	59.599999999999994	-2	47.75999999999999									-2	36.81999999999999	-2	40.86	-2	-0.2400000000000091	-2	8.319999999999993
184	uuE	uue			2	152					-2	214.18	-2	238.85999999999999			2	233.06	2	218.0	2	245.48																																																																																																																									-2	34.81999999999999	-2	38.86	-2	-2.240000000000009	-2	6.319999999999993
185	AOe	Aoe			2	154	2	165.51999999999998	2	241.32	2	216.18	2	240.85999999999999					-2	216.0	-2	243.48																									-2	84.08	-2	75.9	-2	49.84	-2	39.25999999999999									-2	59.81999999999999	-2	51.84	-2	-25.439999999999998	-2	-17.039999999999992									-2	50.120000000000005	-2	41.72	-2	-55.28	-2	-38.25999999999999																																									-2	77.94	-2	69.0	-2	57.599999999999994	-2	45.75999999999999									-2	32.81999999999999	-2	36.86	-2	-4.240000000000009	-2	4.319999999999993
186	uo	yo	2	182	0	154			-2	239.32	-2	214.18	-2	238.85999999999999							2	245.48																									-2	82.08	-2	73.9	-2	47.84	-2	37.25999999999999									-2	57.81999999999999	-2	49.84	-2	-27.439999999999998	-2	-19.039999999999992									-2	48.120000000000005	-2	39.72	-2	-57.28	-2	-40.25999999999999																																																																
187	AAA	aaa	2	184	0	154			2	241.32	2	216.18	2	240.85999999999999							-2	243.48																																																																																																																																
189	OiA	oia	2	186	0	154	2	167.51999999999998	2	243.32	2	218.18	2	242.85999999999999					-2	214.0	-2	241.48																																																													-2	-59.28	-2	-42.25999999999999																																													-2	55.599999999999994	-2	43.75999999999999													-2	-6.240000000000009	-2	2.319999999999993
190	iOi	ioi			2	156	2	169.51999999999998	2	245.32	2	220.18	2	244.85999999999999					-2	212.0	-2	239.48																																																									-2	46.120000000000005	-2	37.72	-2	-61.28	-2	-44.25999999999999																																													-2	53.599999999999994	-2	41.75999999999999													-2	-8.240000000000009	-2	0.3199999999999932
191	oaI	oai			2	158							-2	242.85999999999999	2	182.0	2	235.06	2	214.0	2	241.48																																																																																																															-2	39.75999999999999													-2	-10.240000000000009	-2	-1.6800000000000068
192	IEo	ieo	2	188	0	158					-2	218.18	-2	240.85999999999999	2	184.0	2	237.06	2	216.0	2	243.48																																									-2	55.81999999999999	-2	47.84	-2	-29.439999999999998	-2	-21.039999999999992									-2	44.120000000000005	-2	35.72	-2	-63.28	-2	-46.25999999999999																																																																
193	Eau	eau	2	190	0	158					-2	216.18	-2	238.85999999999999			2	239.06	2	218.0	2	245.48																																													-2	-31.439999999999998	-2	-23.039999999999992													-2	-65.28	-2	-48.25999999999999																																																																
194	uea	yea	2	192	0	158			-2	243.32	-2	214.18	-2	236.85999999999999							2	247.48																															-2	35.25999999999999																																																																																									2	34.81999999999999	2	38.86	2	-8.240000000000009	2	0.3199999999999932
195	AeO	aeo	2	194	0	158	2	171.51999999999998	2	245.32	2	216.18	2	238.85999999999999					-2	216.0	-2	245.48																																									-2	53.81999999999999	-2	45.84	-2	-33.44	-2	-25.039999999999992									-2	42.120000000000005	-2	33.72	-2	-67.28	-2	-50.25999999999999																																																									-2	32.81999999999999	-2	36.86	-2	-10.240000000000009	-2	-1.6800000000000068
196	auo	Auo	2	196	0	158			-2	243.32	-2	214.18	-2	236.85999999999999							2	247.48																											-2	71.9	-2	45.84	-2	33.25999999999999											-2	43.84	-2	-35.44	-2	-27.039999999999992											-2	31.72	-2	-69.28	-2	-52.25999999999999																																																																
197	iyi	iui			2	160			2	245.32	2	216.18	2	238.85999999999999							-2	245.48																																																													-2	-71.28	-2	-54.25999999999999																																																													-2	-12.240000000000009	-2	-3.680000000000007
198	uuu	yuu	2	198	0	160			-2	243.32	-2	214.18	-2	236.85999999999999							2	247.48																													-2	43.84	-2	31.25999999999999													-2	-37.44	-2	-29.039999999999992													-2	-73.28	-2	-56.25999999999999																																																																
199	OeA	Oea			2	162			2	245.32	2	216.18	2	238.85999999999999							-2	245.48															-2	78.86															-2	29.25999999999999													-2	-39.44	-2	-31.039999999999992													-2	-75.28	-2	-58.25999999999999																																																																
200	AOA	Aoa			2	164	2	173.51999999999998	2	247.32	2	218.18	2	240.85999999999999					-2	214.0	-2	243.48																									-2	80.08	-2	69.9	-2	41.84	-2	27.25999999999999									-2	51.81999999999999	-2	41.84	-2	-41.44	-2	-33.03999999999999									-2	40.120000000000005	-2	29.72	-2	-77.28	-2	-60.25999999999999																																																																
201	aE	ae			2	166					-2	216.18	-2	238.85999999999999			2	241.06	2	216.0	2	245.48																																																																																																																									-2	30.819999999999993	-2	34.86	-2	-14.240000000000009	-2	-5.680000000000007
202	aoa	Aoa	2	200	0	166			-2	245.32	-2	214.18	-2	236.85999999999999							2	247.48																									-2	78.08	-2	67.9	-2	39.84	-2	25.25999999999999									-2	49.81999999999999	-2	39.84	-2	-43.44	-2	-35.03999999999999									-2	38.120000000000005	-2	27.72	-2	-79.28	-2	-62.25999999999999																																																																
203	yA	ya			2	168			2	247.32	2	216.18	2	238.85999999999999							-2	245.48																													-2	37.84	-2	23.25999999999999													-2	-45.44	-2	-37.03999999999999													-2	-81.28	-2	-64.25999999999999																																																																
207	yO	uo	2	202	0	168	2	175.51999999999998	2	249.32	2	218.18	2	240.85999999999999					-2	214.0	-2	243.48																																																																																																																																
211	aeu	Aeu	2	204	0	168			-2	247.32	-2	216.18	-2	238.85999999999999							2	245.48																															-2	21.25999999999999																																																																																									2	32.81999999999999	2	36.86	2	-12.240000000000009	2	-3.680000000000007
213	yy	yu			2	170			2	249.32	2	218.18	2	240.85999999999999							-2	243.48																													-2	35.84	-2	19.25999999999999													-2	-47.44	-2	-39.03999999999999													-2	-83.28	-2	-66.25999999999999																																																																
214	uEE	uee			2	172					-2	216.18	-2	238.85999999999999			2	243.06	2	216.0	2	245.48																																																																																																																									-2	30.819999999999993	-2	34.86	-2	-14.240000000000009	-2	-5.680000000000007
217	uie	yie	2	206	0	172			-2	247.32	-2	214.18	-2	236.85999999999999							2	247.48																																																																																																																											2	36.86	2	-12.240000000000009	2	-3.680000000000007
220	eii	Eii	2	208	0	172					2	216.18	2	238.85999999999999			-2	241.06	-2	214.0	-2	245.48																																																																																													-2	84.46	-2	84.6													-2	51.599999999999994	-2	37.75999999999999													-2	-14.240000000000009	-2	-5.680000000000007
221	eoi	Eoi	2	210	0	172					2	218.18	2	240.85999999999999			-2	239.06	-2	212.0	-2	243.48																																									2	51.81999999999999	2	41.84	2	-45.44	2	-37.03999999999999									2	40.120000000000005	2	29.72	2	-81.28	2	-64.25999999999999																															-2	82.6															-2	35.75999999999999															-2	-7.680000000000007
223	eeo	Eeo	2	212	0	172					2	220.18	2	242.85999999999999			-2	237.06	-2	210.0	-2	241.48																																																																																									-2	90.2	-2	87.56	-2	82.46	-2	80.6									-2	75.94	-2	67.0	-2	49.599999999999994	-2	33.75999999999999									-2	28.819999999999993	-2	34.86	-2	-16.24000000000001	-2	-9.680000000000007
224	aa	Aa	2	214	0	172			-2	245.32	-2	218.18	-2	240.85999999999999							2	243.48																													-2	33.84	-2	17.25999999999999													-2	-47.44	-2	-39.03999999999999													-2	-83.28	-2	-66.25999999999999																																																																
225	eoo	Eoo	2	216	0	172					2	220.18	2	242.85999999999999			-2	235.06	-2	208.0	-2	241.48																																									2	53.81999999999999	2	43.84	2	-45.44	2	-37.03999999999999									2	42.120000000000005	2	31.72	2	-81.28	2	-64.25999999999999																																																																
226	aoo	Aoo	2	218	0	172			-2	243.32	-2	218.18	-2	240.85999999999999							2	243.48																									-2	76.08	-2	65.9	-2	31.840000000000003	-2	15.259999999999991									-2	51.81999999999999	-2	41.84	-2	-47.44	-2	-39.03999999999999									-2	40.120000000000005	-2	29.72	-2	-83.28	-2	-66.25999999999999																																																																
228	OAe	oae	2	220	0	172	2	177.51999999999998	2	245.32	2	220.18	2	242.85999999999999					-2	206.0	-2	241.48																																																																																																											-2	65.0			-2	31.75999999999999									-2	26.819999999999993	-2	32.86	-2	-18.24000000000001	-2	-11.680000000000007
229	EEu	eeu	2	222	0	172					-2	218.18	-2	240.85999999999999			2	237.06	2	208.0	2	243.48																																													-2	-49.44	-2	-41.03999999999999													-2	-85.28	-2	-68.25999999999999																																																																
231	aoe	Aoe	2	224	0	172			-2	243.32	-2	216.18	-2	238.85999999999999							2	245.48																									-2	74.08	-2	63.900000000000006	-2	29.840000000000003	-2	13.259999999999991									-2	49.81999999999999	-2	39.84	-2	-51.44	-2	-43.03999999999999									-2	38.120000000000005	-2	27.72	-2	-87.28	-2	-70.25999999999999																																																											2	34.86			2	-9.680000000000007
232	yiA	uia	2	226	0	172			2	245.32	2	218.18	2	240.85999999999999							-2	243.48																																																													-2	-89.28	-2	-72.25999999999999																																																													-2	-20.24000000000001	-2	-11.680000000000007
233	OeO	oeo	2	228	0	172	2	179.51999999999998	2	247.32	2	220.18	2	242.85999999999999					-2	206.0	-2	241.48																																									-2	47.81999999999999	-2	37.84	-2	-53.44	-2	-45.03999999999999									-2	36.120000000000005	-2	25.72	-2	-91.28	-2	-74.25999999999999																																									-2	73.94	-2	63.0	-2	47.599999999999994	-2	29.75999999999999									-2	24.819999999999993	-2	32.86	-2	-22.24000000000001	-2	-13.680000000000007
234	uuE	uue			2	174					-2	218.18	-2	240.85999999999999			2	239.06	2	208.0	2	243.48																																																																																																																									-2	22.819999999999993	-2	30.86	-2	-24.24000000000001	-2	-15.680000000000007
235	eei	Eei	2	230	0	174					2	220.18	2	242.85999999999999			-2	237.06	-2	206.0	-2	241.48																																																																																									-2	88.2	-2	85.56	-2	80.46	-2	78.6									-2	71.94	-2	61.0	-2	45.599999999999994	-2	27.75999999999999									-2	20.819999999999993	-2	28.86	-2	-26.24000000000001	-2	-17.680000000000007
237	au	Au	2	232	0	174			-2	245.32	-2	218.18	-2	240.85999999999999							2	243.48																													-2	27.840000000000003	-2	11.259999999999991													-2	-55.44	-2	-47.03999999999999													-2	-93.28	-2	-76.25999999999999																																																																
238	ueu	yeu	2	234	0	174			-2	243.32	-2	216.18	-2	238.85999999999999							2	245.48																															-2	9.259999999999991																																																																																									2	22.819999999999993	2	30.86	2	-24.24000000000001	2	-15.680000000000007
239	Oye	Oue			2	176			2	245.32	2	218.18	2	240.85999999999999							-2	243.48													-2	82.76	-2	76.86													-2	25.840000000000003	-2	7.259999999999991													-2	-57.44	-2	-49.03999999999999													-2	-95.28	-2	-78.25999999999999																																																									-2	20.819999999999993	-2	28.86	-2	-26.24000000000001	-2	-17.680000000000007
240	aee	Aee	2	236	0	176			-2	243.32	-2	216.18	-2	238.85999999999999							2	245.48																																																																																																																									2	22.819999999999993	2	30.86	2	-24.24000000000001	2	-15.680000000000007
241	Oe	oe	2	238	0	176	2	181.51999999999998	2	245.32	2	218.18	2	240.85999999999999					-2	204.0	-2	243.48																																																																																																									-2	69.94	-2	59.0	-2	43.599999999999994	-2	25.75999999999999									-2	20.819999999999993	-2	28.86	-2	-26.24000000000001	-2	-17.680000000000007
243	aaa	Aaa	2	240	0	176			-2	243.32	-2	216.18	-2	238.85999999999999							2	245.48																													-2	23.840000000000003	-2	5.259999999999991													-2	-59.44	-2	-51.03999999999999													-2	-97.28	-2	-80.25999999999999																																																																
245	OOi	ooi	2	242	0	176	2	183.51999999999998	2	245.32	2	218.18	2	240.85999999999999					-2	202.0	-2	243.48																																																																																																													-2	41.599999999999994	-2	23.75999999999999													-2	-28.24000000000001	-2	-19.680000000000007
247	uoe	yoe	2	244	0	176			-2	243.32	-2	216.18	-2	238.85999999999999							2	245.48																									-2	72.08	-2	61.900000000000006	-2	21.840000000000003	-2	3.259999999999991									-2	45.81999999999999	-2	35.84	-2	-61.44	-2	-53.03999999999999									-2	34.120000000000005	-2	23.72	-2	-99.28	-2	-82.25999999999999																																																											2	30.86			2	-17.680000000000007
248	uye	uue			2	178			2	245.32	2	218.18	2	240.85999999999999							-2	243.48																																																																																																																					2	102.0	2	102.0			-2	28.86			-2	-19.680000000000007
249	uio	yio	2	246	0	178			-2	243.32	-2	216.18	-2	238.85999999999999							2	245.48																											-2	59.900000000000006			-2	1.259999999999991											-2	33.84			-2	-55.03999999999999																																																																													2	-26.24000000000001	2	-17.680000000000007
250	ayy	auu			2	180			2	245.32	2	218.18	2	240.85999999999999							-2	243.48																																																																																																																					2	104.0	2	104.0	2	22.819999999999993	2	30.86	2	-24.24000000000001	2	-15.680000000000007
251	uia	yia	2	248	0	180			-2	243.32	-2	216.18	-2	238.85999999999999							2	245.48																															-2	-0.7400000000000091															-2	-57.03999999999999																																																																													2	-22.24000000000001	2	-13.680000000000007
253	oeO	oeo			2	182	2	185.51999999999998	2	245.32	2	218.18	2	240.85999999999999					-2	200.0	-2	243.48																																									-2	43.81999999999999	-2	31.840000000000003	-2	-63.44	-2	-59.03999999999999									-2	32.120000000000005	-2	21.72	-2	-101.28	-2	-84.25999999999999																																			2	102.0			2	102.0											2	102.0			2	106.0								
255	EAe	Eae			2	184			2	247.32	2	220.18	2	242.85999999999999							-2	241.48																																																																																					2	102.0	2	102.0	2	90.2			2	82.46							2	102.0	2	104.0	2	71.94			2	43.599999999999994							2	106.0	2	108.0			-2	28.86			-2	-15.680000000000007
257	ooE	ooe			2	186					-2	218.18	-2	240.85999999999999			2	239.06	2	202.0	2	243.48																																																																																																									-2	69.94	-2	57.0	-2	41.599999999999994	-2	21.75999999999999									-2	20.819999999999993	-2	26.86	-2	-24.24000000000001	-2	-17.680000000000007
258	uue	yue	2	250	0	186			-2	245.32	-2	216.18	-2	238.85999999999999							2	245.48																													-2	19.840000000000003	-2	-2.740000000000009													-2	-65.44	-2	-61.03999999999999													-2	-103.28	-2	-86.25999999999999																																																											2	28.86			2	-15.680000000000007
261	AO	Ao			2	188	2	187.51999999999998	2	247.32	2	218.18	2	240.85999999999999					-2	200.0	-2	243.48																									-2	70.08	-2	57.900000000000006	-2	17.840000000000003	-2	-4.740000000000009									-2	41.81999999999999	-2	29.840000000000003	-2	-67.44	-2	-63.03999999999999									-2	30.120000000000005	-2	19.72	-2	-105.28	-2	-88.25999999999999																																																																
262	eIE	eie			2	190					-2	216.18	-2	238.85999999999999	2	186.0	2	241.06	2	202.0	2	245.48																																	2	102.0	2	102.0	2	102.0	2	102.0	2	43.81999999999999	2	31.840000000000003	2	-65.44	2	-61.03999999999999	2	102.0	2	102.0	2	102.0	2	102.0	2	32.120000000000005	2	21.72	2	-103.28	2	-86.25999999999999																																																																
267	AyO	Auo			2	192	2	189.51999999999998	2	249.32	2	218.18	2	240.85999999999999					-2	200.0	-2	243.48																											-2	55.900000000000006	-2	15.840000000000003	-2	-6.740000000000009											-2	29.840000000000003	-2	-67.44	-2	-63.03999999999999											-2	19.72	-2	-105.28	-2	-88.25999999999999																																																																
270	oie	Oie	2	252	0	192	-2	187.51999999999998	-2	247.32	-2	216.18	-2	238.85999999999999					2	202.0	2	245.48																																																																																																											2	59.0	2	43.599999999999994	2	23.75999999999999											2	30.86	2	-22.24000000000001	2	-13.680000000000007
279	iA	ia			2	194			2	249.32	2	218.18	2	240.85999999999999							-2	243.48																																																													-2	-107.28	-2	-90.25999999999999																																																																
286	uEu	ueu			2	196					-2	216.18	-2	238.85999999999999			2	243.06	2	204.0	2	245.48																																													-2	-69.44	-2	-65.03999999999999													-2	-109.28	-2	-92.25999999999999																																																									-2	18.819999999999993	-2	28.86	-2	-24.24000000000001	-2	-15.680000000000007
292	uOO	uoo			2	198	2	189.51999999999998	2	251.32	2	218.18	2	240.85999999999999					-2	202.0	-2	243.48																																																																																																																	2	102.0	2	104.0	2	108.0	2	110.0	2	20.819999999999993	2	30.86	2	-22.24000000000001	2	-13.680000000000007
300	oeo	Oeo	2	254	0	198	-2	187.51999999999998	-2	249.32	-2	216.18	-2	238.85999999999999					2	204.0	2	245.48											-2	91.6			-2	74.86											-2	53.900000000000006			-2	-8.740000000000009																																																																									2	71.94	2	61.0	2	45.599999999999994	2	25.75999999999999									2	22.819999999999993	2	32.86	2	-20.24000000000001	2	-11.680000000000007
310	yeO	yeo			2	200	2	189.51999999999998	2	251.32	2	218.18	2	240.85999999999999					-2	202.0	-2	243.48																											-2	51.900000000000006			-2	-10.740000000000009									-2	41.81999999999999	-2	27.840000000000003	-2	-71.44	-2	-67.03999999999999									-2	30.120000000000005	-2	17.72	-2	-111.28	-2	-94.25999999999999																																																																
315	ouo	Ouo	2	256	0	200	-2	187.51999999999998	-2	249.32	-2	216.18	-2	238.85999999999999					2	204.0	2	245.48											-2	89.6	-2	80.76	-2	72.86											-2	49.900000000000006	-2	13.840000000000003	-2	-12.740000000000009											-2	25.840000000000003	-2	-73.44	-2	-69.03999999999999											-2	15.719999999999999	-2	-113.28	-2	-96.25999999999999																																																																
320	AyA	Aua			2	202			2	251.32	2	218.18	2	240.85999999999999							-2	243.48																													-2	11.840000000000003	-2	-14.740000000000009													-2	-75.44	-2	-71.03999999999999													-2	-115.28	-2	-98.25999999999999																																																																
334	EoE	Eoe			2	204					-2	216.18	-2	238.85999999999999			2	245.06	2	206.0	2	245.48																																																																																											-2	83.56			-2	76.6									-2	69.94	-2	59.0	-2	43.599999999999994	-2	23.75999999999999									-2	20.819999999999993	-2	30.86	-2	-22.24000000000001	-2	-13.680000000000007
341	AAe	Aae			2	206			2	253.32	2	218.18	2	240.85999999999999							-2	243.48																													-2	9.840000000000003	-2	-16.74000000000001													-2	-77.44	-2	-73.03999999999999													-2	-117.28	-2	-100.25999999999999																																																									-2	18.819999999999993	-2	28.86	-2	-24.24000000000001	-2	-15.680000000000007
344	oii	Oii	2	258	0	206	-2	185.51999999999998	-2	251.32	-2	216.18	-2	238.85999999999999					2	208.0	2	245.48																																																																																																													2	45.599999999999994	2	25.75999999999999													2	-22.24000000000001	2	-13.680000000000007
353	iey	ieu			2	208			2	253.32	2	218.18	2	240.85999999999999							-2	243.48																																													-2	-79.44	-2	-75.03999999999999													-2	-119.28	-2	-102.25999999999999																																																																
444	OaE	Oae			2	210					-2	216.18	-2	238.85999999999999			2	247.06	2	210.0	2	245.48							2	102.0			2	91.6			2	74.86							2	102.0			2	51.900000000000006			2	-14.740000000000009							2	104.0			2	27.840000000000003			2	-73.03999999999999							2	104.0			2	17.72			2	-100.25999999999999																																																									-2	16.819999999999993	-2	26.86	-2	-24.24000000000001	-2	-15.680000000000007
507	oee	Oee	2	260	0	210	-2	183.51999999999998	-2	251.32	-2	214.18	-2	236.85999999999999					2	212.0	2	247.48																																																																																																									2	71.94	2	61.0	2	47.599999999999994	2	27.75999999999999									2	18.819999999999993	2	28.86	2	-22.24000000000001	2	-13.680000000000007
515	oiy	oiu			2	212			2	253.32	2	216.18	2	238.85999999999999							-2	245.48																																																													-2	-121.28	-2	-102.25999999999999																																							2	106.0			2	63.0											2	112.0			2	30.86				
582	eey	eeu			2	214			2	255.32	2	218.18	2	240.85999999999999							-2	243.48																																													-2	-81.44	-2	-75.03999999999999													-2	-123.28	-2	-104.25999999999999																																																																
617	ooi	Ooi	2	262	0	214	-2	181.51999999999998	-2	253.32	-2	216.18	-2	238.85999999999999					2	214.0	2	245.48									-2	93.8	-2	89.6	-2	78.76	-2	72.86									-2	68.08	-2	49.900000000000006	-2	7.840000000000003	-2	-16.74000000000001									-2	39.81999999999999	-2	25.840000000000003	-2	-83.44	-2	-77.03999999999999									-2	28.120000000000005	-2	15.719999999999999	-2	-125.28	-2	-106.25999999999999																																															2	29.75999999999999															2	-11.680000000000007
796	oAA	oaa			2	216			2	255.32	2	218.18	2	240.85999999999999							-2	243.48																																																																																																					2	104.0	2	108.0	2	73.94	2	65.0	2	49.599999999999994	2	31.75999999999999					2	110.0	2	114.0	2	20.819999999999993	2	32.86	2	-20.24000000000001	2	-9.680000000000007
904	eIo	eio			2	218							-2	238.85999999999999	2	188.0	2	249.06	2	216.0	2	245.48																																	2	104.0	2	104.0	2	104.0	2	106.0	2	41.81999999999999	2	27.840000000000003	2	-81.44	2	-75.03999999999999	2	104.0	2	104.0	2	104.0	2	106.0			2	17.72			2	-104.25999999999999																																																																
1293	ooa	Ooa	2	264	0	218	-2	179.51999999999998	-2	253.32	-2	216.18	-2	236.85999999999999					2	218.0	2	247.48									-2	91.8	-2	87.6	-2	76.76	-2	70.86									-2	66.08	-2	47.900000000000006	-2	5.840000000000003	-2	-18.74000000000001									-2	39.81999999999999	-2	25.840000000000003	-2	-83.44	-2	-77.03999999999999									-2	26.120000000000005	-2	15.719999999999999	-2	-127.28	-2	-106.25999999999999																																																																
1318	OeO	Oeo			2	220	2	181.51999999999998	2	255.32	2	218.18	2	238.85999999999999					-2	216.0	-2	245.48											-2	85.6			-2	68.86											-2	45.900000000000006			-2	-20.74000000000001									-2	37.81999999999999	-2	23.840000000000003	-2	-85.44	-2	-79.03999999999999									-2	24.120000000000005	-2	13.719999999999999	-2	-129.28	-2	-108.25999999999999																																																																
3070	yOe	yoe			2	222	2	183.51999999999998	2	257.32	2	220.18	2	240.85999999999999					-2	214.0	-2	243.48																									-2	64.08	-2	43.900000000000006	-2	3.8400000000000034	-2	-22.74000000000001									-2	35.81999999999999	-2	21.840000000000003	-2	-87.44	-2	-81.03999999999999									-2	22.120000000000005	-2	11.719999999999999	-2	-131.28	-2	-110.25999999999999																																									-2	71.94	-2	63.0	-2	47.599999999999994	-2	29.75999999999999									-2	18.819999999999993	-2	30.86	-2	-22.24000000000001	-2	-11.680000000000007
3073	uua	yua	2	266	0	222			-2	255.32	-2	218.18	-2	238.85999999999999							2	245.48																													-2	1.8400000000000034	-2	-24.74000000000001													-2	-89.44	-2	-83.03999999999999													-2	-133.28	-2	-112.25999999999999																																																																
11799	aOA	aoa			0.02	222.02	0.02	183.54	0.02	255.34	0.02	218.20000000000002	0.02	238.88					-0.02	213.98	-0.02	245.45999999999998																																																																																																																	0.02	102.02	0.02	104.02	0.02	110.02	0.02	114.02	0.02	18.839999999999993	0.02	30.88	0.02	-22.22000000000001	0.02	-11.660000000000007
12449	aiO	aio			0.02	222.04000000000002	0.02	183.56	0.02	255.36	0.02	218.22000000000003	0.02	238.9					-0.02	213.95999999999998	-0.02	245.43999999999997																																																									-0.02	22.100000000000005	-0.02	11.7	-0.02	-133.3	-0.02	-112.27999999999999																																																			0.02	104.03999999999999			0.02	114.03999999999999			0.02	30.9				
12545	iuI	iui			0.02	222.06000000000003							-0.02	238.88	0.02	188.02	0.02	249.08	0.02	213.98	0.02	245.45999999999998																																																			0.02	104.02			0.02	106.02			0.02	11.719999999999999			0.02	-112.25999999999999																																																													-0.02	-22.24000000000001	-0.02	-11.680000000000007
17701	aOy	aou			0.002	222.06200000000004	0.002	183.562	0.002	255.36200000000002	0.002	218.22200000000004	0.002	238.882					-0.002	213.97799999999998	-0.002	245.45799999999997																																																																																																																	0.002	102.02199999999999	0.002	104.04199999999999	0.002	110.02199999999999	0.002	114.04199999999999	0.002	18.84199999999999	0.002	30.901999999999997	0.002	-22.23800000000001	0.002	-11.678000000000006
TOTAL				266		222.06200000000004		183.562		255.36200000000002		218.22200000000004		238.882		188.02		249.08		213.97799999999998		245.45799999999997		100.0		100.0		100.0		102.0		91.8		85.6		76.76		68.86		100.0		100.0		100.0		102.0		64.08		43.900000000000006		1.8400000000000034		-24.74000000000001		104.0		104.0		104.0		106.0		35.81999999999999		21.840000000000003		-89.44		-83.03999999999999		104.0		104.02		104.0		106.02		22.100000000000005		11.719999999999999		-133.3		-112.25999999999999		100.0		100.0		100.0		100.0		100.0		100.0		100.0		100.0		100.0		100.0		102.0		102.0		90.2		83.56		82.46		76.6		100.0		102.0		104.0		108.0		71.94		63.0		47.599999999999994		29.75999999999999		102.02199999999999		104.04199999999999		110.02199999999999		114.04199999999999		18.84199999999999		30.901999999999997		-22.23800000000001		-11.678000000000006
