trialnum	Generated	Heard	Id(Bk)Syl1	now	Id(Bk)	now	*F1	now	*F3	now	*F4	now	*F5	now	*B1	now	*B2	now	*B3	now	*B5	now	*F1_B1	now	*F1..._B1	now	*F1_B2	now	*F1..._B2	now	*F1_B3	now	*F1..._B3	now	*F1_B5	now	*F1..._B5	now	*F3_B1	now	*F3..._B1	now	*F3_B2	now	*F3..._B2	now	*F3_B3	now	*F3..._B3	now	*F3_B5	now	*F3..._B5	now	*F4_B1	now	*F4..._B1	now	*F4_B2	now	*F4..._B2	now	*F4_B3	now	*F4..._B3	now	*F4_B5	now	*F4..._B5	now	*F5_B1	now	*F5..._B1	now	*F5_B2	now	*F5..._B2	now	*F5_B3	now	*F5..._B3	now	*F5_B5	now	*F5..._B5	now	*_B1F1	now	*_B1...F1	now	*_B1F3	now	*_B1...F3	now	*_B1F4	now	*_B1...F4	now	*_B1F5	now	*_B1...F5	now	*_B2F1	now	*_B2...F1	now	*_B2F3	now	*_B2...F3	now	*_B2F4	now	*_B2...F4	now	*_B2F5	now	*_B2...F5	now	*_B3F1	now	*_B3...F1	now	*_B3F3	now	*_B3...F3	now	*_B3F4	now	*_B3...F4	now	*_B3F5	now	*_B3...F5	now	*_B5F1	now	*_B5...F1	now	*_B5F3	now	*_B5...F3	now	*_B5F4	now	*_B5...F4	now	*_B5F5	now	*_B5...F5	now
				0		0		112.49		138.07		151.01		178.38		104.94		119.6		134.42000000000002		163.34		100.0		100.0		100.0		100.0		100.0		100.0		100.0		100.0		100.0		100.0		100.0		100.0		100.0		100.0		100.0		100.0		100.0		100.0		100.0		100.0		100.0		100.0		100.0		100.0		100.0		100.0		101.73		102.46		103.64		105.04		107.2		109.8		100.0		100.0		100.0		100.0		100.0		100.0		101.13		101.76		100.0		100.0		100.0		100.0		100.0		100.0		102.82		103.93		100.0		100.0		100.0		100.0		100.0		100.0		104.51		106.35		100.0		100.0		100.0		100.0		100.0		100.0		108.33		111.51
1	aIE	Aie	2	2	0	0			-2	136.07	-2	149.01	-2	176.38	2	106.94	2	121.6	2	136.42000000000002	2	165.34																																																																																																																																
2	IuI	iui	2	4	0	0							-2	174.38	2	108.94	2	123.6	2	138.42000000000002	2	167.34																																																													-2	105.2	-2	107.8																																																													-2	106.33	-2	109.51
4	IoI	iOi	2	6	0	0	-2	110.49	-2	134.07	-2	147.01	-2	172.38	2	110.94	2	125.6	2	140.42000000000002	2	169.34																																																																																																																																
7	ouu	Oyy	2	8	0	0	-2	108.49	-2	132.07	-2	145.01	-2	170.38					2	142.42000000000002	2	171.34																																																																																																																																
8	AOe	aoE	2	10	0	0	2	110.49	2	134.07	2	147.01	2	172.38			-2	123.6	-2	140.42000000000002	-2	169.34																																																																																																																																
10	EEI	eei	2	12	0	0					-2	145.01	-2	170.38	2	112.94	2	125.6	2	142.42000000000002	2	171.34																																																																																																																																
11	ao	AO	2	14	0	0	-2	108.49	-2	132.07	-2	143.01	-2	168.38					2	144.42000000000002	2	173.34																																																																																																																																
13	iAO	Iao	2	16	0	0	2	110.49	2	134.07	2	145.01	2	170.38	-2	110.94	-2	123.6	-2	142.42000000000002	-2	171.34																																																																																																																																
16	OOA	ooa	2	18	0	0	2	112.49	2	136.07	2	147.01	2	172.38					-2	140.42000000000002	-2	169.34																																																																																																																																
18	aaE	AAe	2	20	0	0			-2	134.07	-2	145.01	-2	170.38			2	125.6	2	142.42000000000002	2	171.34																																																																																																																																
20	IuI	Iui			2	2							-2	168.38	2	112.94	2	127.6	2	144.42000000000002	2	173.34																																																																															-2	99.76															-2	101.93															-2	104.35													-2	104.33	-2	107.51
22	yey	uEu	2	22	0	2			2	136.07	2	147.01	2	170.38			-2	125.6	-2	142.42000000000002	-2	171.34																																																																																																																																
24	eOy	Eou	2	24	0	2	2	114.49	2	138.07	2	149.01	2	172.38			-2	123.6	-2	140.42000000000002	-2	169.34																																																																																																																																
25	Ia	ia	2	26	0	2							-2	170.38	2	114.94	2	125.6	2	142.42000000000002	2	171.34																																																													-2	103.2	-2	105.8																																																																
26	Eoa	eOA	2	28	0	2	-2	112.49	-2	136.07	-2	147.01	-2	168.38			2	127.6	2	144.42000000000002	2	173.34																																																																																																																																
31	ii	Ii	2	30	0	2							2	170.38	-2	112.94	-2	125.6	-2	142.42000000000002	-2	171.34																																																																													-2	99.13	-2	97.76													-2	100.82	-2	99.93													-2	102.51	-2	102.35													-2	102.33	-2	105.51
32	eey	EEu	2	32	0	2			2	138.07	2	149.01	2	172.38			-2	123.6	-2	140.42000000000002	-2	169.34																																																																																																																																
33	Oye	ouE	2	34	0	2	2	114.49	2	140.07	2	151.01	2	174.38			-2	121.6	-2	138.42000000000002	-2	167.34																																																																																																																																
35	EEa	eeA	2	36	0	2			-2	138.07	-2	149.01	-2	172.38			2	123.6	2	140.42000000000002	2	169.34																																																																																																																																
36	uI	ui			2	4							-2	170.38	2	114.94	2	125.6	2	142.42000000000002	2	171.34																																																																																																																													-2	100.33	-2	103.51
37	oEo	OeO	2	38	0	4	-2	112.49	-2	136.07	-2	147.01	-2	168.38			2	127.6	2	144.42000000000002	2	173.34																																																																																																																																
39	eOO	Eoo	2	40	0	4	2	114.49	2	138.07	2	149.01	2	170.38			-2	125.6	-2	142.42000000000002	-2	171.34																																																																																																																																
40	yOe	uoE	2	42	0	4	2	116.49	2	140.07	2	151.01	2	172.38			-2	123.6	-2	140.42000000000002	-2	169.34																																																																																																																																
42	EEI	eei	2	44	0	4					-2	149.01	-2	170.38	2	116.94	2	125.6	2	142.42000000000002	2	171.34																																																																																																																																
44	EIE	eie	2	46	0	4					-2	147.01	-2	168.38	2	118.94	2	127.6	2	144.42000000000002	2	173.34																																																																																																																																
46	iee	iEE			2	6					2	149.01	2	170.38			-2	125.6	-2	142.42000000000002	-2	171.34																																																					-2	99.73	-2	100.46	-2	101.64	-2	103.04	-2	101.2	-2	103.8																																																																
47	ei	Ei	2	48	0	6					2	151.01	2	172.38			-2	123.6	-2	140.42000000000002	-2	169.34																																																																																													-2	98.82	-2	97.93													-2	100.51	-2	100.35													-2	98.33	-2	101.51
49	Iou	iou	2	50	0	6							-2	170.38	2	120.94	2	125.6	2	142.42000000000002	2	171.34																																																									-2	99.64	-2	101.04	-2	99.2	-2	101.8																																																																
50	IIu	Iiu			2	8							-2	168.38	2	122.94	2	127.6	2	144.42000000000002	2	173.34																																																													-2	97.2	-2	99.8													-2	97.13	-2	95.76													-2	96.82	-2	95.93													-2	98.51	-2	98.35													-2	96.33	-2	99.51
52	OyO	ouo	2	52	0	8	2	118.49	2	142.07	2	153.01	2	170.38					-2	142.42000000000002	-2	171.34																																																																																																																																
53	oII	Oii	2	54	0	8	-2	116.49	-2	140.07	-2	151.01	-2	168.38	2	124.94	2	129.6	2	144.42000000000002	2	173.34																																																																																																																																
54	Aiy	aiu	2	56	0	8			2	142.07	2	153.01	2	170.38							-2	171.34																																																													-2	95.2	-2	97.8																																																													-2	94.33	-2	97.51
55	Ioa	ioa	2	58	0	8							-2	168.38	2	126.94	2	131.6	2	146.42000000000002	2	173.34																																																									-2	97.64	-2	99.04	-2	93.2	-2	95.8																																																																
56	oIu	oiu			2	10							-2	166.38	2	128.94	2	133.6	2	148.42000000000002	2	175.34																																																													-2	91.2	-2	93.8																																													-2	96.51	-2	96.35													-2	92.33	-2	95.51
58	yey	uEu	2	60	0	10			2	144.07	2	155.01	2	168.38			-2	131.6	-2	146.42000000000002	-2	173.34																																																																																																																																
61	iAO	Iao	2	62	0	10	2	118.49	2	146.07	2	157.01	2	170.38	-2	126.94	-2	129.6	-2	144.42000000000002	-2	171.34																																																																																																																																
62	yiy	uiu	2	64	0	10			2	148.07	2	159.01	2	172.38							-2	169.34																																																													-2	89.2	-2	91.8																																																													-2	90.33	-2	93.51
64	ii	Ii	2	66	0	10							2	174.38	-2	124.94	-2	127.6	-2	142.42000000000002	-2	167.34																																																																													-2	95.13	-2	93.76													-2	94.82	-2	93.93													-2	94.51	-2	94.35													-2	88.33	-2	91.51
65	aEE	Aee	2	68	0	10			-2	146.07	-2	157.01	-2	172.38			2	129.6	2	144.42000000000002	2	169.34																																																																																																																																
66	oEa	OeA	2	70	0	10	-2	116.49	-2	144.07	-2	155.01	-2	170.38			2	131.6	2	146.42000000000002	2	171.34																																																																																																																																
67	yO	uo	2	72	0	10	2	118.49	2	146.07	2	157.01	2	172.38					-2	144.42000000000002	-2	169.34																																																																																																																																
68	aIa	AiA	2	74	0	10			-2	144.07	-2	155.01	-2	170.38	2	126.94	2	133.6	2	146.42000000000002	2	171.34																																																																																																																																
69	yO	uo	2	76	0	10	2	120.49	2	146.07	2	157.01	2	172.38					-2	144.42000000000002	-2	169.34																																																																																																																																
70	uII	yii	2	78	0	10			-2	144.07	-2	155.01	-2	170.38	2	128.94	2	135.6	2	146.42000000000002	2	171.34																																																																																																																																
72	EIE	EiE			2	12							-2	168.38	2	130.94	2	137.6	2	148.42000000000002	2	173.34																																																					-2	97.73	-2	98.46	-2	95.64	-2	97.04	-2	87.2	-2	89.8																													-2	92.82	-2	91.93													-2	92.51	-2	92.35													-2	86.33	-2	89.51
73	Ayy	auu	2	80	0	12			2	146.07	2	157.01	2	170.38							-2	171.34																																																																																																																																
74	Iuo	iuo	2	82	0	12							-2	168.38	2	132.94	2	139.6	2	150.42000000000002	2	173.34																																																											-2	95.04	-2	85.2	-2	87.8																																																																
75	iOi	ioi			2	14	2	122.49	2	148.07	2	159.01	2	170.38					-2	148.42000000000002	-2	171.34																																																									-2	93.64	-2	93.04	-2	83.2	-2	85.8																																													-2	90.51	-2	90.35													-2	84.33	-2	87.51
76	yii	uii	2	84	0	14			2	150.07	2	161.01	2	172.38							-2	169.34																																																																																																																													-2	82.33	-2	85.51
78	uoa	yOA	2	86	0	14	-2	120.49	-2	148.07	-2	159.01	-2	170.38					2	150.42000000000002	2	171.34																																																																																																																																
81	iiA	Iia	2	88	0	14			2	150.07	2	161.01	2	172.38	-2	130.94	-2	137.6	-2	148.42000000000002	-2	169.34																																																													-2	81.2	-2	83.8													-2	93.13	-2	91.76													-2	90.82	-2	89.93													-2	88.51	-2	88.35													-2	80.33	-2	83.51
82	Ea	eA	2	90	0	14			-2	148.07	-2	159.01	-2	170.38			2	139.6	2	150.42000000000002	2	171.34																																																																																																																																
83	aIa	AiA	2	92	0	14			-2	146.07	-2	157.01	-2	168.38	2	132.94	2	141.6	2	152.42000000000002	2	173.34																																																																																																																																
84	Oee	oEE	2	94	0	14	2	122.49	2	148.07	2	159.01	2	170.38			-2	139.6	-2	150.42000000000002	-2	171.34																																																																																																																																
89	aaa	AAA	2	96	0	14			-2	146.07	-2	157.01	-2	168.38							2	173.34																																																																																																																																
90	AOy	aou	2	98	0	14	2	124.49	2	148.07	2	159.01	2	170.38					-2	148.42000000000002	-2	171.34																																																																																																																																
92	oou	OOy	2	100	0	14	-2	122.49	-2	146.07	-2	157.01	-2	168.38					2	150.42000000000002	2	173.34																																																																																																																																
96	Oi	oi	2	102	0	14	2	124.49	2	148.07	2	159.01	2	170.38					-2	148.42000000000002	-2	171.34																																																																																																													-2	86.51	-2	86.35													-2	78.33	-2	81.51
97	OOe	ooE	2	104	0	14	2	126.49	2	150.07	2	161.01	2	172.38			-2	137.6	-2	146.42000000000002	-2	169.34																																																																																																																																
98	Iaa	iAA	2	106	0	14			-2	148.07	-2	159.01	-2	170.38	2	134.94	2	139.6	2	148.42000000000002	2	171.34																																																																																																																																
100	IEa	iEa	2	108	0	14							-2	168.38	2	136.94	2	141.6	2	150.42000000000002	2	173.34																																																					-2	95.73	-2	96.46	-2	91.64	-2	91.04	-2	79.2	-2	81.8																																																																
101	Aii	aii	2	110	0	14			2	150.07	2	161.01	2	170.38							-2	171.34																																																																																																																													-2	76.33	-2	79.51
102	auI	aui			2	16							-2	168.38	2	138.94	2	143.6	2	152.42000000000002	2	173.34																																																																																																																													-2	74.33	-2	77.51
109	Oii	oii	2	112	0	16	2	128.49	2	152.07	2	163.01	2	170.38					-2	150.42000000000002	-2	171.34																																																																																																													-2	84.51	-2	84.35													-2	72.33	-2	75.51
110	yee	uEE	2	114	0	16			2	154.07	2	165.01	2	172.38			-2	141.6	-2	148.42000000000002	-2	169.34																																																																																																																																
111	IEE	iEE	2	116	0	16							-2	170.38	2	140.94	2	143.6	2	150.42000000000002	2	171.34																																																					-2	93.73	-2	94.46	-2	89.64	-2	89.04	-2	77.2	-2	79.8																																																																
112	Iua	iua	2	118	0	16							-2	168.38	2	142.94	2	145.6	2	152.42000000000002	2	173.34																																																													-2	75.2	-2	77.8																																																																
113	eOe	EoE	2	120	0	16	2	130.49	2	156.07	2	167.01	2	170.38			-2	143.6	-2	150.42000000000002	-2	171.34																																																																																																																																
114	oaE	OAe	2	122	0	16	-2	128.49	-2	154.07	-2	165.01	-2	168.38			2	145.6	2	152.42000000000002	2	173.34																																																																																																																																
117	eyy	Euu	2	124	0	16			2	156.07	2	167.01	2	170.38			-2	143.6	-2	150.42000000000002	-2	171.34																																																																																																																																
118	aE	Ae	2	126	0	16			-2	154.07	-2	165.01	-2	168.38			2	145.6	2	152.42000000000002	2	173.34																																																																																																																																
119	iAe	IaE	2	128	0	16			2	156.07	2	167.01	2	170.38	-2	140.94	-2	143.6	-2	150.42000000000002	-2	171.34																																																																																																																																
120	yOe	uoE	2	130	0	16	2	130.49	2	158.07	2	169.01	2	172.38			-2	141.6	-2	148.42000000000002	-2	169.34																																																																																																																																
121	EEa	eeA	2	132	0	16			-2	156.07	-2	167.01	-2	170.38			2	143.6	2	150.42000000000002	2	171.34																																																																																																																																
122	iOe	IoE	2	134	0	16	2	132.49	2	158.07	2	169.01	2	172.38	-2	138.94	-2	141.6	-2	148.42000000000002	-2	169.34																																																																																																																																
129	EIE	eie	2	136	0	16					-2	167.01	-2	170.38	2	140.94	2	143.6	2	150.42000000000002	2	171.34																																																																																																																																
132	ooa	OOA	2	138	0	16	-2	130.49	-2	156.07	-2	165.01	-2	168.38					2	152.42000000000002	2	173.34																																																																																																																																
134	yAe	uaE	2	140	0	16			2	158.07	2	167.01	2	170.38			-2	141.6	-2	150.42000000000002	-2	171.34																																																																																																																																
135	yiA	uia	2	142	0	16			2	160.07	2	169.01	2	172.38							-2	169.34																																																													-2	73.2	-2	75.8																																																													-2	70.33	-2	73.51
136	uuI	uui			2	18							-2	170.38	2	142.94	2	143.6	2	152.42000000000002	2	171.34																																																																																																																													-2	68.33	-2	71.51
137	yyA	uua	2	144	0	18			2	162.07	2	171.01	2	172.38							-2	169.34																																																																																																																																
138	iiE	IiE	2	146	0	18							2	174.38	-2	140.94	-2	141.6	-2	150.42000000000002	-2	167.34																																																																													-2	91.13	-2	89.76													-2	88.82	-2	87.93													-2	82.51	-2	82.35													-2	66.33	-2	69.51
139	Eoo	eOO	2	148	0	18	-2	128.49	-2	160.07	-2	169.01	-2	172.38			2	143.6	2	152.42000000000002	2	169.34																																																																																																																																
140	Iuu	iyy	2	150	0	18			-2	158.07	-2	167.01	-2	170.38	2	142.94	2	145.6	2	154.42000000000002	2	171.34																																																																																																																																
141	iy	Iu	2	152	0	18			2	160.07	2	169.01	2	172.38	-2	140.94	-2	143.6	-2	152.42000000000002	-2	169.34																																																																																																																																
142	ao	AO	2	154	0	18	-2	126.49000000000001	-2	158.07	-2	167.01	-2	170.38					2	154.42000000000002	2	171.34																																																																																																																																
144	yOi	uoi	2	156	0	18	2	128.49	2	160.07	2	169.01	2	172.38					-2	152.42000000000002	-2	169.34																																																																																																													-2	80.51	-2	80.35													-2	64.33	-2	67.51
145	IIu	Iiu			2	20							-2	170.38	2	142.94	2	145.6	2	154.42000000000002	2	171.34																																																													-2	71.2	-2	73.8													-2	89.13	-2	87.76													-2	86.82	-2	85.93													-2	78.51	-2	78.35													-2	62.33	-2	65.51
146	iAO	Iao	2	158	0	20	2	130.49	2	162.07	2	171.01	2	172.38	-2	140.94	-2	143.6	-2	152.42000000000002	-2	169.34																																																																																																																																
147	EII	eii	2	160	0	20					-2	169.01	-2	170.38	2	142.94	2	145.6	2	154.42000000000002	2	171.34																																																																																																																																
148	EEo	eeO	2	162	0	20	-2	128.49	-2	160.07	-2	167.01	-2	168.38			2	147.6	2	156.42000000000002	2	173.34																																																																																																																																
149	eOy	Eou	2	164	0	20	2	130.49	2	162.07	2	169.01	2	170.38			-2	145.6	-2	154.42000000000002	-2	171.34																																																																																																																																
152	aii	Aii	2	166	0	20			-2	160.07	-2	167.01	-2	168.38							2	173.34																																																																																																																													2	64.33	2	67.51
155	yyO	uuo	2	168	0	20	2	132.49	2	162.07	2	169.01	2	170.38					-2	152.42000000000002	-2	171.34																																																																																																																																
157	yy	uu	2	170	0	20			2	164.07	2	171.01	2	172.38							-2	169.34																																																																																																																																
158	AAi	aai	2	172	0	20			2	166.07	2	173.01	2	174.38							-2	167.34																																																																																																																													-2	62.33	-2	65.51
159	EaI	eAi	2	174	0	20			-2	164.07	-2	171.01	-2	172.38	2	144.94	2	147.6	2	154.42000000000002	2	169.34																																																																																																																																
160	OEE	Oee			2	22					-2	169.01	-2	170.38			2	149.6	2	156.42000000000002	2	171.34					2	102.0	2	102.0	2	102.0	2	102.0	2	102.0	2	102.0					2	102.0	2	102.0	2	102.0	2	102.0	2	102.0	2	102.0					2	102.0	2	102.0	2	102.0	2	102.0	2	102.0	2	102.0					2	95.73	2	96.46	2	91.64	2	91.04	2	73.2	2	75.8																																																																
163	aiA	aia			2	24			2	166.07	2	171.01	2	172.38							-2	169.34																																																													-2	71.2	-2	73.8																																																							2	102.0			2	102.0				
167	Eoo	eOO	2	176	0	24	-2	130.49	-2	164.07	-2	169.01	-2	170.38			2	151.6	2	158.42000000000002	2	171.34																																																																																																																																
168	Ey	Eu			2	26			2	166.07	2	171.01	2	172.38							-2	169.34																																																																																					2	102.0	2	102.0	2	102.0	2	102.0	2	88.82	2	87.93					2	102.0	2	102.0	2	102.0	2	102.0	2	80.51	2	80.35					2	102.0	2	104.0	2	102.0	2	104.0	2	64.33	2	67.51
171	iaE	iAe			2	28			-2	164.07	-2	169.01	-2	170.38			2	153.6	2	160.42000000000002	2	171.34																																																							2	98.46			2	93.04	2	73.2	2	75.8																																																																
173	ue	uE			2	30					2	171.01	2	172.38			-2	151.6	-2	158.42000000000002	-2	169.34																																																																																																																									2	104.0	2	106.0	2	66.33	2	69.51
178	yu	yy			2	32			-2	162.07	-2	169.01	-2	170.38							2	171.34																													2	104.0	2	104.0													2	104.0	2	104.0													2	75.2	2	77.8																																																																
181	ioa	iOA			2	34	-2	128.49	-2	160.07	-2	167.01	-2	168.38					2	160.42000000000002	2	173.34																																																									2	93.64	2	95.04	2	77.2	2	79.8																																																																
187	iOy	iou			2	36	2	130.49	2	162.07	2	169.01	2	170.38					-2	158.42000000000002	-2	171.34																																																									-2	91.64	-2	93.04	-2	75.2	-2	77.8																																																																
188	AEI	Aei			2	38					-2	167.01	-2	168.38	2	146.94	2	153.6	2	160.42000000000002	2	173.34																			2	102.0	2	104.0	2	104.0	2	104.0	2	104.0	2	106.0	2	106.0			2	102.0	2	104.0	2	104.0	2	104.0	2	104.0	2	106.0	2	106.0			2	102.0	2	97.73	2	100.46	2	93.64	2	95.04	2	77.2	2	79.8																																																																
189	eOA	Eoa	2	178	0	38	2	132.49	2	164.07	2	169.01	2	170.38			-2	151.6	-2	158.42000000000002	-2	171.34																																																																																																																																
190	OEa	OeA			2	40			-2	162.07	-2	167.01	-2	168.38			2	153.6	2	160.42000000000002	2	173.34					2	104.0	2	104.0	2	104.0	2	104.0	2	104.0	2	104.0					2	106.0	2	106.0	2	106.0	2	106.0	2	108.0	2	108.0					2	106.0	2	106.0	2	106.0	2	106.0	2	108.0	2	108.0					2	99.73	2	102.46	2	95.64	2	97.04	2	79.2	2	81.8																																																																
192	uOA	uoa			2	42	2	134.49	2	164.07	2	169.01	2	170.38					-2	158.42000000000002	-2	171.34																																																																																																																	2	102.0	2	102.0	2	104.0	2	106.0	2	106.0	2	108.0	2	68.33	2	71.51
194	oeO	oEo			2	44	2	136.49	2	166.07	2	171.01	2	172.38			-2	151.6	-2	156.42000000000002	-2	169.34																																																																																																			2	102.0			2	104.0	2	104.0	2	104.0	2	82.51	2	82.35			2	104.0			2	108.0	2	108.0	2	110.0	2	70.33	2	73.51
195	yuu	yyy			2	46			-2	164.07	-2	169.01	-2	170.38							2	171.34																													2	110.0	2	110.0													2	110.0	2	110.0													2	81.2	2	83.8																																																																
198	oA	oa			2	48			2	166.07	2	171.01	2	172.38							-2	169.34																																																																																																					2	104.0	2	106.0	2	106.0	2	106.0	2	84.51	2	84.35					2	106.0	2	110.0	2	110.0	2	112.0	2	72.33	2	75.51
199	eIu	eiy			2	50			-2	164.07	-2	169.01	-2	170.38	2	148.94	2	153.6	2	158.42000000000002	2	171.34																																	2	102.0	2	104.0	2	108.0	2	108.0	2	108.0	2	108.0	2	112.0	2	112.0	2	102.0	2	104.0	2	101.73	2	104.46	2	97.64	2	99.04	2	83.2	2	85.8																																																																
200	uee	uEE			2	52					2	171.01	2	172.38			-2	151.6	-2	156.42000000000002	-2	169.34																																																																																																																									2	112.0	2	114.0	2	74.33	2	77.51
201	Au	Ay			2	54			-2	162.07	-2	169.01	-2	170.38							2	171.34																													2	112.0	2	112.0													2	114.0	2	114.0													2	85.2	2	87.8																																																																
203	IOA	Ioa			2	56	2	138.49	2	164.07	2	171.01	2	172.38					-2	154.42000000000002	-2	169.34																																																																	2	102.0	2	102.0	2	102.0	2	102.0	2	102.0	2	102.0	2	91.13	2	89.76	2	102.0	2	102.0	2	104.0	2	104.0	2	104.0	2	104.0	2	90.82	2	89.93	2	102.0	2	104.0	2	106.0	2	108.0	2	108.0	2	108.0	2	86.51	2	86.35	2	104.0	2	106.0	2	108.0	2	112.0	2	114.0	2	116.0	2	76.33	2	79.51
204	AEu	Aey			2	58			-2	162.07	-2	169.01	-2	170.38			2	153.6	2	156.42000000000002	2	171.34																					2	108.0	2	108.0	2	108.0	2	108.0	2	114.0	2	114.0					2	110.0	2	110.0	2	110.0	2	110.0	2	116.0	2	116.0					2	103.73	2	106.46	2	99.64	2	101.04	2	87.2	2	89.8																																																																
205	ayO	auo			2	60	2	140.49	2	164.07	2	171.01	2	172.38					-2	154.42000000000002	-2	169.34																																																																																																																			2	108.0	2	110.0	2	114.0	2	116.0	2	118.0	2	78.33	2	81.51
209	yEa	yeA			2	62			-2	162.07	-2	169.01	-2	170.38			2	155.6	2	156.42000000000002	2	171.34																					2	110.0	2	110.0	2	110.0	2	110.0	2	116.0	2	116.0					2	112.0	2	112.0	2	112.0	2	112.0	2	118.0	2	118.0					2	105.73	2	108.46	2	101.64	2	103.04	2	89.2	2	91.8																																																																
210	oey	oEu			2	64			2	164.07	2	171.01	2	172.38			-2	153.6	-2	154.42000000000002	-2	169.34																																																																																																							2	110.0	2	110.0	2	110.0	2	88.51	2	88.35							2	116.0	2	118.0	2	120.0	2	80.33	2	83.51
211	oIo	oio			2	66							-2	170.38	2	150.94	2	155.6	2	156.42000000000002	2	171.34																																																									-2	99.64	-2	101.04	-2	87.2	-2	89.8																																													-2	86.51	-2	86.35													-2	78.33	-2	81.51
212	Oaa	OAA			2	68			-2	162.07	-2	169.01	-2	168.38							2	173.34													2	106.0	2	106.0													2	118.0	2	118.0													2	120.0	2	120.0													2	89.2	2	91.8																																																																
213	EOA	Eoa			2	70	2	142.49	2	164.07	2	171.01	2	170.38					-2	154.42000000000002	-2	171.34																																																																																	2	104.0	2	104.0	2	106.0	2	106.0	2	106.0	2	106.0	2	92.82	2	91.93	2	104.0	2	106.0	2	108.0	2	112.0	2	112.0	2	112.0	2	88.51	2	88.35	2	106.0	2	110.0	2	112.0	2	118.0	2	120.0	2	122.0	2	80.33	2	83.51
215	aIa	aia			2	72							-2	168.38	2	152.94	2	157.6	2	156.42000000000002	2	173.34																																																													-2	87.2	-2	89.8																																																													-2	78.33	-2	81.51
217	eo	eO			2	74	-2	140.49	-2	162.07	-2	169.01	-2	166.38					2	158.42000000000002	2	175.34																																									2	114.0	2	114.0	2	122.0	2	122.0									2	101.64	2	103.04	2	89.2	2	91.8																																																																
218	iyA	iua			2	76			2	164.07	2	171.01	2	168.38							-2	173.34																																																													-2	87.2	-2	89.8																																																																
221	Ie	IE			2	78					2	173.01	2	170.38			-2	155.6	-2	156.42000000000002	-2	171.34																																																																									2	104.0	2	104.0	2	93.13	2	91.76									2	108.0	2	108.0	2	94.82	2	93.93									2	114.0	2	114.0	2	90.51	2	90.35									2	122.0	2	124.0	2	80.33	2	83.51
222	aOO	aoo			2	80	2	142.49	2	166.07	2	175.01	2	172.38					-2	154.42000000000002	-2	169.34																																																																																																																	2	108.0	2	112.0	2	114.0	2	120.0	2	124.0	2	126.0	2	82.33	2	85.51
223	yEu	yey			2	82			-2	164.07	-2	173.01	-2	170.38			2	157.6	2	156.42000000000002	2	171.34																					2	112.0	2	112.0	2	112.0	2	112.0	2	120.0	2	120.0					2	114.0	2	114.0	2	116.0	2	116.0	2	124.0	2	124.0					2	107.73	2	110.46	2	103.64	2	105.04	2	89.2	2	91.8																																																																
226	Oa	OA			2	84			-2	162.07	-2	171.01	-2	168.38							2	173.34													2	108.0	2	108.0													2	122.0	2	122.0													2	126.0	2	126.0													2	91.2	2	93.8																																																																
227	yuE	yye			2	86			-2	160.07	-2	169.01	-2	166.38			2	159.6	2	158.42000000000002	2	175.34																							2	114.0			2	114.0	2	124.0	2	124.0							2	116.0			2	118.0	2	128.0	2	128.0							2	112.46			2	107.04	2	93.2	2	95.8																																																																
228	iiy	iiu			2	88			2	162.07	2	171.01	2	168.38							-2	173.34																																																													-2	91.2	-2	93.8																																																																
229	aei	aEi			2	90					2	173.01	2	170.38			-2	157.6	-2	156.42000000000002	-2	171.34																																																																																													-2	92.82	-2	91.93													-2	88.51	-2	88.35									2	126.0	2	128.0			-2	83.51
231	uu	yy	2	180	0	90			-2	160.07	-2	171.01	-2	168.38							2	173.34																																																																																																																																
234	oei	oEi			2	92					2	173.01	2	170.38			-2	155.6	-2	154.42000000000002	-2	171.34																																																																																													-2	90.82	-2	89.93									2	116.0	2	116.0			-2	86.35									2	128.0	2	130.0			-2	81.51
238	ya	yA			2	94			-2	158.07	-2	171.01	-2	168.38							2	173.34																													2	126.0	2	126.0													2	130.0	2	130.0													2	93.2	2	95.8																																																																
240	EOy	Eou			2	96	2	144.49	2	160.07	2	173.01	2	170.38					-2	152.42000000000002	-2	171.34																																																																																	2	106.0	2	106.0	2	108.0	2	108.0	2	110.0	2	110.0	2	92.82	2	91.93	2	106.0	2	108.0	2	110.0	2	114.0	2	118.0	2	118.0	2	90.51	2	88.35	2	110.0	2	114.0	2	116.0	2	122.0	2	130.0	2	132.0	2	84.33	2	83.51
241	Oio	OiO			2	98	-2	142.49	-2	158.07	-2	171.01	-2	168.38					2	154.42000000000002	2	173.34											2	106.0			2	110.0											2	116.0			2	128.0											2	120.0			2	132.0									2	105.64	2	109.04	2	95.2	2	97.8																																																																
243	ioE	iOe			2	100	-2	140.49	-2	156.07	-2	169.01	-2	166.38			2	157.6	2	156.42000000000002	2	175.34																																																							2	114.46	2	107.64	2	111.04	2	97.2	2	99.8																																																																
247	uO	uo			2	102	2	142.49	2	158.07	2	171.01	2	168.38					-2	154.42000000000002	-2	173.34																																																																																																																	2	112.0	2	116.0	2	118.0	2	124.0	2	132.0	2	134.0	2	86.33	2	85.51
248	oyy	ouu			2	104			2	160.07	2	173.01	2	170.38							-2	171.34																																																																																																					2	112.0	2	116.0	2	120.0	2	120.0	2	92.51	2	90.35					2	120.0	2	126.0	2	134.0	2	136.0	2	88.33	2	87.51
249	eEa	eeA			2	106			-2	158.07	-2	171.01	-2	168.38			2	159.6	2	156.42000000000002	2	173.34																																					2	116.0	2	118.0	2	118.0	2	122.0	2	132.0	2	134.0					2	109.73	2	116.46	2	109.64	2	113.04	2	99.2	2	101.8																																																																
253	oeO	oEo			2	108	2	144.49	2	160.07	2	173.01	2	170.38			-2	157.6	-2	154.42000000000002	-2	171.34																																																																																																			2	110.0			2	118.0	2	122.0	2	122.0	2	94.51	2	92.35			2	118.0			2	128.0	2	136.0	2	138.0	2	90.33	2	89.51
254	yaI	yAi			2	110			-2	158.07	-2	171.01	-2	168.38	2	154.94	2	159.6	2	156.42000000000002	2	173.34																			2	104.0			2	116.0			2	118.0	2	128.0	2	130.0			2	106.0			2	120.0			2	124.0	2	134.0	2	136.0			2	106.0			2	118.46			2	115.04	2	101.2	2	103.8																																																																
260	uOA	uoa			2	112	2	146.49	2	160.07	2	173.01	2	170.38					-2	154.42000000000002	-2	171.34																																																																																																																	2	114.0	2	120.0	2	122.0	2	130.0	2	138.0	2	140.0	2	92.33	2	91.51
261	EIa	Eia			2	114							-2	168.38	2	156.94	2	161.6	2	156.42000000000002	2	173.34																																																													-2	99.2	-2	101.8																													-2	90.82	-2	89.93													-2	92.51	-2	90.35													-2	90.33	-2	89.51
263	eu	ey			2	116			-2	158.07	-2	171.01	-2	166.38							2	175.34																																													2	136.0	2	138.0													2	101.2	2	103.8																																																																
264	oy	ou			2	118			2	160.07	2	173.01	2	168.38							-2	173.34																																																																																																					2	114.0	2	120.0	2	124.0	2	124.0	2	94.51	2	92.35					2	124.0	2	132.0	2	140.0	2	142.0	2	92.33	2	91.51
266	yaE	yAe			2	120			-2	158.07	-2	171.01	-2	166.38			2	163.6	2	158.42000000000002	2	175.34																							2	118.0			2	120.0	2	130.0	2	132.0							2	122.0			2	126.0	2	138.0	2	140.0							2	120.46			2	117.04	2	103.2	2	105.8																																																																
270	EAi	Eai			2	122			2	160.07	2	173.01	2	168.38							-2	173.34																																																																																					2	110.0	2	110.0	2	112.0	2	112.0	2	92.82							2	116.0	2	122.0	2	126.0	2	126.0	2	96.51							2	126.0	2	134.0	2	142.0	2	144.0			-2	89.51
271	yEa	yeA			2	124			-2	158.07	-2	171.01	-2	166.38			2	165.6	2	160.42000000000002	2	175.34																					2	114.0	2	120.0	2	114.0	2	122.0	2	132.0	2	134.0					2	118.0	2	124.0	2	120.0	2	128.0	2	140.0	2	142.0					2	111.73	2	122.46	2	111.64	2	119.04	2	105.2	2	107.8																																																																
273	ue	uE			2	126					2	173.01	2	168.38			-2	163.6	-2	158.42000000000002	-2	173.34																																																																																																																									2	144.0	2	146.0	2	94.33	2	91.51
274	IiA	Iia			2	128			2	160.07	2	175.01	2	170.38							-2	171.34																																																													-2	103.2	-2	105.8							2	104.0			2	106.0											2	112.0			2	114.0											2	124.0			2	128.0											2	136.0			2	148.0				
279	iEa	ieA			2	130			-2	158.07	-2	173.01	-2	168.38			2	165.6	2	160.42000000000002	2	173.34																																																					2	113.73	2	124.46	2	113.64	2	121.04	2	105.2	2	107.8																																																																
281	IOe	IoE			2	132	2	148.49	2	160.07	2	175.01	2	170.38			-2	163.6	-2	158.42000000000002	-2	171.34																																																																	2	104.0	2	104.0	2	104.0	2	106.0	2	106.0	2	108.0	2	95.13	2	93.76	2	108.0	2	108.0	2	112.0	2	114.0	2	114.0	2	116.0	2	94.82	2	91.93	2	108.0	2	112.0	2	118.0	2	126.0	2	128.0	2	130.0	2	98.51	2	94.35	2	116.0	2	122.0	2	128.0	2	138.0	2	146.0	2	150.0	2	96.33	2	93.51
282	uAA	uaa			2	134			2	162.07	2	177.01	2	172.38							-2	169.34																																																																																																																					2	130.0	2	140.0	2	148.0	2	152.0	2	98.33	2	95.51
284	ooI	ooi			2	136							-2	170.38	2	158.94	2	165.6	2	160.42000000000002	2	171.34																																																																																																													-2	96.51	-2	92.35													-2	96.33	-2	93.51
289	IuI	Iui			2	138							-2	168.38	2	160.94	2	167.6	2	162.42000000000002	2	173.34																																																																															-2	91.76															-2	89.93															-2	90.35													-2	94.33	-2	91.51
293	Ao	AO			2	140	-2	146.49	-2	160.07	-2	175.01	-2	166.38					2	164.42000000000002	2	175.34																									2	116.0	2	124.0	2	134.0	2	136.0									2	122.0	2	130.0	2	142.0	2	144.0									2	115.64	2	123.04	2	107.2	2	109.8																																																																
295	Iey	IEu			2	142			2	162.07	2	177.01	2	168.38			-2	165.6	-2	162.42000000000002	-2	173.34																																																																							2	108.0	2	108.0	2	110.0	2	97.13	2	93.76							2	116.0	2	116.0	2	118.0	2	96.82	2	91.93							2	128.0	2	130.0	2	132.0	2	98.51	2	92.35							2	142.0	2	150.0	2	154.0	2	96.33	2	93.51
296	yoo	yOO			2	144	-2	144.49	-2	160.07	-2	175.01	-2	166.38					2	164.42000000000002	2	175.34																									2	118.0	2	126.0	2	136.0	2	138.0									2	124.0	2	132.0	2	144.0	2	146.0									2	117.64	2	125.04	2	109.2	2	111.8																																																																
299	EeA	EEa			2	146			2	162.07	2	177.01	2	168.38			-2	163.6	-2	162.42000000000002	-2	173.34																																																																																							2	118.0	2	118.0	2	120.0	2	98.82	2	93.93							2	130.0	2	132.0	2	134.0	2	100.51	2	94.35							2	144.0	2	152.0	2	156.0	2	98.33	2	95.51
302	eiE	eie			2	148					-2	175.01	-2	166.38			2	165.6	2	164.42000000000002	2	175.34																																							2	126.0			2	134.0			2	148.0					2	115.73	2	126.46	2	119.64	2	127.04	2	111.2	2	113.8																																																																
308	oou	OOy	2	182	0	148	-2	142.49	-2	160.07	-2	173.01	-2	164.38					2	166.42000000000002	2	177.34																																																																																																																																
311	ayi	aui			2	150			2	162.07	2	175.01	2	166.38							-2	175.34																																																																																																																					2	132.0	2	146.0	2	154.0	2	158.0			-2	93.51
315	Auo	AyO			2	152	-2	140.49	-2	160.07	-2	173.01	-2	164.38					2	168.42000000000002	2	177.34																											2	128.0	2	138.0	2	140.0											2	136.0	2	146.0	2	150.0											2	129.04000000000002	2	113.2	2	115.8																																																																
316	oeO	oEo			2	154	2	142.49	2	162.07	2	175.01	2	166.38			-2	163.6	-2	166.42000000000002	-2	175.34																																																																																																			2	114.0			2	132.0	2	134.0	2	136.0	2	102.51	2	96.35			2	124.0			2	148.0	2	156.0	2	160.0	2	100.33	2	95.51
319	IAA	Iaa			2	156			2	164.07	2	177.01	2	168.38							-2	173.34																																																																					2	106.0	2	110.0	2	110.0	2	112.0	2	99.13	2	95.76					2	114.0	2	120.0	2	120.0	2	122.0	2	100.82	2	95.93					2	120.0	2	134.0	2	136.0	2	138.0	2	104.51	2	98.35					2	134.0	2	150.0	2	158.0	2	162.0	2	102.33	2	97.51
320	Aai	AAi			2	158			-2	162.07	-2	175.01	-2	166.38							2	175.34																													2	140.0	2	142.0													2	148.0	2	152.0													2	115.2	2	117.8																																																													2	104.33	2	99.51
322	oyO	ouo			2	160	2	144.49	2	164.07	2	177.01	2	168.38					-2	164.42000000000002	-2	173.34																																																																																																			2	116.0	2	122.0	2	136.0	2	138.0	2	140.0	2	106.51	2	100.35			2	126.0	2	136.0	2	152.0	2	160.0	2	164.0	2	106.33	2	101.51
326	eE	ee			2	162					-2	175.01	-2	166.38			2	165.6	2	166.42000000000002	2	175.34																																					2	120.0	2	128.0	2	126.0	2	138.0	2	150.0	2	154.0					2	117.73	2	128.45999999999998	2	121.64	2	131.04000000000002	2	117.2	2	119.8																																																																
328	Auo	AyO			2	164	-2	142.49	-2	162.07	-2	173.01	-2	164.38					2	168.42000000000002	2	177.34																											2	130.0	2	142.0	2	144.0											2	140.0	2	152.0	2	156.0											2	133.04000000000002	2	119.2	2	121.8																																																																
329	IAO	Iao			2	166	2	144.49	2	164.07	2	175.01	2	166.38					-2	166.42000000000002	-2	175.34																																																																			2	106.0	2	108.0	2	112.0	2	112.0	2	114.0	2	101.13	2	97.76			2	110.0	2	116.0	2	122.0	2	122.0	2	124.0	2	102.82	2	97.93			2	118.0	2	124.0	2	138.0	2	140.0	2	142.0	2	108.51	2	102.35			2	128.0	2	138.0	2	154.0	2	162.0	2	166.0	2	108.33	2	103.51
332	eou	eOy			2	168	-2	142.49	-2	162.07	-2	173.01	-2	164.38					2	168.42000000000002	2	177.34																																									2	128.0	2	142.0	2	154.0	2	158.0									2	123.64	2	135.04000000000002	2	121.2	2	123.8																																																																
336	EAe	EaE			2	170			2	164.07	2	175.01	2	166.38			-2	163.6	-2	166.42000000000002	-2	175.34																																																																																					2	118.0	2	124.0	2	124.0	2	126.0	2	104.82	2	99.93					2	126.0	2	140.0	2	142.0	2	144.0	2	110.51	2	104.35					2	140.0	2	156.0	2	164.0	2	168.0	2	110.33	2	105.51
337	oOO	ooo			2	172	2	144.49	2	166.07	2	177.01	2	168.38					-2	164.42000000000002	-2	173.34																																																																																																	2	110.0	2	120.0	2	128.0	2	142.0	2	144.0	2	146.0	2	112.51	2	106.35	2	118.0	2	130.0	2	142.0	2	158.0	2	166.0	2	170.0	2	112.33	2	107.51
338	iau	iAy			2	174			-2	164.07	-2	175.01	-2	166.38							2	175.34																																																													2	123.2	2	125.8																																																																
341	Ey	Eu			2	176			2	166.07	2	177.01	2	168.38							-2	173.34																																																																																					2	120.0	2	126.0	2	126.0	2	128.0	2	106.82	2	101.93					2	130.0	2	144.0	2	146.0	2	148.0	2	114.51	2	108.35					2	144.0	2	160.0	2	168.0	2	172.0	2	114.33	2	109.51
342	iiu	iiy			2	178			-2	164.07	-2	175.01	-2	166.38							2	175.34																																																													2	125.2	2	127.8																																																																
350	IAy	Iau			2	180			2	166.07	2	177.01	2	168.38							-2	173.34																																																																					2	110.0	2	114.0	2	114.0	2	116.0	2	103.13	2	99.76					2	122.0	2	128.0	2	128.0	2	130.0	2	108.82	2	103.93					2	132.0	2	146.0	2	148.0	2	150.0	2	116.51	2	110.35					2	146.0	2	162.0	2	170.0	2	174.0	2	116.33	2	111.51
364	yuE	yye			2	182			-2	164.07	-2	175.01	-2	166.38			2	165.6	2	166.42000000000002	2	175.34																							2	122.0			2	132.0	2	144.0	2	146.0							2	130.0			2	144.0	2	156.0	2	160.0							2	130.45999999999998			2	137.04000000000002	2	127.2	2	129.8																																																																
976	oye	ouE			2	184			2	166.07	2	177.01	2	168.38			-2	163.6	-2	164.42000000000002	-2	173.34																																																																																																					2	134.0	2	148.0	2	150.0	2	152.0	2	118.51	2	112.35					2	148.0	2	164.0	2	172.0	2	176.0	2	118.33	2	113.51
1575	OoE	OOe			2	186	-2	142.49	-2	164.07	-2	175.01	-2	166.38			2	165.6	2	166.42000000000002	2	175.34							2	106.0	2	106.0	2	108.0	2	110.0	2	112.0							2	124.0	2	120.0	2	134.0	2	146.0	2	148.0							2	132.0	2	130.0	2	146.0	2	158.0	2	162.0							2	132.45999999999998	2	125.64	2	139.04000000000002	2	129.2	2	131.8																																																																
5305	iei	iEi			0.2	186.2					0.2	175.20999999999998	0.2	166.57999999999998			-0.2	165.4	-0.2	166.22000000000003	-0.2	175.14000000000001																																																					-0.2	117.53	-0.2	132.26	-0.2	125.44	-0.2	138.84000000000003	-0.2	129.0	-0.2	131.60000000000002																													-0.2	108.61999999999999	-0.2	103.73													-0.2	118.31	-0.2	112.14999999999999													-0.2	118.13	-0.2	113.31
TOTAL				182		186.2		142.49		164.07		175.20999999999998		166.57999999999998		160.94		165.4		166.22000000000003		175.14000000000001		100.0		100.0		104.0		106.0		106.0		108.0		110.0		112.0		100.0		104.0		114.0		124.0		120.0		134.0		146.0		148.0		102.0		106.0		120.0		132.0		130.0		146.0		158.0		162.0		102.0		106.0		117.53		132.26		125.44		138.84000000000003		129.0		131.60000000000002		104.0		106.0		110.0		114.0		114.0		116.0		103.13		99.76		108.0		110.0		122.0		128.0		128.0		130.0		108.61999999999999		103.73		110.0		120.0		134.0		148.0		150.0		152.0		118.31		112.14999999999999		118.0		130.0		148.0		164.0		172.0		176.0		118.13		113.31
