trialnum	Generated	Heard	Id(Bk)Syl1	now	Id(Bk)	now	*F1	now	*F3	now	*F4	now	*F5	now	*B1	now	*B2	now	*B3	now	*B5	now	*F1_B1	now	*F1..._B1	now	*F1_B2	now	*F1..._B2	now	*F1_B3	now	*F1..._B3	now	*F1_B5	now	*F1..._B5	now	*F3_B1	now	*F3..._B1	now	*F3_B2	now	*F3..._B2	now	*F3_B3	now	*F3..._B3	now	*F3_B5	now	*F3..._B5	now	*F4_B1	now	*F4..._B1	now	*F4_B2	now	*F4..._B2	now	*F4_B3	now	*F4..._B3	now	*F4_B5	now	*F4..._B5	now	*F5_B1	now	*F5..._B1	now	*F5_B2	now	*F5..._B2	now	*F5_B3	now	*F5..._B3	now	*F5_B5	now	*F5..._B5	now	*_B1F1	now	*_B1...F1	now	*_B1F3	now	*_B1...F3	now	*_B1F4	now	*_B1...F4	now	*_B1F5	now	*_B1...F5	now	*_B2F1	now	*_B2...F1	now	*_B2F3	now	*_B2...F3	now	*_B2F4	now	*_B2...F4	now	*_B2F5	now	*_B2...F5	now	*_B3F1	now	*_B3...F1	now	*_B3F3	now	*_B3...F3	now	*_B3F4	now	*_B3...F4	now	*_B3F5	now	*_B3...F5	now	*_B5F1	now	*_B5...F1	now	*_B5F3	now	*_B5...F3	now	*_B5F4	now	*_B5...F4	now	*_B5F5	now	*_B5...F5	now
				0		0		100		140		160		180		100		120		140		180		100		100		120		120		140		140		180		180		140		140		140		140		140		140		180		180		160		160		160		160		160		160		180		180		180		180		180		180		180		180		180		180		100		100		140		140		160		160		180		180		120		120		140		140		160		160		180		180		140		140		140		140		160		160		180		180		180		180		180		180		180		180		180		180
0	Apriori	Id(Bk)Syl1>>Id(Bk)	40	40																																																																																																																																																		
1	oaI	oai			2	2							-2	178	2	102	2	122	2	142	2	182																																																																																																															-2	178													-2	178	-2	178
1	Apriori	Id(Bk)Syl1>>Id(Bk)	2	42																																																																																																																																																			
2	yi	ui	2	44	0	2			2	142	2	162	2	180							-2	180																																																																																																																													-2	176	-2	176
3	Eoa	eOA	2	46	0	2	-2	98	-2	140	-2	160	-2	178			2	124	2	144	2	182																																																																																																																																
5	iAO	iao			2	4	2	100	2	142	2	162	2	180					-2	142	-2	180																																																											-2	178	-2	178	-2	178																																																																
7	iAA	iaa			2	6			2	144	2	164	2	182							-2	178																																																													-2	176	-2	176																																																																
8	uau	yAy	2	48	0	6			-2	142	-2	162	-2	180							2	180																																																																																																																																
9	uuE	yye	2	50	0	6			-2	140	-2	160	-2	178			2	126	2	144	2	182																																																																																																																																
11	OAy	oau	2	52	0	6	2	102	2	142	2	162	2	180					-2	142	-2	180																																																																																																																																
12	uEa	yeA	2	54	0	6			-2	140	-2	160	-2	178			2	128	2	144	2	182																																																																																																																																
13	Oy	ou	2	56	0	6	2	104	2	142	2	162	2	180					-2	142	-2	180																																																																																																																																
15	oaE	oae			2	8					-2	160	-2	178			2	130	2	144	2	182																																																																																																											-2	158			-2	176									-2	178	-2	178	-2	174	-2	174
17	AeO	aeo	2	58	0	8	2	106	2	144	2	162	2	180					-2	142	-2	180																																									-2	158	-2	158	-2	178	-2	178									-2	178	-2	176	-2	174	-2	174																																																									-2	176	-2	176	-2	172	-2	172
18	IoE	iOe	2	60	0	8	-2	104	-2	142	-2	160	-2	178	2	104	2	132	2	144	2	182																																																																																																																																
19	iy	iu			2	10			2	144	2	162	2	180							-2	180																																																													-2	172	-2	172																																																																
20	AOi	aoi	2	62	0	10	2	106	2	146	2	164	2	182					-2	142	-2	178																																																																																																													-2	178	-2	174													-2	170	-2	170
21	EuI	eui	2	64	0	10					-2	162	-2	180	2	106	2	134	2	144	2	180																																													-2	176	-2	176													-2	170	-2	170																																																													-2	168	-2	168
22	uu	yy	2	66	0	10			-2	144	-2	160	-2	178							2	182																																																																																																																																
26	yye	uue	2	68	0	10			2	146	2	162	2	180							-2	180																																																																																																																									-2	174	-2	174	-2	166	-2	166
27	OOe	ooe	2	70	0	10	2	108	2	148	2	164	2	182					-2	142	-2	178																																																																																																									-2	158	-2	156	-2	176	-2	172									-2	172	-2	172	-2	164	-2	164
28	Ioa	iOA	2	72	0	10	-2	106	-2	146	-2	162	-2	180	2	108	2	136	2	144	2	180																																																																																																																																
30	yOi	uoi	2	74	0	10	2	108	2	148	2	164	2	182					-2	142	-2	178																																																																																																													-2	174	-2	170													-2	162	-2	162
31	ooI	ooi			2	12							-2	180	2	110	2	138	2	144	2	180																																																																																																													-2	172	-2	168													-2	160	-2	160
32	iey	ieu			2	14			2	150	2	166	2	182							-2	178																																													-2	174	-2	174													-2	168	-2	168																																																																
33	IoI	iOi	2	76	0	14	-2	106	-2	148	-2	164	-2	180	2	112	2	140	2	146	2	180																																																																																																																																
35	ye	ue	2	78	0	14			2	150	2	166	2	182							-2	178																																																																																																																									-2	170	-2	170	-2	158	-2	158
36	oEa	OeA	2	80	0	14	-2	104	-2	148	-2	164	-2	180			2	142	2	148	2	180																																																																																																																																
38	aEE	Aee	2	82	0	14			-2	146	-2	162	-2	178			2	144	2	150	2	182																																																																																																																																
39	OOi	ooi	2	84	0	14	2	106	2	148	2	164	2	180					-2	148	-2	180																																																																																																													-2	170	-2	166													-2	156	-2	156
40	oEI	oei			2	16					-2	162	-2	178	2	114	2	146	2	150	2	182																																																																																																									-2	156	-2	154	-2	168	-2	164									-2	168	-2	168	-2	154	-2	154
41	eOe	eoe			2	18	2	108	2	150	2	164	2	180					-2	148	-2	180																																									-2	156	-2	156	-2	172	-2	172									-2	176	-2	174	-2	166	-2	166																																									-2	154	-2	152	-2	166	-2	162									-2	166	-2	166	-2	152	-2	152
42	oIu	oiu			2	20							-2	178	2	116	2	148	2	150	2	182																																																													-2	164	-2	164																																													-2	164	-2	160													-2	150	-2	150
45	iAe	iae			2	22			2	152	2	166	2	180							-2	180																																																													-2	162	-2	162																																																									-2	164	-2	164	-2	148	-2	148
46	uII	yii	2	86	0	22			-2	150	-2	164	-2	178	2	118	2	150	2	152	2	182																																																																																																																																
47	ieA	iea			2	24			2	152	2	166	2	180							-2	180																																													-2	170	-2	170													-2	160	-2	160																																																																
48	EIo	eiO	2	88	0	24	-2	106	-2	150	-2	164	-2	178	2	120	2	152	2	154	2	182																																																																																																																																
49	yei	uei	2	90	0	24			2	152	2	166	2	180							-2	180																																																																																																																									-2	162	-2	162	-2	146	-2	146
50	oao	OAO	2	92	0	24	-2	104	-2	150	-2	164	-2	178					2	156	2	182																																																																																																																																
52	eA	ea			2	26			2	152	2	166	2	180							-2	180																																													-2	168	-2	168													-2	158	-2	158																																																																
53	IIo	iio	2	94	0	26							-2	178	2	122	2	154	2	158	2	182																																																									-2	174	-2	172	-2	156	-2	156																																																																
57	eAi	eai			2	28			2	154	2	168	2	180							-2	180																																													-2	166	-2	166													-2	154	-2	154																																																													-2	144	-2	144
58	Iuo	iyO	2	96	0	28	-2	102	-2	152	-2	166	-2	178	2	124	2	156	2	160	2	182																																																																																																																																
60	yyi	uui	2	98	0	28			2	154	2	168	2	180							-2	180																																																																																																																													-2	142	-2	142
61	oua	OyA	2	100	0	28	-2	100	-2	152	-2	166	-2	178					2	162	2	182																																																																																																																																
62	eOe	eoe			2	30	2	102	2	154	2	168	2	180					-2	160	-2	180																																									-2	154	-2	154	-2	164	-2	164									-2	172	-2	170	-2	152	-2	152																																									-2	152	-2	150	-2	162	-2	158									-2	160	-2	160	-2	140	-2	140
63	eAi	eai			2	32			2	156	2	170	2	182							-2	178																																													-2	162	-2	162													-2	150	-2	150																																																													-2	138	-2	138
64	oI	oi			2	34							-2	180	2	126	2	158	2	162	2	180																																																																																																													-2	160	-2	156													-2	136	-2	136
65	yee	uee	2	102	0	34			2	158	2	172	2	182							-2	178																																																																																																																									-2	158	-2	158	-2	134	-2	134
66	auu	Ayy	2	104	0	34			-2	156	-2	170	-2	180							2	180																																																																																																																																
67	Eaa	eaa	2	106	0	34					-2	168	-2	178			2	160	2	164	2	182																																													-2	160	-2	160													-2	148	-2	148																																																																
72	AeO	aeo	2	108	0	34	2	104	2	158	2	170	2	180					-2	162	-2	180																																									-2	152	-2	152	-2	158	-2	158									-2	170	-2	168	-2	146	-2	146																																																									-2	156	-2	156	-2	132	-2	132
73	EIo	eio	2	110	0	34					-2	168	-2	178	2	128	2	162	2	164	2	182																																											-2	150			-2	156									-2	168	-2	166	-2	144	-2	144																																																																
75	Oii	oii	2	112	0	34	2	106	2	160	2	170	2	180					-2	162	-2	180																																																																																																													-2	158	-2	154													-2	130	-2	130
79	oEE	oee			2	36					-2	168	-2	178			2	164	2	164	2	182																																																																																																									-2	150	-2	148	-2	156	-2	152									-2	154	-2	154	-2	128	-2	128
80	AOe	aoe	2	114	0	36	2	108	2	162	2	170	2	180					-2	162	-2	180																																																																																																									-2	148	-2	146	-2	154	-2	150									-2	152	-2	152	-2	126	-2	126
81	Oiy	oiu	2	116	0	36	2	110	2	164	2	172	2	182					-2	160	-2	178																																																													-2	142	-2	142																																													-2	152	-2	148													-2	124	-2	124
82	aoo	AOO	2	118	0	36	-2	108	-2	162	-2	170	-2	180					2	162	2	180																																																																																																																																
83	auI	aui			2	38							-2	178	2	130	2	166	2	164	2	182																																																																																																																													-2	122	-2	122
84	OAy	oau	2	120	0	38	2	110	2	164	2	172	2	180					-2	162	-2	180																																																																																																																																
88	Oee	oee	2	122	0	38	2	112	2	166	2	174	2	182					-2	160	-2	178																																																																																																									-2	146	-2	144	-2	150	-2	146									-2	150	-2	150	-2	120	-2	120
90	Eou	eou	2	124	0	38					-2	172	-2	180			2	168	2	162	2	180																																									-2	150	-2	148	-2	156	-2	154									-2	166	-2	164	-2	140	-2	140																																																																
92	auu	Ayy	2	126	0	38			-2	164	-2	170	-2	178							2	182																																																																																																																																
94	iAy	iau			2	40			2	166	2	172	2	180							-2	180																																																													-2	138	-2	138																																																																
97	EE	ee	2	128	0	40					-2	170	-2	178			2	170	2	164	2	182																																																																																																																																
99	iAi	iai			2	42			2	168	2	172	2	180							-2	180																																																													-2	136	-2	136																																																													-2	118	-2	118
100	uuo	yyO	2	130	0	42	-2	110	-2	166	-2	170	-2	178					2	166	2	182																																																																																																																																
103	iOi	ioi			2	44	2	112	2	168	2	172	2	180					-2	164	-2	180																																																									-2	164	-2	162	-2	134	-2	134																																													-2	148	-2	144													-2	116	-2	116
104	IEo	ieo	2	132	0	44					-2	170	-2	178	2	132	2	172	2	166	2	182																																									-2	148	-2	146	-2	154	-2	152									-2	162	-2	160	-2	132	-2	132																																																																
105	Aie	aie	2	134	0	44			2	170	2	172	2	180							-2	180																																																																																																																											-2	148	-2	114	-2	114
112	IIu	iiu	2	136	0	44							-2	178	2	134	2	174	2	168	2	182																																																													-2	130	-2	130																																																																
115	eOA	eoa			2	46	2	114	2	172	2	174	2	180					-2	166	-2	180																																									-2	146	-2	144	-2	152	-2	150									-2	160	-2	158	-2	128	-2	128																																																																
117	III	iii	2	138	0	46							-2	178	2	136	2	176	2	168	2	182																																																																																																																																
118	iy	iu			2	48			2	174	2	176	2	180							-2	180																																																													-2	126	-2	126																																																																
120	Ioa	iOA	2	140	0	48	-2	112	-2	172	-2	174	-2	178	2	138	2	178	2	170	2	182																																																																																																																																
121	yiO	uio	2	142	0	48	2	114	2	174	2	176	2	180					-2	168	-2	180																																																									-2	158	-2	156	-2	124	-2	124																																																													-2	112	-2	112
122	aEE	Aee	2	144	0	48			-2	172	-2	174	-2	178			2	180	2	170	2	182																																																																																																																																
123	eyO	euo			2	50	2	116	2	174	2	176	2	180					-2	168	-2	180																																											-2	142	-2	150	-2	148											-2	154	-2	122	-2	122																																																																
129	eyi	eui			2	52			2	176	2	178	2	182							-2	178																																													-2	148	-2	146													-2	120	-2	120																																																													-2	110	-2	110
130	oaE	oae			2	54					-2	176	-2	180			2	182	2	170	2	180																																																																																																											-2	142			-2	142									-2	148	-2	146	-2	108	-2	108
131	OOi	ooi	2	146	0	54	2	118	2	178	2	178	2	182					-2	168	-2	178																																																																																																													-2	146	-2	140													-2	106	-2	106
135	aIu	aiu			2	56							-2	180	2	140	2	184	2	170	2	180																																																													-2	118	-2	118																																																													-2	104	-2	104
138	uuu	yyy	2	148	0	56			-2	176	-2	176	-2	178							2	182																																																																																																																																
139	iyO	iuo			2	58	2	120	2	178	2	178	2	180					-2	168	-2	180																																																											-2	152	-2	116	-2	116																																																																
141	iu	iy			2	60			-2	176	-2	176	-2	178							2	182																																																													2	118	2	118																																																																
143	ouu	Oyy	2	150	0	60	-2	118	-2	174	-2	174	-2	176					2	170	2	184																																																																																																																																
144	yeO	ueo	2	152	0	60	2	120	2	176	2	176	2	178					-2	168	-2	182																																									-2	144	-2	140	-2	146	-2	144									-2	156	-2	150	-2	116	-2	116																																																									-2	146	-2	144	-2	102	-2	102
146	iyy	iuu			2	62			2	178	2	178	2	180							-2	180																																																													-2	114	-2	114																																																																
147	iye	iue			2	64			2	180	2	180	2	182							-2	178																																																													-2	112	-2	112																																																									-2	144	-2	142	-2	100	-2	100
148	uea	yeA	2	154	0	64			-2	178	-2	178	-2	180							2	180																																													2	148	2	146													2	114	2	114																																																									2	146	2	144	2	102	2	102
151	yy	uu	2	156	0	64			2	180	2	180	2	182							-2	178																																																																																																																																
152	aoo	AOO	2	158	0	64	-2	118	-2	178	-2	178	-2	180					2	170	2	180																																																																																																																																
153	Oyy	ouu	2	160	0	64	2	120	2	180	2	180	2	182					-2	168	-2	178																																																																																																																																
154	eao	eAO			2	66	-2	118	-2	178	-2	178	-2	180					2	170	2	180																																											2	142	2	150	2	148											2	152	2	116	2	116																																																																
155	iio	iiO			2	68	-2	116	-2	176	-2	176	-2	178					2	172	2	182																																																									2	158	2	154	2	118	2	118																																																																
157	OAA	oaa	2	162	0	68	2	118	2	178	2	178	2	180					-2	170	-2	180																																																																																																																																
161	uae	yAe	2	164	0	68			-2	176	-2	176	-2	178							2	182																																																																																																																									2	148	2	146	2	104	2	104
165	iAy	iau			2	70			2	178	2	178	2	180							-2	180																																																													-2	116	-2	116																																																																
170	iAO	iao			2	72	2	120	2	180	2	180	2	182					-2	168	-2	178																																																											-2	152	-2	114	-2	114																																																																
171	uai	yAi	2	166	0	72			-2	178	-2	178	-2	180							2	180																																																																																																																													2	106	2	106
173	eua	eyA			2	74			-2	176	-2	176	-2	178							2	182																																													2	152	2	150													2	116	2	116																																																																
174	iOi	ioi			2	76	2	122	2	178	2	178	2	180					-2	166	-2	180																																																									-2	156	-2	150	-2	114	-2	114																																													-2	144	-2	138													-2	104	-2	104
176	oaa	OAA	2	168	0	76	-2	120	-2	176	-2	176	-2	178					2	168	2	182																																																																																																																																
177	eOA	eoa			2	78	2	122	2	178	2	178	2	180					-2	166	-2	180																																									-2	142	-2	140	-2	150	-2	148									-2	154	-2	148	-2	112	-2	112																																																																
178	OyA	oua	2	170	0	78	2	124	2	180	2	180	2	182					-2	164	-2	178																																																																																																																																
179	ia	iA			2	80			-2	178	-2	178	-2	180							2	180																																																													2	114	2	114																																																																
180	oei	Oei	2	172	0	80	-2	122	-2	176	-2	176	-2	178					2	166	2	182																																																																																																									2	148	2	144	2	146	2	140									2	150	2	148	2	106	2	106
181	ieO	ieo			2	82	2	124	2	178	2	178	2	180					-2	164	-2	180																																									-2	140	-2	138	-2	148	-2	146									-2	152	-2	146	-2	112	-2	112																																																																
183	iyO	iuo			2	84	2	126	2	180	2	180	2	182					-2	162	-2	178																																																											-2	144	-2	110	-2	110																																																																
184	uoi	yOi	2	174	0	84	-2	124	-2	178	-2	178	-2	180					2	164	2	180																																																																																																													2	148	2	142													2	108	2	108
187	euo	eyO			2	86	-2	122	-2	176	-2	176	-2	178					2	166	2	182																																											2	140	2	150	2	148											2	146	2	112	2	112																																																																
189	Aii	aii	2	176	0	86			2	178	2	178	2	180							-2	180																																																																																																																													-2	106	-2	106
193	uoo	yOO	2	178	0	86	-2	120	-2	176	-2	176	-2	178					2	168	2	182																																																																																																																																
195	yie	uie	2	180	0	86			2	178	2	178	2	180							-2	180																																																																																																																											-2	146	-2	104	-2	104
196	yeO	ueo	2	182	0	86	2	122	2	180	2	180	2	182					-2	166	-2	178																																									-2	138	-2	138	-2	148	-2	146									-2	150	-2	144	-2	110	-2	110																																																									-2	148	-2	144	-2	102	-2	102
197	IEo	ieo	2	184	0	86					-2	178	-2	180	2	142	2	186	2	168	2	180																																									-2	136	-2	136	-2	146	-2	144									-2	148	-2	142	-2	108	-2	108																																																																
198	iAi	iai			2	88			2	182	2	180	2	182							-2	178																																																													-2	106	-2	106																																																													-2	100	-2	100
199	oeo	OeO	2	186	0	88	-2	120	-2	180	-2	178	-2	180					2	170	2	180																																									2	138	2	138	2	148	2	146									2	150	2	144	2	108	2	108																																									2	150	2	146	2	150	2	144									2	150	2	146	2	102	2	102
200	eue	eye			2	90			-2	178	-2	176	-2	178							2	182																																													2	150	2	148													2	110	2	110																																																									2	152	2	148	2	104	2	104
202	uOe	uoe			2	92	2	122	2	180	2	178	2	180					-2	168	-2	180																																																																																																									-2	148	-2	144	-2	148	-2	142	2	182	2	182	2	182	2	182			-2	146			-2	102
204	Aia	AiA			2	94			-2	178	-2	176	-2	178							2	182																															2	182															2	150													2	112	2	112																																																																
208	iAi	iai			2	96			2	180	2	178	2	180							-2	180																																																													-2	110	-2	110																																																													-2	102	-2	100
210	Oyu	Oyy			2	98			-2	178	-2	176	-2	178							2	182															2	182													2	182	2	184													2	152	2	152													2	112	2	112																																																																
216	oeO	oeo			2	100	2	124	2	180	2	178	2	180					-2	166	-2	180																																									-2	136	-2	136	-2	150	-2	150									-2	148	-2	142	-2	110	-2	110																																			2	142			2	142											2	184			2	184								
231	yio	yiO			2	102	-2	122	-2	178	-2	176	-2	178					2	168	2	182																											2	142			2	186											2	138			2	152									2	150	2	144	2	112	2	112																																																																
233	yeO	ueo	2	188	0	102	2	124	2	180	2	178	2	180					-2	166	-2	180																																									-2	134	-2	136	-2	148	-2	150									-2	148	-2	142	-2	110	-2	110																																																									-2	150	-2	144	-2	100	-2	98
238	eAy	eau			2	104			2	182	2	180	2	182							-2	178																																													-2	146	-2	148													-2	108	-2	108																																																																
251	aoo	AOO	2	190	0	104	-2	122	-2	180	-2	178	-2	180					2	168	2	180																																																																																																																																
254	iui	iyi			2	106			-2	178	-2	176	-2	178							2	182																																																													2	110	2	110																																																													2	102	2	100
271	ey	eu			2	108			2	180	2	178	2	180							-2	180																																													-2	144	-2	146													-2	108	-2	108																																																																
280	eiO	eio			2	110	2	124	2	182	2	180	2	182					-2	166	-2	178																																											-2	134			-2	144									-2	146	-2	140	-2	106	-2	106																																																																
292	eeo	eeO			2	112	-2	122	-2	180	-2	178	-2	180					2	168	2	180																																									2	136	2	136	2	146	2	146									2	148	2	142	2	108	2	108																																																																
296	iOe	ioe			2	114	2	124	2	182	2	180	2	182					-2	166	-2	178																																																									-2	146	-2	140	-2	106	-2	106																																									-2	146	-2	142	-2	146	-2	140									-2	148	-2	142	-2	100	-2	98
297	Oya	OyA			2	116			-2	180	-2	178	-2	180							2	180															2	184													2	184	2	188													2	148	2	148													2	108	2	108																																																																
298	ioe	iOe			2	118	-2	122	-2	178	-2	176	-2	178					2	168	2	182																																																									2	148	2	142	2	110	2	110																																									2	148	2	144	2	148	2	142									2	150	2	144	2	102	2	100
300	iyO	iuo			2	120	2	124	2	180	2	178	2	180					-2	166	-2	180																																																											-2	140	-2	108	-2	108																																																																
317	eui	eyi			2	122			-2	178	-2	176	-2	178							2	182																																													2	150	2	150													2	110	2	110																																																													2	104	2	102
318	iao	iAO			2	124	-2	122	-2	176	-2	174	-2	176					2	168	2	184																																																											2	142	2	112	2	112																																																																
320	oAA	oaa			2	126			2	178	2	176	2	178							-2	182																																																																																																					2	142	2	144	2	150	2	146	2	150	2	144					2	184	2	186	2	152	2	146	2	106	2	104
325	ieA	iea			2	128			2	180	2	178	2	180							-2	180																																													-2	148	-2	148													-2	110	-2	110																																																																
328	eyO	euo			2	130	2	124	2	182	2	180	2	182					-2	166	-2	178																																											-2	134	-2	146	-2	146											-2	140	-2	108	-2	108																																																																
356	eua	eyA			2	132			-2	180	-2	178	-2	180							2	180																																													2	148	2	148													2	110	2	110																																																																
357	ioa	iOA			2	134	-2	122	-2	178	-2	176	-2	178					2	168	2	182																																																									2	150	2	142	2	112	2	112																																																																
358	eAy	eau			2	136			2	180	2	178	2	180							-2	180																																													-2	146	-2	146													-2	110	-2	110																																																																
362	eo	eO			2	138	-2	120	-2	178	-2	176	-2	178					2	170	2	182																																									2	138	2	136	2	148	2	148									2	152	2	144	2	112	2	112																																																																
369	iOy	iou			2	140	2	122	2	180	2	178	2	180					-2	168	-2	180																																																									-2	150	-2	142	-2	110	-2	110																																																																
374	iiu	iiy			2	142			-2	178	-2	176	-2	178							2	182																																																													2	112	2	112																																																																
377	iOA	ioa			2	144	2	124	2	180	2	178	2	180					-2	166	-2	180																																																									-2	148	-2	140	-2	110	-2	110																																																																
379	eea	eeA			2	146			-2	178	-2	176	-2	178							2	182																																													2	150	2	150													2	112	2	112																																																																
390	eue	eye			2	148			-2	176	-2	174	-2	176							2	184																																													2	152	2	152													2	114	2	114																																																									2	154	2	148	2	108	2	106
397	oAA	oaa			2	150			2	178	2	176	2	178							-2	182																																																																																																					2	144	2	146	2	152	2	148	2	152	2	146					2	186	2	188	2	156	2	150	2	110	2	108
400	eeo	eeO			2	152	-2	122	-2	176	-2	174	-2	176					2	168	2	184																																									2	140	2	138	2	154	2	154									2	150	2	142	2	116	2	116																																																																
400	Apriori	Id(Bk)Syl1>>Id(Bk)	2	192																																																																																																																																																			
404	eOe	eoe			2	154	2	124	2	178	2	176	2	178					-2	166	-2	182																																									-2	138	-2	136	-2	152	-2	152									-2	148	-2	140	-2	114	-2	114																																									-2	150	-2	146	-2	150	-2	144									-2	154	-2	148	-2	108	-2	106
404	Apriori	Id(Bk)Syl1>>Id(Bk)	2	194																																																																																																																																																			
405	iAy	iau			2	156			2	180	2	178	2	180							-2	180																																																													-2	112	-2	112																																																																
405	Apriori	Id(Bk)Syl1>>Id(Bk)	2	196																																																																																																																																																			
407	iyO	iuo			2	158	2	126	2	182	2	180	2	182					-2	164	-2	178																																																											-2	138	-2	110	-2	110																																																																
407	Apriori	Id(Bk)Syl1>>Id(Bk)	2	198																																																																																																																																																			
410	eEE	eee			2	160					-2	178	-2	180			2	188	2	166	2	180																																					2	162	2	162	2	140	2	138	2	154	2	154					2	182	2	182	2	150	2	140	2	112	2	112																																																																
410	Apriori	Id(Bk)Syl1>>Id(Bk)	2	200																																																																																																																																																			
411	eue	eye			2	162			-2	180	-2	176	-2	178							2	182																																													2	156	2	156													2	114	2	114																																																									2	156	2	150	2	110	2	108
411	Apriori	Id(Bk)Syl1>>Id(Bk)	2	202																																																																																																																																																			
422	iAe	iae			2	164			2	182	2	178	2	180							-2	180																																																													-2	112	-2	112																																																									-2	154	-2	148	-2	108	-2	106
422	Apriori	Id(Bk)Syl1>>Id(Bk)	2	204																																																																																																																																																			
425	eai	eAi			2	166			-2	180	-2	176	-2	178							2	182																																													2	158	2	158													2	114	2	114																																																													2	110	2	108
425	Apriori	Id(Bk)Syl1>>Id(Bk)	2	206																																																																																																																																																			
427	eAi	eai			2	168			2	182	2	178	2	180							-2	180																																													-2	156	-2	156													-2	112	-2	112																																																													-2	108	-2	106
427	Apriori	Id(Bk)Syl1>>Id(Bk)	2	208																																																																																																																																																			
435	eoo	eOO			2	170	-2	124	-2	180	-2	176	-2	178					2	168	2	182																																									2	142	2	140	2	158	2	158									2	152	2	142	2	114	2	114																																																																
435	Apriori	Id(Bk)Syl1>>Id(Bk)	2	210																																																																																																																																																			
439	ioo	iOO			2	172	-2	122	-2	178	-2	174	-2	176					2	170	2	184																																																									2	154	2	144	2	116	2	116																																																																
439	Apriori	Id(Bk)Syl1>>Id(Bk)	2	212																																																																																																																																																			
465	iy	iu			2	174			2	180	2	176	2	178							-2	182																																																													-2	114	-2	114																																																																
465	Apriori	Id(Bk)Syl1>>Id(Bk)	2	214																																																																																																																																																			
476	iO	io			2	176	2	124	2	182	2	178	2	180					-2	168	-2	180																																																									-2	152	-2	142	-2	112	-2	112																																																																
476	Apriori	Id(Bk)Syl1>>Id(Bk)	2	216																																																																																																																																																			
481	eeO	eeo			2	178	2	126	2	184	2	180	2	182					-2	166	-2	178																																									-2	140	-2	138	-2	156	-2	156									-2	150	-2	140	-2	110	-2	110																																																																
481	Apriori	Id(Bk)Syl1>>Id(Bk)	2	218																																																																																																																																																			
494	Oeu	Oey			2	180			-2	182	-2	178	-2	180							2	180															2	186															2	190													2	158	2	158													2	112	2	112																																																																
494	Apriori	Id(Bk)Syl1>>Id(Bk)	2	220																																																																																																																																																			
498	iia	iiA			2	182			-2	180	-2	176	-2	178							2	182																																																													2	114	2	114																																																																
498	Apriori	Id(Bk)Syl1>>Id(Bk)	2	222																																																																																																																																																			
530	aiA	aia			2	184			2	182	2	178	2	180							-2	180																																																													-2	112	-2	112																																																							2	190			2	150				
530	Apriori	Id(Bk)Syl1>>Id(Bk)	2	224																																																																																																																																																			
535	ia	iA			2	186			-2	180	-2	176	-2	178							2	182																																																													2	114	2	114																																																																
535	Apriori	Id(Bk)Syl1>>Id(Bk)	2	226																																																																																																																																																			
609	eyi	eui			2	188			2	182	2	178	2	180							-2	180																																													-2	156	-2	156													-2	112	-2	112																																																													-2	106	-2	104
609	Apriori	Id(Bk)Syl1>>Id(Bk)	2	228																																																																																																																																																			
777	ieo	ieO			2	190	-2	124	-2	180	-2	176	-2	178					2	168	2	182																																									2	142	2	140	2	158	2	158									2	152	2	142	2	114	2	114																																																																
777	Apriori	Id(Bk)Syl1>>Id(Bk)	2	230																																																																																																																																																			
3015	eiy	eiu			2	192			2	182	2	178	2	180							-2	180																																															-2	156													-2	112	-2	112																																																																
3015	Apriori	Id(Bk)Syl1>>Id(Bk)	2	232																																																																																																																																																			
6094	eaI	eai			0.2	192.2							-0.2	179.8	0.2	142.2	0.2	188.2	0.2	168.2	0.2	180.2																																			0.2	160.2			0.2	162.2			0.2	140.2			0.2	156.2			0.2	180.2			0.2	182.2			0.2	142.2			0.2	112.2																																																													-0.2	105.8	-0.2	103.8
6094	Apriori	Id(Bk)Syl1>>Id(Bk)	0.19999999999998863	232.2																																																																																																																																																			
17530	eai	eAi			0.002	192.202			-0.002	181.998	-0.002	177.998	-0.002	179.798							0.002	180.202																																													0.002	158.002	0.002	156.202													0.002	112.002	0.002	112.202																																																													0.002	105.80199999999999	0.002	103.80199999999999
17530	Apriori	Id(Bk)Syl1>>Id(Bk)	0.0020000000000095497	232.202																																																																																																																																																			
TOTAL				232.202		192.202		124		181.998		177.998		179.798		142.2		188.2		168.2		180.202		100		100		120		120		140		140		180		186		140		140		140		140		140		142		184		190		160		160.2		162		162.2		142		140.2		158.002		156.202		180		180.2		182		182.2		152		142.2		112.002		112.202		100		100		140		140		160		160		180		180		120		120		140		140		160		160		180		180		140		142		144		146		150		146		150		144		182		184		186		190		154		150		105.80199999999999		103.80199999999999
