trialnum	Generated	Heard	Id(Bk)Syl1	now	Id(Bk)	now	*F1	now	*F3	now	*F4	now	*F5	now	*B1	now	*B2	now	*B3	now	*B5	now	*F1_B1	now	*F1..._B1	now	*F1_B2	now	*F1..._B2	now	*F1_B3	now	*F1..._B3	now	*F1_B5	now	*F1..._B5	now	*F3_B1	now	*F3..._B1	now	*F3_B2	now	*F3..._B2	now	*F3_B3	now	*F3..._B3	now	*F3_B5	now	*F3..._B5	now	*F4_B1	now	*F4..._B1	now	*F4_B2	now	*F4..._B2	now	*F4_B3	now	*F4..._B3	now	*F4_B5	now	*F4..._B5	now	*F5_B1	now	*F5..._B1	now	*F5_B2	now	*F5..._B2	now	*F5_B3	now	*F5..._B3	now	*F5_B5	now	*F5..._B5	now	*_B1F1	now	*_B1...F1	now	*_B1F3	now	*_B1...F3	now	*_B1F4	now	*_B1...F4	now	*_B1F5	now	*_B1...F5	now	*_B2F1	now	*_B2...F1	now	*_B2F3	now	*_B2...F3	now	*_B2F4	now	*_B2...F4	now	*_B2F5	now	*_B2...F5	now	*_B3F1	now	*_B3...F1	now	*_B3F3	now	*_B3...F3	now	*_B3F4	now	*_B3...F4	now	*_B3F5	now	*_B3...F5	now	*_B5F1	now	*_B5...F1	now	*_B5F3	now	*_B5...F3	now	*_B5F4	now	*_B5...F4	now	*_B5F5	now	*_B5...F5	now
				0		0		300		300		300		300		300		300		300		300		300		300		300		300		300		300		300		300		300		300		300		300		300		300		300		300		300		300		300		300		300		300		300		300		300		300		300		300		300		300		300		300		300		300		300		300		300		300		300		300		300		300		300		300		300		300		300		300		300		300		300		300		300		300		300		300		300		300		300		300		300		300		300		300
2	iAy	iau			2	2			2	302	2	302	2	302							-2	298																																																													-2	298	-2	298																																																																
3	uaa	yaa	2	2	0	2			-2	300	-2	300	-2	300							2	300																													-2	298	-2	298													-2	298	-2	298													-2	296	-2	296																																																																
4	EEa	eea	2	4	0	2					-2	298	-2	298			2	302	2	302	2	302																																													-2	296	-2	296													-2	294	-2	294																																																																
5	AOO	Aoo			2	4	2	302	2	302	2	300	2	300					-2	300	-2	300																									-2	298	-2	298	-2	296	-2	296									-2	298	-2	298	-2	294	-2	294									-2	298	-2	298	-2	292	-2	292																																																																
6	eua	Eua	2	6	0	4					2	302	2	302			-2	300	-2	298	-2	298																																													2	296	2	296													2	294	2	294																																																																
8	EEE	eee	2	8	0	4					-2	300	-2	300			2	302	2	300	2	300																																																																																																																																
9	eey	Eeu	2	10	0	4			2	304	2	302	2	302			-2	300	-2	298	-2	298																																													-2	294	-2	294													-2	292	-2	292																									-2	298	-2	298	-2	298	-2	298									-2	298	-2	298	-2	298	-2	298									-2	298	-2	298	-2	298	-2	298
11	oaa	Oaa	2	12	0	4	-2	300	-2	302	-2	300	-2	300					2	300	2	300													-2	298	-2	298													-2	294	-2	294													-2	292	-2	292													-2	290	-2	290																																																																
12	uau	yau	2	14	0	4			-2	300	-2	298	-2	298							2	302																													-2	292	-2	292													-2	290	-2	290													-2	288	-2	288																																																																
13	yA	ya			2	6			2	302	2	300	2	300							-2	300																													-2	290	-2	290													-2	288	-2	288													-2	286	-2	286																																																																
14	EIu	eiu	2	16	0	6					-2	298	-2	298	2	302	2	302	2	302	2	302																																															-2	286													-2	284	-2	284																																																																
16	yie	uie	2	18	0	6			2	304	2	300	2	300							-2	300																																																																																																																											-2	296	-2	296	-2	296
17	uaE	yae	2	20	0	6			-2	302	-2	298	-2	298			2	304	2	304	2	302																													-2	288	-2	288													-2	286	-2	284													-2	282	-2	282																																																									-2	296	-2	294	-2	294	-2	294
18	AO	Ao			2	8	2	302	2	304	2	300	2	300					-2	302	-2	300																									-2	296	-2	296	-2	286	-2	286									-2	296	-2	296	-2	284	-2	282									-2	296	-2	296	-2	280	-2	280																																																																
23	uOO	uoo			2	10	2	304	2	306	2	302	2	302					-2	300	-2	298																																																																																																																	2	302	2	302	2	302	2	302	2	298	2	296	2	296	2	296
25	aau	Aau	2	22	0	10			-2	304	-2	300	-2	300							2	300																													-2	284	-2	284													-2	282	-2	280													-2	278	-2	278																																																																
29	aua	Aua	2	24	0	10			-2	302	-2	298	-2	298							2	302																													-2	282	-2	282													-2	280	-2	278													-2	276	-2	276																																																																
30	uea	yea	2	26	0	10			-2	300	-2	296	-2	296							2	304																															-2	280																																																																																									2	300	2	298	2	298	2	298
32	aui	Aui	2	28	0	10			-2	298	-2	294	-2	294							2	306																													-2	280	-2	278													-2	278	-2	276													-2	274	-2	274																																																															2	300
33	yOy	you			2	12	2	306	2	300	2	296	2	296					-2	298	-2	304																									-2	294	-2	294	-2	278	-2	276									-2	294	-2	294	-2	276	-2	274									-2	294	-2	294	-2	272	-2	272																																																																
34	eiA	Eia	2	30	0	12			2	302	2	298	2	298			-2	302	-2	296	-2	302																																																													-2	270	-2	270																													-2	296	-2	296													-2	296	-2	296													-2	296	-2	298
35	oai	Oai	2	32	0	12	-2	304	-2	300	-2	296	-2	296					2	298	2	304													-2	296	-2	296													-2	276	-2	274													-2	274	-2	272													-2	268	-2	268																																															2	298															2	300
37	yAy	uau	2	34	0	12			2	302	2	298	2	298							-2	302																																																																																																																																
38	uou	you	2	36	0	12			-2	300	-2	296	-2	296							2	304																									-2	292	-2	292	-2	274	-2	272									-2	292	-2	292	-2	272	-2	270									-2	292	-2	292	-2	266	-2	266																																																																
39	oyo	ouo			2	14			2	302	2	298	2	298							-2	302																									2	294	2	294	2	276	2	274									2	294	2	294	2	274	2	272									2	294	2	294	2	268	2	268																																					2	302	2	302	2	300	2	300	2	298	2	300					2	304	2	304	2	302	2	300	2	298	2	302
41	AAA	aaa	2	38	0	14			2	304	2	300	2	300							-2	300																																																																																																																																
43	EoI	Eoi			2	16							-2	298	2	304	2	304	2	300	2	302																																																																																															-2	294													-2	296	-2	298													-2	296	-2	300
45	oiu	Oiu	2	40	0	16	-2	302	-2	302	-2	298	-2	296					2	302	2	304															-2	294															-2	272															-2	270																																																													2	298	2	300													2	298	2	302
47	Oiy	Oiu			2	18			2	304	2	300	2	298							-2	302															-2	292															-2	270															-2	268													-2	266	-2	266																																																																
48	ooo	Ooo	2	42	0	18	-2	300	-2	302	-2	298	-2	296					2	304	2	304									-2	298	-2	298	-2	294	-2	290									-2	292	-2	292	-2	274	-2	268									-2	292	-2	292	-2	272	-2	266									-2	292	-2	292	-2	264	-2	264																																																																
50	eyi	eui			2	20			2	304	2	300	2	298							-2	302																																													-2	270	-2	264													-2	262	-2	262																																																													-2	296	-2	300
51	yOe	yoe			2	22	2	302	2	306	2	302	2	300					-2	302	-2	300																									-2	290	-2	290	-2	272	-2	266									-2	290	-2	290	-2	268	-2	262									-2	290	-2	290	-2	260	-2	260																																									-2	298	-2	298	-2	296	-2	298									-2	300	-2	298	-2	294	-2	298
52	uiE	yie	2	44	0	22			-2	304	-2	300	-2	298			2	306	2	304	2	302																																																					2	302	2	302	2	292	2	292	2	262	2	262																																																													2	296	2	300
53	eie	Eie	2	46	0	22					2	302	2	300			-2	304	-2	302	-2	300																																																																																											-2	296	-2	294	-2	292											-2	296	-2	294	-2	296											-2	296	-2	294	-2	298
54	eaa	Eaa	2	48	0	22					2	304	2	302			-2	302	-2	300	-2	298																																													2	270	2	264													2	264	2	264																																																																
56	uoE	yoe	2	50	0	22			-2	302	-2	302	-2	300			2	304	2	302	2	300																									-2	288	-2	288	-2	270	-2	264									-2	288	-2	288	-2	268	-2	262									-2	290	-2	290	-2	262	-2	262																																									-2	296	-2	294	-2	292	-2	294									-2	298	-2	294	-2	292	-2	296
58	eau	Eau	2	52	0	22					2	304	2	302			-2	302	-2	300	-2	298																																													2	270	2	264													2	264	2	264																																																																
59	aia	Aia	2	54	0	22			-2	300	-2	302	-2	300							2	300																															-2	262															-2	262																																																																													2	294	2	298
60	EaE	eae	2	56	0	22					-2	300	-2	298			2	304	2	302	2	302																																													-2	268	-2	260													-2	262	-2	262																																																									-2	296	-2	292	-2	292	-2	296
61	ei	Ei	2	58	0	22					2	302	2	300			-2	302	-2	300	-2	300																																																																																													-2	292	-2	290													-2	290	-2	292													-2	290	-2	294
62	uoa	yoa	2	60	0	22			-2	298	-2	300	-2	298							2	302																									-2	286	-2	286	-2	268	-2	260									-2	286	-2	286	-2	266	-2	258									-2	288	-2	288	-2	260	-2	260																																																																
63	yAy	uau	2	62	0	22			2	300	2	302	2	300							-2	300																																																																																																																																
64	oEi	Oei	2	64	0	22	-2	300	-2	298	-2	300	-2	298			2	304	2	302	2	302																																																																																													2	294	2	292													2	292	2	294													2	292	2	296
65	yOO	yoo			2	24	2	302	2	300	2	302	2	300					-2	300	-2	300																									-2	284	-2	284	-2	266	-2	258									-2	284	-2	284	-2	264	-2	256									-2	286	-2	286	-2	258	-2	258																																																																
66	oui	Oui	2	66	0	24	-2	300	-2	298	-2	300	-2	298					2	302	2	302													-2	292	-2	288													-2	264	-2	256													-2	262	-2	254													-2	256	-2	256																																															2	296															2	298
68	Aye	Aue			2	26			2	300	2	302	2	300							-2	300																													-2	262	-2	254													-2	260	-2	252													-2	254	-2	254																																																									-2	294	-2	290	-2	290	-2	296
71	ey	eu			2	28			2	302	2	304	2	302							-2	298																																													-2	258	-2	250													-2	252	-2	252																																																																
72	Ioo	ioo	2	68	0	28							-2	300	2	306	2	306	2	304	2	300																																																									-2	284	-2	284	-2	250	-2	250																																																																
74	Oua	oua	2	70	0	28	2	302	2	304	2	306	2	302					-2	302	-2	298													2	294	2	290													2	264	2	256													2	260	2	252													2	252	2	252																																																																
77	aee	Aee	2	72	0	28			-2	302	-2	304	-2	300							2	300																																																																																																																									2	296	2	292	2	292	2	298
78	eeu	Eeu	2	74	0	28					2	306	2	302			-2	304	-2	300	-2	298																																																																																									-2	296	-2	294	-2	292	-2	290									-2	294	-2	292	-2	290	-2	294									-2	294	-2	290	-2	290	-2	296
83	eoi	Eoi	2	76	0	28					2	308	2	304			-2	302	-2	298	-2	296																																									2	286	2	286	2	262	2	254									2	286	2	286	2	254	2	254																															-2	288															-2	292															-2	294
84	aiu	Aiu	2	78	0	28			-2	300	-2	306	-2	302							2	298																															-2	254															-2	252																																																																													2	292	2	296
85	uEu	yeu	2	80	0	28			-2	298	-2	304	-2	300			2	304	2	300	2	300																															-2	252													-2	260	-2	250													-2	252	-2	252																																																																
86	oui	Oui	2	82	0	28	-2	300	-2	296	-2	302	-2	298					2	302	2	302													-2	292	-2	288													-2	262	-2	250													-2	258	-2	248													-2	250	-2	250																																															2	294															2	298
87	eyA	Eua	2	84	0	28			2	298	2	304	2	300			-2	302	-2	300	-2	300																																																																																																																																
88	oua	Oua	2	86	0	28	-2	298	-2	296	-2	302	-2	298					2	302	2	302													-2	290	-2	286													-2	260	-2	248													-2	256	-2	246													-2	248	-2	248																																																																
90	eO	Eo	2	88	0	28	2	300	2	298	2	304	2	300			-2	300	-2	300	-2	300																																																																																																																																
94	Euu	euu	2	90	0	28					-2	302	-2	298			2	302	2	302	2	302																																													-2	254	-2	244													-2	246	-2	246																																																																
95	oiE	oie			2	30					-2	300	-2	296			2	304	2	304	2	304																																																					2	304	2	304	2	288	2	288	2	248	2	248																																											-2	290															-2	288				
96	AyA	aua	2	92	0	30			2	300	2	302	2	298							-2	302																																																																																																																																
99	aau	Aau	2	94	0	30			-2	298	-2	300	-2	296							2	304																													-2	258	-2	246													-2	252	-2	242													-2	246	-2	246																																																																
100	iyO	iuo			2	32	2	302	2	300	2	302	2	298					-2	302	-2	302																																																											-2	286	-2	244	-2	244																																																																
105	eA	Ea	2	96	0	32			2	302	2	304	2	300			-2	302	-2	300	-2	300																																																																																																																																
106	uai	yai	2	98	0	32			-2	300	-2	302	-2	298							2	302																													-2	256	-2	244													-2	250	-2	240													-2	242	-2	242																																																															2	300
107	iiO	iio			2	34	2	304	2	302	2	304	2	300					-2	298	-2	300																																																									-2	286	-2	284	-2	240	-2	240																																																																
108	EEi	eei	2	100	0	34					-2	302	-2	298			2	304	2	300	2	302																																																																																													2	294	2	290													2	292	2	296													2	294	2	302
109	eou	Eou	2	102	0	34					2	304	2	300			-2	302	-2	298	-2	300																																									2	288	2	288	2	252	2	242									2	288	2	286	2	242	2	242																																																																
111	uEi	yei	2	104	0	34			-2	300	-2	302	-2	298			2	304	2	300	2	302																																																																																													2	296	2	292													2	294	2	298													2	296	2	304
112	iyo	iuo			2	36			2	302	2	304	2	300							-2	300																									2	286	2	286	2	258	2	246									2	290	2	290	2	254	2	244									2	290					-2	240																																																																
114	aoe	Aoe	2	106	0	36			-2	300	-2	302	-2	298							2	302																									-2	284	-2	284	-2	256	-2	244									-2	288	-2	288	-2	252	-2	242									-2	288	-2	284	-2	240	-2	238																																																											2	290			2	306
115	eyA	eua			2	38			2	302	2	304	2	300							-2	300																																													-2	250	-2	240													-2	238	-2	236																																																																
116	uue	yue	2	108	0	38			-2	300	-2	302	-2	298							2	302																													-2	254	-2	242													-2	248	-2	238													-2	236	-2	234																																																											2	292			2	308
117	OOy	oou	2	110	0	38	2	306	2	302	2	304	2	300					-2	298	-2	300																																																																																																																																
118	uo	yo	2	112	0	38			-2	300	-2	302	-2	298							2	302																									-2	282	-2	282	-2	252	-2	240									-2	286	-2	286	-2	246	-2	236									-2	286	-2	282	-2	234	-2	232																																																																
119	oae	Oae	2	114	0	38	-2	304	-2	298	-2	300	-2	296					2	300	2	304													-2	288	-2	284													-2	250	-2	238													-2	244	-2	234													-2	232	-2	230																																											2	292			2	300											2	294			2	310
120	AAi	Aai			2	40			2	300	2	302	2	298							-2	302																													-2	248	-2	236													-2	242	-2	232													-2	230	-2	228																																																													-2	294	-2	308
122	iEo	ieo			2	42					-2	300	-2	296			2	306	2	302	2	304																																									-2	284	-2	284	-2	240	-2	230					2	306	2	306			2	284			2	230																																																																
123	oo	Oo	2	116	0	42	-2	302	-2	298	-2	298	-2	294					2	304	2	306									-2	296	-2	296	-2	286	-2	282									-2	280	-2	280	-2	246	-2	234									-2	282	-2	282	-2	238	-2	228									-2	284	-2	282	-2	228	-2	228																																																																
124	yyA	uua	2	118	0	42			2	300	2	300	2	296							-2	304																																																																																																																																
125	yiy	uiu	2	120	0	42			2	302	2	302	2	298							-2	302																																																													-2	226	-2	226																																																													-2	292	-2	306
126	yOe	yoe			2	44	2	304	2	304	2	304	2	300					-2	302	-2	300																									-2	278	-2	278	-2	244	-2	232									-2	280	-2	280	-2	236	-2	226									-2	282	-2	280	-2	224	-2	224																																									-2	292	-2	290	-2	292	-2	298									-2	292	-2	292	-2	290	-2	304
127	yAe	yae			2	46			2	306	2	306	2	302							-2	298																													-2	242	-2	230													-2	234	-2	224													-2	222	-2	222																																																									-2	290	-2	290	-2	288	-2	302
129	uei	yei	2	122	0	46			-2	304	-2	304	-2	300							2	300																																																																																																																									2	292	2	292	2	290	2	304
131	yii	uii	2	124	0	46			2	306	2	306	2	302							-2	298																																																																																																																													-2	288	-2	302
133	uei	yei	2	126	0	46			-2	304	-2	304	-2	300							2	300																																																																																																																									2	294	2	294	2	290	2	304
138	eeu	Eeu	2	128	0	46					2	306	2	302			-2	304	-2	300	-2	298																																																																																									-2	294	-2	292	-2	294	-2	290									-2	290	-2	288	-2	290	-2	296									-2	292	-2	292	-2	288	-2	302
139	au	Au	2	130	0	46			-2	302	-2	304	-2	300							2	300																													-2	240	-2	228													-2	232	-2	222													-2	220	-2	220																																																																
142	eAy	eau			2	48			2	304	2	306	2	302							-2	298																																													-2	230	-2	220													-2	218	-2	218																																																																
143	Euu	euu	2	132	0	48					-2	304	-2	300			2	306	2	302	2	300																																													-2	228	-2	218													-2	216	-2	216																																																																
146	eo	Eo	2	134	0	48					2	306	2	302			-2	304	-2	300	-2	298																																									2	282	2	282	2	230	2	220									2	284	2	282	2	218	2	218																																																																
148	oEi	Oei	2	136	0	48	-2	302	-2	302	-2	304	-2	300			2	306	2	302	2	300																																																																																													2	296	2	292													2	292	2	298													2	290	2	304
149	EEa	eea	2	138	0	48					-2	302	-2	298			2	308	2	304	2	302																																													-2	228	-2	218													-2	216	-2	216																																																																
150	eau	Eau	2	140	0	48					2	304	2	300			-2	306	-2	302	-2	300																																													2	230	2	220													2	218	2	218																																																																
151	eie	Eie	2	142	0	48					2	306	2	302			-2	304	-2	300	-2	298																																																																																											-2	290	-2	294	-2	290											-2	286	-2	290	-2	296											-2	290	-2	288	-2	302
152	Eou	eou	2	144	0	48					-2	304	-2	300			2	306	2	302	2	300																																									-2	280	-2	280	-2	228	-2	218									-2	282	-2	280	-2	216	-2	216																																																																
155	EEI	Eei			2	50					-2	302	-2	298	2	308	2	308	2	304	2	302																																																																																									-2	292	-2	288	-2	292	-2	288									-2	288	-2	284	-2	288	-2	294									-2	290	-2	288	-2	286	-2	300
156	iyy	iuu			2	52			2	304	2	304	2	300							-2	300																																																													-2	214	-2	214																																																																
161	oua	Oua	2	146	0	52	-2	300	-2	302	-2	302	-2	298					2	306	2	302													-2	284	-2	280													-2	238	-2	226													-2	226	-2	216													-2	212	-2	212																																																																
162	ee	Ee	2	148	0	52					2	304	2	300			-2	306	-2	304	-2	300																																																																																									-2	290	-2	286	-2	290	-2	286									-2	286	-2	282	-2	286	-2	292									-2	288	-2	286	-2	284	-2	298
163	AAe	aae	2	150	0	52			2	304	2	306	2	302							-2	298																																																																																																																									-2	286	-2	284	-2	282	-2	296
164	auu	Auu	2	152	0	52			-2	302	-2	304	-2	300							2	300																													-2	236	-2	224													-2	224	-2	214													-2	210	-2	210																																																																
167	uuu	yuu	2	154	0	52			-2	300	-2	302	-2	298							2	302																													-2	234	-2	222													-2	222	-2	212													-2	208	-2	208																																																																
170	Eoo	eoo	2	156	0	52					-2	300	-2	296			2	308	2	306	2	304																																									-2	278	-2	278	-2	220	-2	210									-2	280	-2	278	-2	206	-2	206																																																																
171	eOe	Eoe	2	158	0	52	2	302	2	302	2	302	2	298			-2	306	-2	304	-2	302																																																																																											-2	284			-2	284									-2	284	-2	280	-2	284	-2	290									-2	284	-2	282	-2	280	-2	294
172	iO	io			2	54	2	304	2	304	2	304	2	300					-2	302	-2	300																																																									-2	278	-2	276	-2	204	-2	204																																																																
173	aei	Aei	2	160	0	54			-2	302	-2	302	-2	298							2	302																																																																																																																									2	286	2	284	2	282	2	296
174	yAO	uao	2	162	0	54	2	306	2	304	2	304	2	300					-2	300	-2	300																																																																																																																																
175	uie	yie	2	164	0	54			-2	302	-2	302	-2	298							2	302																																																																																																																											2	286	2	284	2	298
176	ooe	Ooe	2	166	0	54	-2	304	-2	300	-2	300	-2	296					2	302	2	304									-2	294	-2	294	-2	282	-2	278									-2	276	-2	276	-2	232	-2	220									-2	276	-2	276	-2	218	-2	208									-2	276	-2	274	-2	202	-2	202																																											2	282			2	292											2	288			2	300
179	yiA	yia			2	56			2	302	2	302	2	298							-2	302																															-2	218															-2	206													-2	200	-2	200																																																																
186	aEu	Aeu	2	168	0	56			-2	300	-2	300	-2	296			2	308	2	304	2	304																															-2	216													-2	216	-2	204													-2	198	-2	198																																																																
188	AA	Aa			2	58			2	302	2	302	2	298							-2	302																													-2	230	-2	214													-2	214	-2	202													-2	196	-2	196																																																																
190	aoi	Aoi	2	170	0	58			-2	300	-2	300	-2	296							2	304																									-2	274	-2	274	-2	228	-2	212									-2	274	-2	274	-2	212	-2	200									-2	274	-2	272	-2	194	-2	194																																																															2	302
192	eyA	eua			2	60			2	302	2	302	2	298							-2	302																																													-2	210	-2	198													-2	192	-2	192																																																																
195	uae	yae	2	172	0	60			-2	300	-2	300	-2	296							2	304																													-2	226	-2	210													-2	208	-2	196													-2	190	-2	190																																																											2	290			2	304
196	AOA	aoa	2	174	0	60	2	306	2	302	2	302	2	298					-2	302	-2	302																																																																																																																																
198	AA	aa	2	176	0	60			2	304	2	304	2	300							-2	300																																																																																																																																
199	eu	Eu	2	178	0	60					2	306	2	302			-2	306	-2	300	-2	298																																													2	210	2	198													2	192	2	192																																																																
201	aao	Aao	2	180	0	60			-2	302	-2	304	-2	300							2	300																											-2	272	-2	224	-2	208											-2	272	-2	208	-2	196											-2	270	-2	190	-2	190																																																																
202	Oea	oea	2	182	0	60	2	308	2	304	2	306	2	302					-2	298	-2	298															2	280															2	210																																																																									-2	282	-2	280	-2	282	-2	290									-2	284	-2	288	-2	282	-2	302
203	euu	Euu	2	184	0	60					2	308	2	304			-2	304	-2	296	-2	296																																													2	210	2	198													2	192	2	192																																																																
204	EEu	eeu	2	186	0	60					-2	306	-2	302			2	306	2	298	2	298																																													-2	208	-2	196													-2	190	-2	190																																																																
205	ua	ya	2	188	0	60			-2	302	-2	304	-2	300							2	300																													-2	222	-2	208													-2	206	-2	194													-2	188	-2	188																																																																
206	ei	Ei	2	190	0	60					2	306	2	302			-2	304	-2	296	-2	298																																																																																													-2	288	-2	282													-2	280	-2	288													-2	280	-2	300
207	uEi	yei	2	192	0	60			-2	300	-2	304	-2	300			2	306	2	298	2	300																																																																																													2	290	2	284													2	282	2	290													2	282	2	302
208	uia	yia	2	194	0	60			-2	298	-2	302	-2	298							2	302																															-2	206															-2	192																																																																													2	284	2	304
210	oEi	Oei	2	196	0	60	-2	306	-2	296	-2	300	-2	296			2	308	2	300	2	304																																																																																													2	292	2	286													2	284	2	292													2	286	2	306
211	yiy	yiu			2	62			2	298	2	302	2	298							-2	302																															-2	204															-2	190													-2	186	-2	186																																																																
214	OOA	Ooa			2	64	2	308	2	300	2	304	2	300					-2	298	-2	300									-2	292	-2	292	-2	280	-2	278									-2	272	-2	270	-2	220	-2	202									-2	272	-2	270	-2	204	-2	188									-2	272	-2	268	-2	184	-2	184																																																																
223	aa	Aa	2	198	0	64			-2	298	-2	302	-2	298							2	302																													-2	218	-2	200													-2	202	-2	186													-2	182	-2	182																																																																
224	yei	uei	2	200	0	64			2	300	2	304	2	300							-2	300																																																																																																																									-2	282	-2	286	-2	284	-2	304
228	aou	Aou	2	202	0	64			-2	298	-2	302	-2	298							2	302																									-2	270	-2	268	-2	216	-2	198									-2	270	-2	268	-2	200	-2	184									-2	270	-2	266	-2	180	-2	180																																																																
229	ea	Ea	2	204	0	64					2	304	2	300			-2	306	-2	296	-2	300																																													2	202	2	186													2	182	2	182																																																																
231	Eui	eui	2	206	0	64					-2	302	-2	298			2	308	2	298	2	302																																													-2	200	-2	184													-2	180	-2	180																															2	288															2	294															2	306
232	eA	ea			2	66			2	300	2	304	2	300							-2	300																																													-2	198	-2	182													-2	178	-2	178																																																																
235	aai	Aai	2	208	0	66			-2	298	-2	302	-2	298							2	302																													-2	214	-2	196													-2	196	-2	180													-2	176	-2	176																																																															2	308
236	au	Au	2	210	0	66			-2	296	-2	300	-2	296							2	304																													-2	212	-2	194													-2	194	-2	178													-2	174	-2	174																																																																
237	iyA	iua			2	68			2	298	2	302	2	298							-2	302																																																													-2	172	-2	172																																																																
238	oo	Oo	2	212	0	68	-2	306	-2	296	-2	300	-2	296					2	300	2	304									-2	290	-2	290	-2	278	-2	276									-2	268	-2	266	-2	210	-2	192									-2	268	-2	266	-2	192	-2	176									-2	268	-2	264	-2	170	-2	170																																																																
239	yye	yue			2	70			2	298	2	302	2	298							-2	302																													-2	208	-2	190													-2	190	-2	174													-2	168	-2	168																																																									-2	280	-2	284	-2	282	-2	306
242	Oyi	oui	2	214	0	70	2	308	2	300	2	304	2	300					-2	298	-2	300																																																																																																															-2	292													-2	280	-2	304
243	oui	Oui	2	216	0	70	-2	306	-2	298	-2	302	-2	298					2	300	2	302													-2	276	-2	274													-2	206	-2	188													-2	188	-2	172													-2	166	-2	166																																															2	294															2	306
244	eiA	eia			2	72			2	300	2	304	2	300							-2	300																																															-2	170													-2	164	-2	164																																																																
246	ui	yi	2	218	0	72			-2	298	-2	302	-2	298							2	302																																																																																																																													2	282	2	308
250	iAe	iae			2	74			2	300	2	304	2	300							-2	300																																																													-2	162	-2	162																																																									-2	278	-2	282	-2	280	-2	306
251	Aee	aee	2	220	0	74			2	302	2	306	2	302							-2	298																																																																																																																									-2	276	-2	280	-2	278	-2	304
254	aio	Aio	2	222	0	74			-2	300	-2	304	-2	300							2	300																											-2	264			-2	186											-2	264			-2	168																																																																													2	280	2	306
255	ouu	Ouu	2	224	0	74	-2	304	-2	298	-2	302	-2	298					2	302	2	302													-2	274	-2	272													-2	204	-2	184													-2	186	-2	166													-2	160	-2	160																																																																
256	ieO	ieo			2	76	2	306	2	300	2	304	2	300					-2	300	-2	300																																									-2	266	-2	262	-2	184	-2	164									-2	266	-2	262	-2	158	-2	158																																																																
258	eao	Eao	2	226	0	76					2	306	2	302			-2	306	-2	298	-2	298																																											2	264	2	186	2	166											2	264	2	160	2	160																																																																
259	oie	Oie	2	228	0	76	-2	304	-2	298	-2	304	-2	300					2	300	2	300																																																																																																											2	282	2	286	2	296											2	282	2	282	2	308
264	Oyi	Oui			2	78			2	300	2	306	2	302							-2	298													-2	272	-2	270													-2	202	-2	182													-2	184	-2	164													-2	158	-2	158																																																													-2	280	-2	306
265	oEo	oeo			2	80					-2	304	-2	300			2	308	2	302	2	300																																									-2	264	-2	262	-2	182	-2	162									-2	264	-2	262	-2	156	-2	156																																									-2	280	-2	280	-2	284	-2	294									-2	274	-2	280	-2	278	-2	304
268	ei	Ei	2	230	0	80					2	306	2	302			-2	306	-2	300	-2	298																																																																																													-2	290	-2	286													-2	282	-2	292													-2	276	-2	302
269	aoo	Aoo	2	232	0	80			-2	298	-2	304	-2	300							2	300																									-2	266	-2	262	-2	200	-2	180									-2	262	-2	260	-2	180	-2	160									-2	262	-2	260	-2	154	-2	154																																																																
271	au	Au	2	234	0	80			-2	296	-2	302	-2	298							2	302																													-2	198	-2	178													-2	178	-2	158													-2	152	-2	152																																																																
272	Aiy	Aiu			2	82			2	298	2	304	2	300							-2	300																															-2	176															-2	156													-2	150	-2	150																																																																
275	uee	yee	2	236	0	82			-2	296	-2	302	-2	298							2	302																																																																																																																									2	276	2	282	2	278	2	304
276	Ao	ao	2	238	0	82			2	298	2	304	2	300							-2	300																									2	268	2	264	2	200	2	178									2	264	2	262	2	180	2	158									2	264	2	262	2	152	2	152																																																																
277	aaE	aae			2	84					-2	302	-2	298			2	308	2	302	2	302																																																																																																																									-2	274	-2	280	-2	276	-2	302
278	aeu	Aeu	2	240	0	84			-2	296	-2	300	-2	296							2	304																															-2	176																																																																																									2	276	2	282	2	278	2	304
279	eeA	eea			2	86			2	298	2	302	2	298							-2	302																																													-2	178	-2	156													-2	150	-2	150																																																																
280	Aee	aee	2	242	0	86			2	300	2	304	2	300							-2	300																																																																																																																									-2	274	-2	280	-2	276	-2	302
282	aeu	Aeu	2	244	0	86			-2	298	-2	302	-2	298							2	302																															-2	174																																																																																									2	276	2	282	2	278	2	304
284	eee	Eee	2	246	0	86					2	304	2	300			-2	306	-2	300	-2	300																																																																																									-2	288	-2	282	-2	288	-2	284									-2	278	-2	278	-2	280	-2	290									-2	274	-2	280	-2	276	-2	302
285	yia	uia	2	248	0	86			2	300	2	306	2	302							-2	298																															2	176															2	158																																																																													-2	274	-2	300
286	uoE	uoe			2	88					-2	304	-2	300			2	308	2	302	2	300																																																																																																									-2	276	-2	276	-2	278	-2	288									-2	272	-2	278	-2	272	-2	298
291	oee	Oee	2	250	0	88	-2	302	-2	298	-2	302	-2	298					2	304	2	302																																																																																																									2	278	2	278	2	280	2	290									2	274	2	280	2	274	2	300
292	yiy	yiu			2	90			2	300	2	304	2	300							-2	300																															-2	174															-2	156													-2	148	-2	148																																																																
293	OO	oo	2	252	0	90	2	304	2	302	2	306	2	302					-2	302	-2	298																																																																																																																																
295	aio	Aio	2	254	0	90			-2	300	-2	304	-2	300							2	300																											-2	262			-2	172											-2	260			-2	154																																																																													2	276	2	302
298	eau	Eau	2	256	0	90					2	306	2	302			-2	306	-2	300	-2	298																																													2	180	2	156													2	150	2	150																																																																
304	oEE	Oee	2	258	0	90	-2	302	-2	298	-2	304	-2	300			2	308	2	302	2	300																																																																																																																																
305	AyO	auo	2	260	0	90	2	304	2	300	2	306	2	302					-2	300	-2	298																																																																																																																																
307	EuE	Eue			2	92					-2	304	-2	300			2	310	2	302	2	300																																																																																											-2	280			-2	282											-2	276			-2	288									-2	272	-2	278	-2	274	-2	300
311	yeA	yea			2	94			2	302	2	306	2	302							-2	298																															-2	170													-2	178	-2	154													-2	148	-2	148																																																																
314	aaa	Aaa	2	262	0	94			-2	300	-2	304	-2	300							2	300																													-2	198	-2	168													-2	176	-2	152													-2	146	-2	146																																																																
315	aue	Aue	2	264	0	94			-2	298	-2	302	-2	298							2	302																													-2	196	-2	166													-2	174	-2	150													-2	144	-2	144																																																											2	280			2	302
316	iAi	iai			2	96			2	300	2	304	2	300							-2	300																																																													-2	142	-2	142																																																													-2	272	-2	300
318	oii	Oii	2	266	0	96	-2	302	-2	298	-2	302	-2	298					2	304	2	302																																																																																																													2	282	2	290													2	274	2	302
320	eeA	Eea	2	268	0	96			2	300	2	304	2	300			-2	308	-2	302	-2	300																																													-2	172	-2	148													-2	140	-2	140																									-2	286	-2	278	-2	286	-2	280									-2	276	-2	274	-2	280	-2	288									-2	270	-2	278	-2	272	-2	300
323	oau	Oau	2	270	0	96	-2	300	-2	298	-2	302	-2	298					2	304	2	302													-2	270	-2	268													-2	194	-2	164													-2	170	-2	146													-2	138	-2	138																																																																
324	iy	iu			2	98			2	300	2	304	2	300							-2	300																																																													-2	136	-2	136																																																																
326	Oua	oua	2	272	0	98	2	302	2	302	2	306	2	302					-2	302	-2	298													2	272	2	270													2	196	2	166													2	172	2	148													2	138	2	138																																																																
329	ouE	oue			2	100					-2	304	-2	300			2	310	2	304	2	300																																																																																																											-2	272			-2	286									-2	268	-2	276	-2	270	-2	298
330	yiy	yiu			2	102			2	304	2	306	2	302							-2	298																															-2	164															-2	146													-2	136	-2	136																																																																
332	eo	Eo	2	274	0	102					2	308	2	304			-2	308	-2	302	-2	296																																									2	266	2	262	2	174	2	148									2	266	2	264	2	138	2	138																																																																
335	uIE	uie			2	104					-2	306	-2	302	2	310	2	310	2	304	2	298																																																																																																																											-2	274	-2	268	-2	296
343	euu	Euu	2	276	0	104					2	308	2	304			-2	308	-2	302	-2	296																																													2	176	2	150													2	140	2	140																																																																
344	uEo	yeo	2	278	0	104			-2	302	-2	306	-2	302			2	310	2	304	2	298																											-2	260			-2	162									-2	264	-2	260	-2	174	-2	148									-2	264	-2	262	-2	138	-2	138																																																																
350	oiu	Oiu	2	280	0	104	-2	300	-2	300	-2	304	-2	300					2	306	2	300															-2	268															-2	160															-2	146																																																													2	282	2	288													2	270	2	298
353	Ou	ou	2	282	0	104	2	302	2	302	2	306	2	302					-2	304	-2	298													2	274	2	270													2	198	2	162													2	176	2	148													2	140	2	140																																																																
354	Oui	oui	2	284	0	104	2	304	2	304	2	308	2	304					-2	302	-2	296													2	276	2	272													2	200	2	164													2	178	2	150													2	142	2	142																																															-2	286															-2	296
360	ai	Ai	2	286	0	104			-2	302	-2	306	-2	302							2	298																																																																																																																													2	272	2	298
364	uuO	uuo			2	106	2	306	2	304	2	308	2	304					-2	300	-2	296																																																																																																																	2	304	2	304	2	306	2	306	2	270	2	276	2	274	2	300
365	oio	Oio	2	288	0	106	-2	304	-2	302	-2	306	-2	302					2	302	2	298											-2	288			-2	270											-2	258			-2	162											-2	258			-2	148																																																													2	284	2	288													2	276	2	302
368	yAi	yai			2	108			2	304	2	308	2	304							-2	296																													-2	198	-2	160													-2	176	-2	146													-2	140	-2	140																																																													-2	274	-2	300
369	eaa	Eaa	2	290	0	108					2	310	2	306			-2	308	-2	300	-2	294																																													2	178	2	148													2	142	2	142																																																																
373	aEi	Aei	2	292	0	108			-2	302	-2	308	-2	304			2	310	2	302	2	296																																																																																													2	288	2	282													2	286	2	290													2	276	2	302
376	oa	Oa	2	294	0	108	-2	302	-2	300	-2	306	-2	302					2	304	2	298													-2	274	-2	268													-2	196	-2	158													-2	176	-2	146													-2	140	-2	140																																																																
377	oi	Oi	2	296	0	108	-2	300	-2	298	-2	304	-2	300					2	306	2	300																																																																																																													2	288	2	292													2	278	2	304
379	OOe	ooe	2	298	0	108	2	302	2	300	2	306	2	302					-2	304	-2	298																																																																																																									-2	274	-2	270	-2	286	-2	290									-2	268	-2	274	-2	276	-2	302
380	Oie	oie	2	300	0	108	2	304	2	302	2	308	2	304					-2	302	-2	296																																																																																																											-2	268	-2	284	-2	288											-2	272	-2	274	-2	300
381	uEi	uei			2	110					-2	306	-2	302			2	312	2	304	2	298																																																																																													2	290	2	284													2	286	2	290									-2	266	-2	270			2	302
382	yyi	uui	2	302	0	110			2	304	2	308	2	304							-2	296																																																																																																																													-2	272	-2	300
385	oee	Oee	2	304	0	110	-2	302	-2	302	-2	306	-2	302					2	306	2	298																																																																																																									2	276	2	270	2	288	2	292									2	268	2	272	2	274	2	302
386	eoo	Eoo	2	306	0	110					2	308	2	304			-2	310	-2	304	-2	296																																									2	266	2	260	2	178	2	148									2	266	2	264	2	142	2	142																																																																
387	ooe	Ooe	2	308	0	110	-2	300	-2	300	-2	306	-2	302					2	306	2	298									-2	288	-2	286	-2	272	-2	266									-2	266	-2	256	-2	194	-2	156									-2	264	-2	258	-2	176	-2	146									-2	264	-2	262	-2	140	-2	140																																											2	272			2	294											2	274			2	304
388	yO	yo			2	112	2	302	2	302	2	308	2	304					-2	304	-2	296																									-2	264	-2	254	-2	192	-2	154									-2	262	-2	256	-2	174	-2	144									-2	262	-2	260	-2	138	-2	138																																																																
398	ue	ye	2	310	0	112			-2	300	-2	306	-2	302							2	298																																																																																																																									2	270	2	276	2	276	2	306
404	eoa	Eoa	2	312	0	112					2	308	2	304			-2	308	-2	302	-2	296																																									2	264	2	258	2	176	2	146									2	264	2	262	2	140	2	140																																																																
406	iAi	iai			2	114			2	302	2	310	2	306							-2	294																																																													-2	138	-2	138																																																													-2	274	-2	304
415	iEi	iei			2	116					-2	308	-2	304			2	310	2	304	2	296																																																					2	308	2	308	2	266	2	264	2	140	2	140																													2	292	2	286													2	290	2	296													2	276	2	306
424	eII	eii			2	118							-2	302	2	312	2	312	2	306	2	298																																	2	302	2	302	2	302	2	302	2	266	2	260	2	178	2	148	2	302	2	302	2	310	2	310	2	268	2	266	2	142	2	142																																																																
426	euu	Euu	2	314	0	118					2	310	2	304			-2	310	-2	304	-2	296																																													2	180	2	150													2	144	2	144																																																																
435	eoE	eoe			2	120					-2	308	-2	302			2	312	2	306	2	298																																							2	304			2	262			2	152							2	312			2	268			2	146																																									-2	274	-2	270	-2	288	-2	294									-2	268	-2	274	-2	274	-2	304
437	eu	Eu	2	316	0	120					2	310	2	304			-2	310	-2	304	-2	296																																													2	182	2	154													2	146	2	148																																																																
445	AoE	Aoe			2	122					-2	308	-2	302			2	312	2	306	2	298																							2	302			2	256			2	156							2	306			2	264			2	156							2	314			2	270			2	150																																									-2	272	-2	268	-2	286	-2	292									-2	266	-2	272	-2	272	-2	302
465	auE	aue			2	124					-2	306	-2	300			2	314	2	308	2	300																																																																																																																									-2	264	-2	270	-2	270	-2	300
477	yeO	yeo			2	126	2	304	2	304	2	308	2	302					-2	306	-2	298																											-2	254			-2	154									-2	264	-2	262	-2	180	-2	154									-2	266	-2	268	-2	144	-2	148																																																																
479	eai	Eai	2	318	0	126					2	310	2	304			-2	312	-2	304	-2	296																																													2	182	2	156													2	146	2	150																															-2	284															-2	290															-2	298
513	ouE	oue			2	128					-2	308	-2	302			2	314	2	306	2	298																																																																																																											-2	266			-2	288									-2	262	-2	268	-2	268	-2	296
516	yyO	yuo			2	130	2	306	2	306	2	310	2	304					-2	304	-2	296																											-2	252	-2	190	-2	152											-2	260	-2	180	-2	154											-2	266	-2	144	-2	148																																																																
549	OuE	Oue			2	132					-2	308	-2	302			2	316	2	306	2	298							2	302			2	288			2	268							2	304			2	254			2	154							2	308			2	262			2	156							2	316			2	268			2	150																																																									-2	260	-2	266	-2	266	-2	294
560	EOu	Eou			2	134	2	308	2	308	2	310	2	304					-2	304	-2	296													2	274	2	270													2	192	2	156													2	182	2	158													2	146	2	152																	2	302	2	302	2	302	2	302	2	288	2	280	2	294	2	286	2	302	2	302	2	304	2	304	2	274	2	268	2	288	2	290	2	306	2	306	2	308	2	308	2	262	2	268	2	268	2	296
563	eie	Eie	2	320	0	134					2	312	2	306			-2	314	-2	302	-2	294																																																																																											-2	278	-2	292	-2	284											-2	266	-2	286	-2	288											-2	266	-2	266	-2	294
573	aE	ae			2	136					-2	310	-2	304			2	316	2	304	2	296																																																																																																																									-2	260	-2	264	-2	264	-2	292
630	eai	Eai	2	322	0	136					2	312	2	306			-2	314	-2	302	-2	294																																													2	184	2	160													2	148	2	154																															-2	282															-2	286															-2	290
651	uuE	uue			2	138					-2	310	-2	304			2	316	2	304	2	296																																																																																																																									-2	258	-2	262	-2	262	-2	288
1276	eiu	Eiu	2	324	0	138					2	312	2	306			-2	314	-2	302	-2	294																																															2	162																																													-2	290	-2	280													-2	284	-2	284													-2	260	-2	286
1277	yoE	yoe			2	140					-2	310	-2	304			2	316	2	304	2	296																							2	306			2	256			2	158							2	310			2	264			2	164							2	318			2	270			2	156																																									-2	272	-2	264	-2	282	-2	282									-2	256	-2	260	-2	258	-2	284
1426	oIE	oie			2	142					-2	308	-2	302	2	314	2	318	2	306	2	298																																																																																																											-2	262	-2	280	-2	280											-2	258	-2	256	-2	282
1434	AiO	Aio			2	144	2	310	2	310	2	310	2	304					-2	304	-2	296																											-2	254			-2	156											-2	262			-2	162									-2	264	-2	268	-2	146	-2	154																																																																
2622	uEE	uee			2	146					-2	308	-2	302			2	320	2	306	2	298																																																																																																																									-2	254	-2	256	-2	254	-2	280
2699	eoa	Eoa	2	326	0	146					2	310	2	304			-2	318	-2	304	-2	296																																									2	266	2	264	2	186	2	164									2	266	2	270	2	148	2	156																																																																
3222	EEi	Eei			2	148					-2	308	-2	302			2	320	2	306	2	298																																																																																									-2	286	-2	276			2	282									-2	270	-2	260			2	282									-2	252	-2	254			2	282
3364	AiO	Aio			2	150	2	312	2	312	2	310	2	304					-2	304	-2	296																											-2	252			-2	154											-2	262			-2	162									-2	264	-2	268	-2	146	-2	154																																																																
4243	ee	Ee	2	328	0	150					2	312	2	306			-2	318	-2	302	-2	294																																																																																									-2	284	-2	274	-2	288	-2	280									-2	268	-2	258	-2	278	-2	280									-2	250	-2	252	-2	252	-2	280
4520	AuE	Aue			2	152					-2	310	-2	304			2	320	2	304	2	296																							2	308			2	254			2	156							2	312			2	264			2	164							2	320			2	270			2	156																																																									-2	248	-2	250	-2	250	-2	278
5231	eo	Eo	0.2	328.2	0	152					0.2	310.2	0.2	304.2			-0.2	319.8	-0.2	303.8	-0.2	295.8																																									0.2	266.2	0.2	264.2	0.2	186.2	0.2	164.2									0.2	264.2	0.2	270.2	0.2	146.2	0.2	156.2																																																																
5524	uuE	uue			0.2	152.2					-0.2	310.0	-0.2	304.0			0.2	320.0	0.2	304.0	0.2	296.0																																																																																																																									-0.2	247.8	-0.2	249.8	-0.2	249.8	-0.2	277.8
6486	eu	Eu	0.2	328.4	0	152.2					0.2	310.2	0.2	304.2			-0.2	319.8	-0.2	303.8	-0.2	295.8																																													0.2	186.39999999999998	0.2	164.39999999999998													0.2	146.39999999999998	0.2	156.39999999999998																																																																
9425	yiO	yio			0.2	152.39999999999998	0.2	312.2	0.2	312.2	0.2	310.4	0.2	304.4					-0.2	303.6	-0.2	295.6																											-0.2	253.8			-0.2	155.8											-0.2	264.0			-0.2	164.2									-0.2	264.0	-0.2	270.0	-0.2	146.2	-0.2	156.2																																																																
10761	oE	oe			0.02	152.42					-0.02	310.38	-0.02	304.38			0.02	319.82	0.02	303.62	0.02	295.62																																																																																																									-0.02	267.98	-0.02	257.98	-0.02	277.98	-0.02	279.98									-0.02	247.78	-0.02	249.78	-0.02	249.78	-0.02	277.78000000000003
13905	eei	Eei	0.02	328.41999999999996	0	152.42					0.02	310.4	0.02	304.4			-0.02	319.8	-0.02	303.6	-0.02	295.6																																																																																									-0.02	283.98	-0.02	273.98	-0.02	287.98	-0.02	279.98									-0.02	267.96000000000004	-0.02	257.96000000000004	-0.02	277.96000000000004	-0.02	279.96000000000004									-0.02	247.76	-0.02	249.76	-0.02	249.76	-0.02	277.76000000000005
19886	eeu	Eeu	0.002	328.42199999999997	0	152.42					0.002	310.402	0.002	304.402			-0.002	319.798	-0.002	303.598	-0.002	295.598																																																																																									-0.002	283.978	-0.002	273.978	-0.002	287.978	-0.002	279.978									-0.002	267.958	-0.002	257.958	-0.002	277.958	-0.002	279.958									-0.002	247.75799999999998	-0.002	249.75799999999998	-0.002	249.75799999999998	-0.002	277.75800000000004
TOTAL				328.42199999999997		152.42		312.2		312.2		310.402		304.402		314		319.798		303.598		295.598		300		300		300		302		288		288		274		270		300		300		300		308		264		253.8		192		155.8		302		302		302		312		266.2		264.0		186.39999999999998		164.2		302		302		310		320		264.0		270.0		146.2		156.2		300		300		300		300		300		300		300		300		302		302		302		302		283.978		273.978		287.978		279.978		302		302		304		304		267.958		257.958		277.958		279.958		306		306		308		308		247.75799999999998		249.75799999999998		249.75799999999998		277.75800000000004
