trialnum	Generated	Heard	Id(Bk)Syl1	now	Id(Bk)	now	*F1	now	*F3	now	*F4	now	*F5	now	*B1	now	*B2	now	*B3	now	*B5	now	*F1_B1	now	*F1..._B1	now	*F1_B2	now	*F1..._B2	now	*F1_B3	now	*F1..._B3	now	*F1_B5	now	*F1..._B5	now	*F3_B1	now	*F3..._B1	now	*F3_B2	now	*F3..._B2	now	*F3_B3	now	*F3..._B3	now	*F3_B5	now	*F3..._B5	now	*F4_B1	now	*F4..._B1	now	*F4_B2	now	*F4..._B2	now	*F4_B3	now	*F4..._B3	now	*F4_B5	now	*F4..._B5	now	*F5_B1	now	*F5..._B1	now	*F5_B2	now	*F5..._B2	now	*F5_B3	now	*F5..._B3	now	*F5_B5	now	*F5..._B5	now	*_B1F1	now	*_B1...F1	now	*_B1F3	now	*_B1...F3	now	*_B1F4	now	*_B1...F4	now	*_B1F5	now	*_B1...F5	now	*_B2F1	now	*_B2...F1	now	*_B2F3	now	*_B2...F3	now	*_B2F4	now	*_B2...F4	now	*_B2F5	now	*_B2...F5	now	*_B3F1	now	*_B3...F1	now	*_B3F3	now	*_B3...F3	now	*_B3F4	now	*_B3...F4	now	*_B3F5	now	*_B3...F5	now	*_B5F1	now	*_B5...F1	now	*_B5F3	now	*_B5...F3	now	*_B5F4	now	*_B5...F4	now	*_B5F5	now	*_B5...F5	now
				0		0		130.34		188.78		242.54		295.3		100.0		100.0		129.82		189.14		100.0		100.0		100.0		100.0		100.0		100.0		100.0		100.0		100.0		100.0		100.0		100.0		100.0		100.0		100.0		100.0		100.0		100.0		100.0		100.0		104.32		105.94		112.34		116.66		100.0		100.0		100.0		100.0		107.92		110.34		123.82		130.16		100.0		100.0		100.0		100.0		100.0		100.0		100.0		100.0		100.0		100.0		100.0		100.0		100.0		100.0		100.0		100.0		100.0		100.0		100.0		100.0		104.2		105.34		107.58		109.32		100.0		100.0		100.0		100.0		111.86		115.96		123.16		129.44
0	Apriori	Id(Bk)Syl1>>Id(Bk)	10	10																																																																																																																																																		
1	uEu	ueu			2	2					-2	240.54	-2	293.3			2	102.0	2	131.82	2	191.14																																													-2	110.34	-2	114.66													-2	121.82	-2	128.16																																																									-2	109.86	-2	113.96	-2	121.16	-2	127.44
1	Apriori	Id(Bk)Syl1>>Id(Bk)	2	12																																																																																																																																																			
2	IIa	iiA	2	14	0	2			-2	186.78	-2	238.54	-2	291.3	2	102.0	2	104.0	2	133.82	2	193.14																																																																																																																																
4	ooE	OOe	2	16	0	2	-2	128.34	-2	184.78	-2	236.54	-2	289.3			2	106.0	2	135.82	2	195.14																																																																																																																																
5	Iao	iAO	2	18	0	2	-2	126.34	-2	182.78	-2	234.54	-2	287.3	2	104.0	2	108.0	2	137.82	2	197.14																																																																																																																																
6	oa	OA	2	20	0	2	-2	124.34	-2	180.78	-2	232.54	-2	285.3					2	139.82	2	199.14																																																																																																																																
7	IIa	iiA	2	22	0	2			-2	178.78	-2	230.54	-2	283.3	2	106.0	2	110.0	2	141.82	2	201.14																																																																																																																																
8	uuI	yyi	2	24	0	2			-2	176.78	-2	228.54	-2	281.3	2	108.0	2	112.0	2	143.82	2	203.14																																																																																																																																
11	aE	ae			2	4					-2	226.54	-2	279.3			2	114.0	2	145.82	2	205.14																																																																																																																									-2	107.86	-2	111.96	-2	119.16	-2	125.44
12	uEa	uea			2	6					-2	224.54	-2	277.3			2	116.0	2	147.82	2	207.14																																													-2	108.34	-2	112.66													-2	119.82	-2	126.16																																																									-2	105.86	-2	109.96	-2	117.16	-2	123.44
14	Iao	iAO	2	26	0	6	-2	122.34	-2	174.78	-2	222.54	-2	275.3	2	110.0	2	118.0	2	149.82	2	209.14																																																																																																																																
15	IEI	iei	2	28	0	6					-2	220.54	-2	273.3	2	112.0	2	120.0	2	151.82	2	211.14																																																																																																																																
16	aEa	aea			2	8					-2	218.54	-2	271.3			2	122.0	2	153.82	2	213.14																																													-2	106.34	-2	110.66													-2	117.82	-2	124.16																																																									-2	103.86	-2	107.96	-2	115.16	-2	121.44
17	Ioo	iOO	2	30	0	8	-2	120.34	-2	172.78	-2	216.54	-2	269.3	2	114.0	2	124.0	2	155.82	2	215.14																																																																																																																																
20	IIa	iia	2	32	0	8							-2	267.3	2	116.0	2	126.0	2	157.82	2	217.14																																																													-2	115.82	-2	122.16																																																																
22	uEE	uee			2	10					-2	214.54	-2	265.3			2	128.0	2	159.82	2	219.14																																																																																																																									-2	101.86	-2	105.96	-2	113.16	-2	119.44
23	uuo	yyO	2	34	0	10	-2	118.34	-2	170.78	-2	212.54	-2	263.3					2	161.82	2	221.14																																																																																																																																
24	aEu	aeu			2	12					-2	210.54	-2	261.3			2	130.0	2	163.82	2	223.14																																													-2	104.34	-2	108.66													-2	113.82	-2	120.16																																																									-2	99.86	-2	103.96	-2	111.16	-2	117.44
25	aI	Ai	2	36	0	12			-2	168.78	-2	208.54	-2	259.3	2	118.0	2	132.0	2	165.82	2	225.14																																																																																																																																
28	IEo	ieo	2	38	0	12					-2	206.54	-2	257.3	2	120.0	2	134.0	2	167.82	2	227.14																																									-2	102.32	-2	103.94	-2	102.34	-2	106.66									-2	105.92	-2	108.34	-2	111.82	-2	118.16																																																																
29	IaE	iae	2	40	0	12					-2	204.54	-2	255.3	2	122.0	2	136.0	2	169.82	2	229.14																																																													-2	109.82	-2	116.16																																																									-2	97.86	-2	101.96	-2	109.16	-2	115.44
30	Iuo	iuo	2	42	0	12							-2	253.3	2	124.0	2	138.0	2	171.82	2	231.14																																																											-2	106.34	-2	107.82	-2	114.16																																																																
31	aoa	AOA	2	44	0	12	-2	116.34	-2	166.78	-2	202.54	-2	251.3					2	173.82	2	233.14																																																																																																																																
32	aII	Aii	2	46	0	12			-2	164.78	-2	200.54	-2	249.3	2	126.0	2	140.0	2	175.82	2	235.14																																																																																																																																
33	Eaa	eaa	2	48	0	12					-2	198.54	-2	247.3			2	142.0	2	177.82	2	237.14																																													-2	100.34	-2	104.66													-2	105.82	-2	112.16																																																																
34	EuE	eue	2	50	0	12					-2	196.54	-2	245.3			2	144.0	2	179.82	2	239.14																																													-2	98.34	-2	102.66													-2	103.82	-2	110.16																																																									-2	95.86	-2	99.96	-2	107.16	-2	113.44
35	aaI	aai			2	14							-2	243.3	2	128.0	2	146.0	2	181.82	2	241.14																																																																																																																													-2	105.16	-2	111.44
36	uII	uii			2	16							-2	241.3	2	130.0	2	148.0	2	183.82	2	243.14																																																																																																																													-2	103.16	-2	109.44
38	AiA	aia	2	52	0	16			2	166.78	2	198.54	2	243.3							-2	241.14																																																													-2	101.82	-2	108.16																																																													-2	101.16	-2	107.44
39	Oyi	oui	2	54	0	16	2	118.34	2	168.78	2	200.54	2	245.3					-2	181.82	-2	239.14																																																																																																															-2	107.32													-2	99.16	-2	105.44
41	aEo	aeo			2	18					-2	198.54	-2	243.3			2	150.0	2	183.82	2	241.14																																									-2	100.32	-2	101.94	-2	96.34	-2	100.66									-2	103.92	-2	104.34	-2	99.82	-2	106.16																																																									-2	93.86	-2	97.96	-2	97.16	-2	103.44
42	iiO	iio			2	20	2	120.34	2	170.78	2	200.54	2	245.3					-2	181.82	-2	239.14																																																									-2	101.92	-2	102.34	-2	97.82	-2	104.16																																																																
43	ooa	OOA	2	56	0	20	-2	118.34	-2	168.78	-2	198.54	-2	243.3					2	183.82	2	241.14																																																																																																																																
44	EoE	eoe	2	58	0	20					-2	196.54	-2	241.3			2	152.0	2	185.82	2	243.14																																									-2	98.32	-2	99.94	-2	94.34	-2	98.66									-2	99.92	-2	100.34	-2	95.82	-2	102.16																																									-2	102.2	-2	103.34	-2	105.58	-2	105.32									-2	91.86	-2	95.96	-2	95.16	-2	101.44
46	uI	ui			2	22							-2	239.3	2	132.0	2	154.0	2	187.82	2	245.14																																																																																																																													-2	93.16	-2	99.44
47	yyA	uua	2	60	0	22			2	170.78	2	198.54	2	241.3							-2	243.14																																																																																																																																
48	AA	aa	2	62	0	22			2	172.78	2	200.54	2	243.3							-2	241.14																																																																																																																																
50	aoI	aoi			2	24							-2	241.3	2	134.0	2	156.0	2	189.82	2	243.14																																																																																																													-2	103.58	-2	103.32													-2	91.16	-2	97.44
52	iyy	iuu			2	26			2	174.78	2	202.54	2	243.3							-2	241.14																																																													-2	93.82	-2	100.16																																																																
54	Euo	eyO	2	64	0	26	-2	116.34	-2	172.78	-2	200.54	-2	241.3			2	158.0	2	191.82	2	243.14																																																																																																																																
56	aE	Ae	2	66	0	26			-2	170.78	-2	198.54	-2	239.3			2	160.0	2	193.82	2	245.14																																																																																																																																
57	iyA	iua			2	28			2	172.78	2	200.54	2	241.3							-2	243.14																																																													-2	91.82	-2	98.16																																																																
58	yiy	uiu	2	68	0	28			2	174.78	2	202.54	2	243.3							-2	241.14																																																													-2	89.82	-2	96.16																																																													-2	89.16	-2	95.44
59	uEo	yeO	2	70	0	28	-2	114.34	-2	172.78	-2	200.54	-2	241.3			2	162.0	2	195.82	2	243.14																																																																																																																																
60	yOA	uoa	2	72	0	28	2	116.34	2	174.78	2	202.54	2	243.3					-2	193.82	-2	241.14																																																																																																																																
61	oaI	OAi	2	74	0	28	-2	114.34	-2	172.78	-2	200.54	-2	241.3	2	136.0	2	164.0	2	195.82	2	243.14																																																																																																																																
62	yyy	uuu	2	76	0	28			2	174.78	2	202.54	2	243.3							-2	241.14																																																																																																																																
64	EEE	eee	2	78	0	28					-2	200.54	-2	241.3			2	166.0	2	197.82	2	243.14																																																																																																																																
66	yiO	uio	2	80	0	28	2	116.34	2	176.78	2	202.54	2	243.3					-2	195.82	-2	241.14																																																									-2	97.92	-2	98.34	-2	87.82	-2	94.16																																																													-2	87.16	-2	93.44
67	OOy	oou	2	82	0	28	2	118.34	2	178.78	2	204.54	2	245.3					-2	193.82	-2	239.14																																																																																																																																
68	uo	yO	2	84	0	28	-2	116.34	-2	176.78	-2	202.54	-2	243.3					2	195.82	2	241.14																																																																																																																																
69	ouu	Oyy	2	86	0	28	-2	114.34	-2	174.78	-2	200.54	-2	241.3					2	197.82	2	243.14																																																																																																																																
70	yi	ui	2	88	0	28			2	176.78	2	202.54	2	243.3							-2	241.14																																																																																																																													-2	85.16	-2	91.44
71	Io	iO	2	90	0	28	-2	112.34	-2	174.78	-2	200.54	-2	241.3	2	138.0	2	168.0	2	199.82	2	243.14																																																																																																																																
72	OAy	oau	2	92	0	28	2	114.34	2	176.78	2	202.54	2	243.3					-2	197.82	-2	241.14																																																																																																																																
73	IEu	iey	2	94	0	28			-2	174.78	-2	200.54	-2	241.3	2	140.0	2	170.0	2	199.82	2	243.14																																																																																																																																
76	yyA	uua	2	96	0	28			2	176.78	2	202.54	2	243.3							-2	241.14																																																																																																																																
77	aoo	AOO	2	98	0	28	-2	112.34	-2	174.78	-2	200.54	-2	241.3					2	201.82	2	243.14																																																																																																																																
78	ua	yA	2	100	0	28			-2	172.78	-2	198.54	-2	239.3							2	245.14																																																																																																																																
79	iyA	iua			2	30			2	174.78	2	200.54	2	241.3							-2	243.14																																																													-2	85.82	-2	92.16																																																																
80	eye	eue			2	32			2	176.78	2	202.54	2	243.3							-2	241.14																																													-2	92.34	-2	96.66													-2	83.82	-2	90.16																																																									-2	89.86	-2	93.96	-2	83.16	-2	89.44
81	aIo	aio			2	34							-2	241.3	2	142.0	2	172.0	2	203.82	2	243.14																																																									-2	95.92	-2	96.34	-2	81.82	-2	88.16																																																													-2	81.16	-2	87.44
82	oEa	oea			2	36					-2	200.54	-2	239.3			2	174.0	2	205.82	2	245.14																																													-2	90.34	-2	94.66													-2	79.82	-2	86.16																																									-2	100.2	-2	101.34	-2	101.58	-2	101.32									-2	87.86	-2	91.96	-2	79.16	-2	85.44
85	eyO	euo			2	38	2	114.34	2	178.78	2	202.54	2	241.3					-2	203.82	-2	243.14																																											-2	97.94	-2	88.34	-2	92.66											-2	94.34	-2	77.82	-2	84.16																																																																
89	uua	yyA	2	102	0	38			-2	176.78	-2	200.54	-2	239.3							2	245.14																																																																																																																																
92	AOy	aou	2	104	0	38	2	116.34	2	178.78	2	202.54	2	241.3					-2	201.82	-2	243.14																																																																																																																																
93	Oy	ou	2	106	0	38	2	118.34	2	180.78	2	204.54	2	243.3					-2	199.82	-2	241.14																																																																																																																																
95	Eou	eou	2	108	0	38					-2	202.54	-2	241.3			2	176.0	2	201.82	2	243.14																																									-2	96.32	-2	95.94	-2	86.34	-2	90.66									-2	93.92	-2	92.34	-2	75.82	-2	82.16																																																																
98	eyi	eui			2	40			2	182.78	2	204.54	2	243.3							-2	241.14																																													-2	84.34	-2	88.66													-2	73.82	-2	80.16																																																													-2	77.16	-2	83.44
99	Eau	eAy	2	110	0	40			-2	180.78	-2	202.54	-2	241.3			2	178.0	2	203.82	2	243.14																																																																																																																																
100	yyA	uua	2	112	0	40			2	182.78	2	204.54	2	243.3							-2	241.14																																																																																																																																
101	Iau	iau	2	114	0	40							-2	241.3	2	144.0	2	180.0	2	205.82	2	243.14																																																													-2	71.82	-2	78.16																																																																
102	iOO	ioo			2	42	2	120.34	2	184.78	2	206.54	2	243.3					-2	203.82	-2	241.14																																																									-2	91.92	-2	90.34	-2	69.82	-2	76.16																																																																
103	oIo	OiO	2	116	0	42	-2	118.34	-2	182.78	-2	204.54	-2	241.3	2	146.0	2	182.0	2	205.82	2	243.14																																																																																																																																
105	eyA	eua			2	44			2	184.78	2	206.54	2	243.3							-2	241.14																																													-2	82.34	-2	86.66													-2	67.82	-2	74.16																																																																
106	aoa	AOA	2	118	0	44	-2	116.34	-2	182.78	-2	204.54	-2	241.3					2	207.82	2	243.14																																																																																																																																
107	eOO	eoo			2	46	2	118.34	2	184.78	2	206.54	2	243.3					-2	205.82	-2	241.14																																									-2	94.32	-2	93.94	-2	80.34	-2	84.66									-2	89.92	-2	88.34	-2	65.82	-2	72.16																																																																
108	aoI	AOi	2	120	0	46	-2	116.34	-2	182.78	-2	204.54	-2	241.3	2	148.0	2	184.0	2	207.82	2	243.14																																																																																																																																
110	iye	iue			2	48			2	184.78	2	206.54	2	243.3							-2	241.14																																																													-2	63.81999999999999	-2	70.16																																																									-2	85.86	-2	89.96	-2	75.16	-2	81.44
112	oIE	oie			2	50					-2	204.54	-2	241.3	2	150.0	2	186.0	2	209.82	2	243.14																																																																																																											-2	99.34	-2	99.58	-2	99.32											-2	87.96	-2	73.16	-2	79.44
114	EEu	eey	2	122	0	50			-2	182.78	-2	202.54	-2	239.3			2	188.0	2	211.82	2	245.14																																																																																																																																
115	AA	aa	2	124	0	50			2	184.78	2	204.54	2	241.3							-2	243.14																																																																																																																																
118	Ae	ae	2	126	0	50			2	186.78	2	206.54	2	243.3							-2	241.14																																																																																																																									-2	83.86	-2	85.96	-2	71.16	-2	77.44
119	iiA	iia			2	52			2	188.78	2	208.54	2	245.3							-2	239.14																																																													-2	61.81999999999999	-2	68.16																																																																
120	Euo	euo	2	128	0	52					-2	206.54	-2	243.3			2	190.0	2	213.82	2	241.14																																											-2	91.94	-2	78.34	-2	82.66											-2	86.34	-2	59.81999999999999	-2	66.16																																																																
121	uII	yii	2	130	0	52			-2	186.78	-2	204.54	-2	241.3	2	152.0	2	192.0	2	215.82	2	243.14																																																																																																																																
125	iOi	ioi			2	54	2	118.34	2	188.78	2	206.54	2	243.3					-2	213.82	-2	241.14																																																									-2	87.92	-2	84.34	-2	57.81999999999999	-2	64.16																																													-2	97.58	-2	97.32													-2	69.16	-2	75.44
126	Iao	iao	2	132	0	54							-2	241.3	2	154.0	2	194.0	2	215.82	2	243.14																																																											-2	82.34	-2	55.81999999999999	-2	62.16																																																																
128	oaI	OAi	2	134	0	54	-2	116.34	-2	186.78	-2	204.54	-2	239.3	2	156.0	2	196.0	2	217.82	2	245.14																																																																																																																																
130	yA	ua	2	136	0	54			2	188.78	2	206.54	2	241.3							-2	243.14																																																																																																																																
131	eAy	eau			2	56			2	190.78	2	208.54	2	243.3							-2	241.14																																													-2	76.34	-2	80.66													-2	53.81999999999999	-2	60.16																																																																
132	uoa	yOA	2	138	0	56	-2	114.34	-2	188.78	-2	206.54	-2	241.3					2	219.82	2	243.14																																																																																																																																
133	eeA	eea			2	58			2	190.78	2	208.54	2	243.3							-2	241.14																																													-2	74.34	-2	78.66													-2	51.81999999999999	-2	58.16																																																																
134	aE	ae			2	60					-2	206.54	-2	241.3			2	198.0	2	221.82	2	243.14																																																																																																																									-2	81.86	-2	83.96	-2	67.16	-2	73.44
135	yAO	uao	2	140	0	60	2	116.34	2	192.78	2	208.54	2	243.3					-2	219.82	-2	241.14																																																																																																																																
136	aoI	AOi	2	142	0	60	-2	114.34	-2	190.78	-2	206.54	-2	241.3	2	158.0	2	200.0	2	221.82	2	243.14																																																																																																																																
137	Ayi	aui	2	144	0	60			2	192.78	2	208.54	2	243.3							-2	241.14																																																																																																																													-2	65.16	-2	71.44
139	uEo	yeO	2	146	0	60	-2	112.34	-2	190.78	-2	206.54	-2	241.3			2	202.0	2	223.82	2	243.14																																																																																																																																
140	Oye	oue	2	148	0	60	2	114.34	2	192.78	2	208.54	2	243.3					-2	221.82	-2	241.14																																																																																																											-2	97.34			-2	95.32									-2	79.86	-2	81.96	-2	63.16	-2	69.44
141	eyy	euu			2	62			2	194.78	2	210.54	2	245.3							-2	239.14																																													-2	72.34	-2	76.66													-2	49.81999999999999	-2	56.16																																																																
142	uIo	yiO	2	150	0	62	-2	112.34	-2	192.78	-2	208.54	-2	243.3	2	160.0	2	204.0	2	223.82	2	241.14																																																																																																																																
143	aEE	Aee	2	152	0	62			-2	190.78	-2	206.54	-2	241.3			2	206.0	2	225.82	2	243.14																																																																																																																																
144	eOO	eoo			2	64	2	114.34	2	192.78	2	208.54	2	243.3					-2	223.82	-2	241.14																																									-2	92.32	-2	89.94	-2	70.34	-2	74.66									-2	85.92	-2	80.34	-2	47.81999999999999	-2	54.16																																																																
145	EuI	eyi	2	154	0	64			-2	190.78	-2	206.54	-2	241.3	2	162.0	2	208.0	2	225.82	2	243.14																																																																																																																																
147	Iaa	iaa	2	156	0	64							-2	239.3	2	164.0	2	210.0	2	227.82	2	245.14																																																													-2	45.81999999999999	-2	52.16																																																																
149	Aey	aeu	2	158	0	64			2	192.78	2	208.54	2	241.3							-2	243.14																																													-2	68.34	-2	72.66													-2	43.81999999999999	-2	50.16																																																									-2	77.86	-2	79.96	-2	61.16	-2	67.44
151	AOy	aou	2	160	0	64	2	116.34	2	194.78	2	210.54	2	243.3					-2	225.82	-2	241.14																																																																																																																																
152	oEu	oeu			2	66					-2	208.54	-2	241.3			2	212.0	2	227.82	2	243.14																																													-2	66.34	-2	70.66													-2	41.81999999999999	-2	48.16																																									-2	98.2	-2	95.34	-2	95.58	-2	93.32									-2	75.86	-2	77.96	-2	59.16	-2	65.44
153	Aii	aii	2	162	0	66			2	196.78	2	210.54	2	243.3							-2	241.14																																																																																																																													-2	57.16	-2	63.44
154	oaE	oae			2	68					-2	208.54	-2	241.3			2	214.0	2	229.82	2	243.14																																																																																																											-2	93.34			-2	91.32									-2	73.86	-2	75.96	-2	55.16	-2	61.44
157	ieA	iea			2	70			2	198.78	2	210.54	2	243.3							-2	241.14																																													-2	64.34	-2	68.66													-2	39.81999999999999	-2	46.16																																																																
160	EEa	eeA	2	164	0	70			-2	196.78	-2	208.54	-2	241.3			2	216.0	2	231.82	2	243.14																																																																																																																																
161	uuE	uue			2	72					-2	206.54	-2	239.3			2	218.0	2	233.82	2	245.14																																																																																																																									-2	71.86	-2	73.96	-2	53.16	-2	59.44
164	yOe	uoe	2	166	0	72	2	118.34	2	198.78	2	208.54	2	241.3					-2	231.82	-2	243.14																																																																																																									-2	96.2	-2	91.34	-2	93.58	-2	89.32									-2	69.86	-2	71.96	-2	51.16	-2	57.44
165	Iau	iau	2	168	0	72							-2	239.3	2	166.0	2	220.0	2	233.82	2	245.14																																																													-2	37.81999999999999	-2	44.16																																																																
168	eiA	eia			2	74			2	200.78	2	210.54	2	241.3							-2	243.14																																															-2	66.66													-2	35.81999999999999	-2	42.16																																																																
169	Ea	eA	2	170	0	74			-2	198.78	-2	208.54	-2	239.3			2	222.0	2	235.82	2	245.14																																																																																																																																
170	iOy	iou			2	76	2	120.34	2	200.78	2	210.54	2	241.3					-2	233.82	-2	243.14																																																									-2	83.92	-2	78.34	-2	33.81999999999999	-2	40.16																																																																
172	iye	iue			2	78			2	202.78	2	212.54	2	243.3							-2	241.14																																																													-2	31.819999999999993	-2	38.16																																																									-2	67.86	-2	69.96	-2	49.16	-2	55.44
173	IEu	iey	2	172	0	78			-2	200.78	-2	210.54	-2	241.3	2	168.0	2	224.0	2	235.82	2	243.14																																																																																																																																
176	uau	yAy	2	174	0	78			-2	198.78	-2	208.54	-2	239.3							2	245.14																																																																																																																																
179	iiA	iia			2	80			2	200.78	2	210.54	2	241.3							-2	243.14																																																													-2	29.819999999999993	-2	36.16																																																																
181	eiO	eio			2	82	2	122.34	2	202.78	2	212.54	2	243.3					-2	233.82	-2	241.14																																											-2	87.94			-2	64.66									-2	81.92	-2	76.34	-2	27.819999999999993	-2	34.16																																																																
182	Iu	iu	2	176	0	82							-2	241.3	2	170.0	2	226.0	2	235.82	2	243.14																																																													-2	25.819999999999993	-2	32.16																																																																
183	Euo	euo	2	178	0	82					-2	210.54	-2	239.3			2	228.0	2	237.82	2	245.14																																											-2	85.94	-2	62.34	-2	62.66											-2	74.34	-2	23.819999999999993	-2	30.159999999999997																																																																
186	AO	ao	2	180	0	82	2	124.34	2	204.78	2	212.54	2	241.3					-2	235.82	-2	243.14																																																																																																																																
188	OOe	ooe	2	182	0	82	2	126.34	2	206.78	2	214.54	2	243.3					-2	233.82	-2	241.14																																																																																																									-2	94.2	-2	89.34	-2	91.58	-2	87.32									-2	65.86	-2	67.96	-2	47.16	-2	53.44
189	Iuo	iyO	2	184	0	82	-2	124.34	-2	204.78	-2	212.54	-2	241.3	2	172.0	2	230.0	2	235.82	2	243.14																																																																																																																																
190	iOA	ioa			2	84	2	126.34	2	206.78	2	214.54	2	243.3					-2	233.82	-2	241.14																																																									-2	79.92	-2	72.34	-2	21.819999999999993	-2	28.159999999999997																																																																
191	Eaa	eaa	2	186	0	84					-2	212.54	-2	241.3			2	232.0	2	235.82	2	243.14																																													-2	60.34	-2	60.66													-2	19.819999999999993	-2	26.159999999999997																																																																
194	eAe	eae			2	86			2	208.78	2	214.54	2	243.3							-2	241.14																																													-2	58.34	-2	58.66													-2	17.819999999999993	-2	24.159999999999997																																																									-2	63.86	-2	65.96	-2	45.16	-2	51.44
195	EaE	eae	2	188	0	86					-2	212.54	-2	241.3			2	234.0	2	237.82	2	243.14																																													-2	56.34	-2	56.66													-2	15.819999999999993	-2	22.159999999999997																																																									-2	61.86	-2	63.959999999999994	-2	43.16	-2	49.44
196	AO	ao	2	190	0	86	2	128.34	2	210.78	2	214.54	2	243.3					-2	235.82	-2	241.14																																																																																																																																
197	Eoa	eoa	2	192	0	86					-2	212.54	-2	241.3			2	236.0	2	237.82	2	243.14																																									-2	90.32	-2	83.94	-2	54.34	-2	54.66									-2	77.92	-2	70.34	-2	13.819999999999993	-2	20.159999999999997																																																																
199	Oy	ou	2	194	0	86	2	130.34	2	212.78	2	214.54	2	243.3					-2	235.82	-2	241.14																																																																																																																																
200	ieA	iea			2	88			2	214.78	2	216.54	2	245.3							-2	239.14																																													-2	52.34	-2	52.66													-2	11.819999999999993	-2	18.159999999999997																																																																
201	oEu	oeu			2	90					-2	214.54	-2	243.3			2	238.0	2	237.82	2	241.14																																													-2	50.34	-2	50.66													-2	9.819999999999993	-2	16.159999999999997																																									-2	92.2	-2	87.34	-2	89.58	-2	85.32									-2	59.86	-2	61.959999999999994	-2	41.16	-2	47.44
204	aau	AAy	2	196	0	90			-2	212.78	-2	212.54	-2	241.3							2	243.14																																																																																																																																
206	OOy	oou	2	198	0	90	2	132.34	2	214.78	2	214.54	2	243.3					-2	235.82	-2	241.14																																																																																																																																
207	oEE	Oee	2	200	0	90	-2	130.34	-2	212.78	-2	212.54	-2	241.3			2	240.0	2	237.82	2	243.14																																																																																																																																
211	iAO	iao			2	92	2	132.34	2	214.78	2	214.54	2	243.3					-2	235.82	-2	241.14																																																											-2	68.34	-2	7.819999999999993	-2	14.159999999999997																																																																
212	IuI	iui	2	202	0	92							-2	241.3	2	174.0	2	242.0	2	237.82	2	243.14																																																													-2	5.819999999999993	-2	12.159999999999997																																																													-2	39.16	-2	45.44
214	AAe	aae	2	204	0	92			2	216.78	2	216.54	2	243.3							-2	241.14																																																																																																																									-2	57.86	-2	59.959999999999994	-2	37.16	-2	43.44
215	Iuu	iyy	2	206	0	92			-2	214.78	-2	214.54	-2	241.3	2	176.0	2	244.0	2	239.82	2	243.14																																																																																																																																
216	eyi	eui			2	94			2	216.78	2	216.54	2	243.3							-2	241.14																																													-2	48.34	-2	48.66													-2	3.819999999999993	-2	10.159999999999997																																																													-2	35.16	-2	41.44
218	iou	iOy			2	96	-2	130.34	-2	214.78	-2	214.54	-2	241.3					2	241.82	2	243.14																																																									2	79.92	2	70.34	2	5.819999999999993	2	12.159999999999997																																																																
220	iAA	iaa			2	98			2	216.78	2	216.54	2	243.3							-2	241.14																																																													-2	3.819999999999993	-2	10.159999999999997																																																																
221	oa	OA	2	208	0	98	-2	128.34	-2	214.78	-2	214.54	-2	241.3					2	243.82	2	243.14																																																																																																																																
223	eeu	eey			2	100			-2	212.78	-2	212.54	-2	239.3							2	245.14																																													2	50.34	2	50.66													2	5.819999999999993	2	12.159999999999997																																																																
224	Ayi	aui	2	210	0	100			2	214.78	2	214.54	2	241.3							-2	243.14																																																																																																																													-2	33.16	-2	39.44
225	AAA	aaa	2	212	0	100			2	216.78	2	216.54	2	243.3							-2	241.14																																																																																																																																
228	ooa	OOA	2	214	0	100	-2	126.34	-2	214.78	-2	214.54	-2	241.3					2	245.82	2	243.14																																																																																																																																
231	eiy	eiu			2	102			2	216.78	2	216.54	2	243.3							-2	241.14																																															-2	48.66													-2	3.819999999999993	-2	10.159999999999997																																																																
234	iaO	iAO			2	104			-2	214.78	-2	214.54	-2	241.3							2	243.14																																																													2	5.819999999999993	2	12.159999999999997																																																	2	102.0	2	102.0	2	102.0	2	102.0	2	59.86	2	61.959999999999994	2	35.16	2	41.44
235	euu	eyy			2	106			-2	212.78	-2	212.54	-2	239.3							2	245.14																																													2	52.34	2	50.66													2	7.819999999999993	2	14.159999999999997																																																																
236	iAA	iaa			2	108			2	214.78	2	214.54	2	241.3							-2	243.14																																																													-2	5.819999999999993	-2	12.159999999999997																																																																
237	OAy	oau	2	216	0	108	2	128.34	2	216.78	2	216.54	2	243.3					-2	243.82	-2	241.14																																																																																																																																
238	uOi	uoi			2	110	2	130.34	2	218.78	2	218.54	2	245.3					-2	241.82	-2	239.14																																																																																																													-2	87.58	-2	83.32	2	104.0	2	104.0	2	104.0	2	104.0	2	61.86	2	63.959999999999994			-2	39.44
240	oIo	OiO	2	218	0	110	-2	128.34	-2	216.78	-2	216.54	-2	243.3	2	178.0	2	246.0	2	243.82	2	241.14																																																																																																																																
243	ue	ye	2	220	0	110			-2	214.78	-2	214.54	-2	241.3							2	243.14																																																																																																																									2	63.86	2	65.96	2	37.16	2	41.44
245	iAe	iae			2	112			2	216.78	2	216.54	2	243.3							-2	241.14																																																													-2	3.819999999999993	-2	10.159999999999997																																																									-2	61.86	-2	63.959999999999994	-2	35.16	-2	39.44
246	aai	AAi	2	222	0	112			-2	214.78	-2	214.54	-2	241.3							2	243.14																																																																																																																													2	37.16	2	41.44
247	Aiy	aiu	2	224	0	112			2	216.78	2	216.54	2	243.3							-2	241.14																																																													-2	1.8199999999999932	-2	8.159999999999997																																																													-2	35.16	-2	39.44
248	oao	OAO	2	226	0	112	-2	126.34	-2	214.78	-2	214.54	-2	241.3					2	245.82	2	243.14																																																																																																																																
250	eiy	eiu			2	114			2	216.78	2	216.54	2	243.3							-2	241.14																																															-2	48.66													-2	0	-2	6.159999999999997																																																																
251	Oai	OAi			2	116			-2	214.78	-2	214.54	-2	241.3							2	243.14													2	102.0	2	102.0													2	102.0	2	102.0													2	54.34	2	50.66													2	2	2	8.159999999999997																																																													2	37.16	2	41.44
253	OyA	oua	2	228	0	116	2	128.34	2	216.78	2	216.54	2	243.3					-2	243.82	-2	241.14																																																																																																																																
254	uii	yii	2	230	0	116			-2	214.78	-2	214.54	-2	241.3							2	243.14																																																																																																																													2	39.16	2	43.44
255	iui	iyi			2	118			-2	212.78	-2	212.54	-2	239.3							2	245.14																																																													2	4	2	10.159999999999997																																																													2	41.16	2	45.44
258	yiA	uia	2	232	0	118			2	214.78	2	214.54	2	241.3							-2	243.14																																																													-2	2	-2	8.159999999999997																																																													-2	39.16	-2	43.44
259	Oee	oee	2	234	0	118	2	130.34	2	216.78	2	216.54	2	243.3					-2	241.82	-2	241.14																																																																																																									-2	90.2	-2	85.34	-2	85.58	-2	81.32									-2	59.86	-2	61.959999999999994	-2	37.16	-2	41.44
260	IaI	iAi	2	236	0	118			-2	214.78	-2	214.54	-2	241.3	2	180.0	2	248.0	2	243.82	2	243.14																																																																																																																																
266	Ayi	aui	2	238	0	118			2	216.78	2	216.54	2	243.3							-2	241.14																																																																																																																													-2	35.16	-2	39.44
268	Oiu	Oiy			2	120			-2	214.78	-2	214.54	-2	241.3							2	243.14															2	104.0															2	104.0															2	52.66													2	4	2	10.159999999999997																																																																
270	AiA	aia	2	240	0	120			2	216.78	2	216.54	2	243.3							-2	241.14																																																													-2	2	-2	8.159999999999997																																																													-2	33.16	-2	37.44
272	ua	yA	2	242	0	120			-2	214.78	-2	214.54	-2	241.3							2	243.14																																																																																																																																
273	yO	uo	2	244	0	120	2	132.34	2	216.78	2	216.54	2	243.3					-2	241.82	-2	241.14																																																																																																																																
280	iea	ieA			2	122			-2	214.78	-2	214.54	-2	241.3							2	243.14																																													2	56.34	2	54.66													2	4	2	10.159999999999997																																																																
282	eiA	eia			2	124			2	216.78	2	216.54	2	243.3							-2	241.14																																															-2	52.66													-2	2	-2	8.159999999999997																																																																
286	Ooe	OOe			2	126	-2	130.34	-2	214.78	-2	214.54	-2	241.3					2	243.82	2	243.14									2	102.0	2	102.0	2	104.0	2	106.0									2	102.0	2	102.0	2	104.0	2	106.0									2	92.32	2	85.94	2	58.34	2	54.66									2	81.92	2	72.34	2	4	2	10.159999999999997																																									2	92.2	2	87.34	2	87.58	2	83.32									2	61.86	2	63.959999999999994	2	35.16	2	39.44
287	ueO	ueo			2	128	2	132.34	2	216.78	2	216.54	2	243.3					-2	241.82	-2	241.14																																									-2	90.32	-2	83.94	-2	56.34	-2	52.66									-2	79.92	-2	70.34	-2	2	-2	8.159999999999997																																																			2	106.0			2	106.0								
289	AAO	aao	2	246	0	128	2	134.34	2	218.78	2	218.54	2	245.3					-2	239.82	-2	239.14																																																																																																																																
290	eio	eiO			2	130	-2	132.34	-2	216.78	-2	216.54	-2	243.3					2	241.82	2	241.14																																											2	85.94			2	54.66									2	81.92	2	72.34	2	4	2	10.159999999999997																																																																
291	Auo	AyO			2	132	-2	130.34	-2	214.78	-2	214.54	-2	241.3					2	243.82	2	243.14																											2	104.0	2	106.0	2	108.0											2	87.94	2	58.34	2	56.66											2	74.34	2	6	2	12.159999999999997																																																																
293	uAO	uao			2	134	2	132.34	2	216.78	2	216.54	2	243.3					-2	241.82	-2	241.14																																																																																																																			2	108.0	2	106.0	2	108.0	2	63.86	2	65.96	2	37.16	2	41.44
296	aAe	aae			2	136			2	218.78	2	218.54	2	245.3							-2	239.14																																																																																																																					2	108.0	2	110.0			-2	63.959999999999994			-2	39.44
297	OOa	ooa	2	248	0	136	2	134.34	2	220.78	2	220.54	2	247.3					-2	239.82	-2	237.14													2	106.0	2	108.0													2	108.0	2	110.0													2	60.34	2	58.66													2	8	2	14.159999999999997																																																																
298	OI	Oi			2	138							-2	245.3	2	182.0	2	250.0	2	241.82	2	239.14	2	102.0	2	102.0	2	102.0	2	102.0	2	104.0	2	104.0	2	108.0	2	110.0	2	102.0	2	102.0	2	102.0	2	102.0	2	104.0	2	106.0	2	110.0	2	112.0	2	102.0	2	102.0	2	102.0	2	102.0	2	92.32	2	89.94	2	62.34	2	60.66	2	102.0	2	102.0	2	102.0	2	102.0	2	83.92	2	76.34	2	10	2	16.159999999999997																																																																
299	Aua	AyA			2	140			-2	218.78	-2	218.54	-2	243.3							2	241.14																													2	112.0	2	114.0													2	64.34	2	62.66													2	12	2	18.159999999999997																																																																
300	oOa	ooa			2	142	2	136.34	2	220.78	2	220.54	2	245.3					-2	239.82	-2	239.14													2	110.0	2	112.0													2	114.0	2	116.0													2	66.34	2	64.66													2	14	2	20.159999999999997																																	2	102.0	2	102.0	2	102.0	2	102.0	2	94.2	2	89.34	2	89.58	2	85.32	2	106.0	2	110.0	2	110.0	2	112.0	2	65.86	2	65.96	2	39.16	2	41.44
305	eou	eOy			2	144	-2	134.34	-2	218.78	-2	218.54	-2	243.3					2	241.82	2	241.14																																									2	94.32	2	91.94	2	68.34	2	66.66									2	85.92	2	78.34	2	16	2	22.159999999999997																																																																
307	ioi	iOi			2	146	-2	132.34	-2	216.78	-2	216.54	-2	241.3					2	243.82	2	243.14																																																									2	87.92	2	80.34	2	18	2	24.159999999999997																																													2	91.58	2	87.32													2	41.16	2	43.44
308	euo	eyO			2	148	-2	130.34	-2	214.78	-2	214.54	-2	239.3					2	245.82	2	245.14																																											2	93.94	2	70.34	2	68.66											2	82.34	2	20	2	26.159999999999997																																																																
312	eO	eo			2	150	2	132.34	2	216.78	2	216.54	2	241.3					-2	243.82	-2	243.14																																									-2	92.32	-2	91.94	-2	68.34	-2	66.66									-2	85.92	-2	80.34	-2	18	-2	24.159999999999997																																																																
314	ayy	auu			2	152			2	218.78	2	218.54	2	243.3							-2	241.14																																																																																																																					2	112.0	2	114.0	2	67.86	2	67.96	2	43.16	2	45.44
315	eA	ea			2	154			2	220.78	2	220.54	2	245.3							-2	239.14																																													-2	66.34	-2	64.66													-2	16	-2	22.159999999999997																																																																
317	uoi	yOi	2	250	0	154	-2	130.34	-2	218.78	-2	218.54	-2	243.3					2	245.82	2	241.14																																																																																																													2	93.58	2	89.32													2	45.16	2	47.44
320	eaO	eAO			2	156			-2	216.78	-2	216.54	-2	241.3							2	243.14																																													2	68.34	2	66.66													2	18	2	24.159999999999997																																																	2	108.0	2	112.0	2	114.0	2	116.0	2	69.86	2	69.96	2	47.16	2	49.44
321	Aia	AiA			2	158			-2	214.78	-2	214.54	-2	239.3							2	245.14																															2	118.0															2	68.66													2	20	2	26.159999999999997																																																																
324	Ae	ae	2	252	0	158			2	216.78	2	216.54	2	241.3							-2	243.14																																																																																																																									-2	67.86	-2	67.96	-2	45.16	-2	47.44
329	uyi	uui			2	160			2	218.78	2	218.54	2	243.3							-2	241.14																																																																																																																					2	116.0	2	118.0	2	69.86	2	69.96			-2	45.44
330	eia	eiA			2	162			-2	216.78	-2	216.54	-2	241.3							2	243.14																																															2	70.66													2	22	2	28.159999999999997																																																																
331	auO	auo			2	164	2	132.34	2	218.78	2	218.54	2	243.3					-2	243.82	-2	241.14																																																																																																																	2	110.0	2	114.0	2	118.0	2	120.0	2	71.86	2	71.96	2	47.16	2	47.44
334	ya	yA			2	166			-2	216.78	-2	216.54	-2	241.3							2	243.14																													2	116.0	2	120.0													2	70.34	2	72.66													2	24	2	30.159999999999997																																																																
336	ieu	iey			2	168			-2	214.78	-2	214.54	-2	239.3							2	245.14																																													2	72.34	2	74.66													2	26	2	32.16																																																																
337	oyA	oua			2	170			2	216.78	2	216.54	2	241.3							-2	243.14																																																																																																					2	104.0	2	104.0	2	96.2	2	91.34	2	95.58	2	91.32					2	120.0	2	122.0	2	73.86	2	73.96	2	49.16	2	49.44
339	eyO	euo			2	172	2	134.34	2	218.78	2	218.54	2	243.3					-2	241.82	-2	241.14																																											-2	89.94	-2	70.34	-2	72.66											-2	78.34	-2	24	-2	30.159999999999997																																																																
343	iOO	ioo			2	174	2	136.34	2	220.78	2	220.54	2	245.3					-2	239.82	-2	239.14																																																									-2	83.92	-2	76.34	-2	22	-2	28.159999999999997																																																																
347	yae	yAe			2	176			-2	218.78	-2	218.54	-2	243.3							2	241.14																													2	118.0	2	122.0													2	72.34	2	74.66													2	24	2	30.159999999999997																																																									2	75.86	2	75.96	2	51.16	2	51.44
350	iua	iyA			2	178			-2	216.78	-2	216.54	-2	241.3							2	243.14																																																													2	26	2	32.16																																																																
351	euo	eyO			2	180	-2	134.34	-2	214.78	-2	214.54	-2	239.3					2	241.82	2	245.14																																											2	91.94	2	74.34	2	76.66											2	78.34	2	28	2	34.16																																																																
354	aAe	aae			2	182			2	216.78	2	216.54	2	241.3							-2	243.14																																																																																																																					2	122.0	2	124.0			-2	73.96			-2	49.44
359	eiy	eiu			2	184			2	218.78	2	218.54	2	243.3							-2	241.14																																															-2	74.66													-2	26	-2	32.16																																																																
360	aOA	aoa			2	186	2	136.34	2	220.78	2	220.54	2	245.3					-2	239.82	-2	239.14																																																																																																																	2	112.0	2	116.0	2	124.0	2	126.0	2	77.86	2	75.96	2	53.16	2	51.44
361	Oo	OO			2	188	-2	134.34	-2	218.78	-2	218.54	-2	243.3					2	241.82	2	241.14									2	106.0	2	106.0	2	112.0	2	114.0									2	106.0	2	108.0	2	120.0	2	124.0									2	94.32	2	93.94	2	76.34	2	76.66									2	85.92	2	80.34	2	28	2	34.16																																																																
362	eeO	eeo			2	190	2	136.34	2	220.78	2	220.54	2	245.3					-2	239.82	-2	239.14																																									-2	92.32	-2	91.94	-2	74.34	-2	74.66									-2	83.92	-2	78.34	-2	26	-2	32.16																																																																
365	Ooo	OOO			2	192	-2	134.34	-2	218.78	-2	218.54	-2	243.3					2	241.82	2	241.14									2	108.0	2	108.0	2	114.0	2	116.0									2	108.0	2	110.0	2	122.0	2	126.0									2	94.32	2	93.94	2	76.34	2	76.66									2	85.92	2	80.34	2	28	2	34.16																																																																
369	yua	yyA			2	194			-2	216.78	-2	216.54	-2	241.3							2	243.14																													2	124.0	2	128.0													2	78.34	2	78.66													2	30	2	36.16																																																																
370	eiA	eia			2	196			2	218.78	2	218.54	2	243.3							-2	241.14																																															-2	76.66													-2	28	-2	34.16																																																																
371	yuo	yyO			2	198	-2	132.34	-2	216.78	-2	216.54	-2	241.3					2	243.82	2	243.14																											2	112.0	2	126.0	2	130.0											2	95.94	2	80.34	2	78.66											2	82.34	2	30	2	36.16																																																																
372	uOO	uoo			2	200	2	134.34	2	218.78	2	218.54	2	243.3					-2	241.82	-2	241.14																																																																																																																	2	114.0	2	118.0	2	126.0	2	128.0	2	79.86	2	77.96	2	55.16	2	53.44
377	Ouu	Oyy			2	202			-2	216.78	-2	216.54	-2	241.3							2	243.14													2	116.0	2	118.0													2	128.0	2	132.0													2	82.34	2	80.66													2	32	2	38.16																																																																
379	oeA	oea			2	204			2	218.78	2	218.54	2	243.3							-2	241.14																																													-2	80.34	-2	78.66													-2	30	-2	36.16																																							2	106.0															2	130.0								
384	eoo	eOO			2	206	-2	132.34	-2	216.78	-2	216.54	-2	241.3					2	243.82	2	243.14																																									2	96.32	2	97.94	2	82.34	2	80.66									2	87.92	2	84.34	2	32	2	38.16																																																																
385	aAO	aao			2	208	2	134.34	2	218.78	2	218.54	2	243.3					-2	241.82	-2	241.14																																																																																																																			2	120.0	2	128.0	2	132.0	2	81.86	2	79.96	2	57.16	2	55.44
386	ia	iA			2	210			-2	216.78	-2	216.54	-2	241.3							2	243.14																																																													2	34	2	40.16																																																																
387	oOA	ooa			2	212	2	136.34	2	218.78	2	218.54	2	243.3					-2	239.82	-2	241.14																																																																																																	2	104.0	2	104.0	2	106.0	2	108.0	2	98.2	2	93.34	2	97.58	2	93.32	2	116.0	2	122.0	2	130.0	2	134.0	2	83.86	2	81.96	2	59.16	2	57.44
388	ioe	iOe			2	214	-2	134.34	-2	216.78	-2	216.54	-2	241.3					2	241.82	2	243.14																																																									2	89.92	2	86.34	2	36	2	42.16																																									2	100.2	2	95.34	2	99.58	2	95.32									2	85.86	2	83.96	2	61.16	2	59.44
392	Aiu	Aiy			2	216			-2	214.78	-2	214.54	-2	239.3							2	245.14																															2	134.0															2	82.66													2	38	2	44.16																																																																
393	ayy	auu			2	218			2	216.78	2	216.54	2	241.3							-2	243.14																																																																																																																					2	132.0	2	136.0	2	87.86	2	85.96	2	63.16	2	61.44
394	eey	eeu			2	220			2	218.78	2	218.54	2	243.3							-2	241.14																																													-2	80.34	-2	80.66													-2	36	-2	42.16																																																																
396	eyy	euu			2	222			2	220.78	2	220.54	2	245.3							-2	239.14																																													-2	78.34	-2	78.66													-2	34	-2	40.16																																																																
397	Aae	AAe			2	224			-2	218.78	-2	218.54	-2	243.3							2	241.14																													2	130.0	2	136.0													2	80.34	2	80.66													2	36	2	42.16																																																									2	89.86	2	87.96	2	65.16	2	63.44
398	eau	eAy			2	226			-2	216.78	-2	216.54	-2	241.3							2	243.14																																													2	82.34	2	82.66													2	38	2	44.16																																																																
400	Aoe	AOe			2	228	-2	132.34	-2	214.78	-2	214.54	-2	239.3					2	243.82	2	245.14																									2	110.0	2	114.0	2	132.0	2	138.0									2	98.32	2	99.94	2	84.34	2	84.66									2	91.92	2	88.34	2	40	2	46.16																																									2	102.2	2	97.34	2	101.58	2	97.32									2	91.86	2	89.96	2	67.16	2	65.44
401	iOi	ioi			2	230	2	134.34	2	216.78	2	216.54	2	241.3					-2	241.82	-2	243.14																																																									-2	89.92	-2	86.34	-2	38	-2	44.16																																													-2	99.58	-2	95.32													-2	65.16	-2	63.44
403	eyy	euu			2	232			2	218.78	2	218.54	2	243.3							-2	241.14																																													-2	82.34	-2	82.66													-2	36	-2	42.16																																																																
406	uOe	uoe			2	234	2	136.34	2	220.78	2	220.54	2	245.3					-2	239.82	-2	239.14																																																																																																									-2	100.2	-2	95.34	-2	97.58	-2	93.32	2	118.0	2	124.0	2	134.0	2	138.0			-2	87.96			-2	61.44
407	eeu	eey			2	236			-2	218.78	-2	218.54	-2	243.3							2	241.14																																													2	84.34	2	84.66													2	38	2	44.16																																																																
409	iu	iy			2	238			-2	216.78	-2	216.54	-2	241.3							2	243.14																																																													2	40	2	46.16																																																																
410	uA	ua			2	240			2	218.78	2	218.54	2	243.3							-2	241.14																																																																																																																					2	136.0	2	140.0	2	93.86	2	89.96	2	67.16	2	63.44
412	AaO	AAO			2	242			-2	216.78	-2	216.54	-2	241.3							2	243.14																													2	134.0	2	140.0													2	86.34	2	86.66													2	42	2	48.16																																																	2	120.0	2	126.0	2	138.0	2	142.0	2	95.86	2	91.96	2	69.16	2	65.44
415	ayi	aui			2	244			2	218.78	2	218.54	2	243.3							-2	241.14																																																																																																																					2	140.0	2	144.0	2	97.86	2	93.96			-2	63.44
415	Apriori	Id(Bk)Syl1>>Id(Bk)	2	254																																																																																																																																																			
417	iOO	ioo			2	246	2	138.34	2	220.78	2	220.54	2	245.3					-2	237.82	-2	239.14																																																									-2	87.92	-2	84.34	-2	40	-2	46.16																																																																
417	Apriori	Id(Bk)Syl1>>Id(Bk)	2	256																																																																																																																																																			
421	ioi	iOi			2	248	-2	136.34	-2	218.78	-2	218.54	-2	243.3					2	239.82	2	241.14																																																									2	89.92	2	86.34	2	42	2	48.16																																													2	99.58	2	95.32													2	71.16	2	65.44
421	Apriori	Id(Bk)Syl1>>Id(Bk)	2	258																																																																																																																																																			
447	Ouo	OyO			2	250	-2	134.34	-2	216.78	-2	216.54	-2	241.3					2	241.82	2	243.14											2	110.0	2	118.0	2	120.0											2	116.0	2	136.0	2	142.0											2	101.94	2	88.34	2	88.66											2	88.34	2	44	2	50.16																																																																
447	Apriori	Id(Bk)Syl1>>Id(Bk)	2	260																																																																																																																																																			
457	eOy	eou			2	252	2	136.34	2	218.78	2	218.54	2	243.3					-2	239.82	-2	241.14																																									-2	96.32	-2	99.94	-2	86.34	-2	86.66									-2	87.92	-2	86.34	-2	42	-2	48.16																																																																
457	Apriori	Id(Bk)Syl1>>Id(Bk)	2	262																																																																																																																																																			
2650	Ou	Oy			2	254			-2	216.78	-2	216.54	-2	241.3							2	243.14													2	120.0	2	122.0													2	138.0	2	144.0													2	88.34	2	88.66													2	44	2	50.16																																																																
2650	Apriori	Id(Bk)Syl1>>Id(Bk)	2	264																																																																																																																																																			
16130	Oai	OAi			0.002	254.002			-0.002	216.778	-0.002	216.53799999999998	-0.002	241.298							0.002	243.142													0.002	120.002	0.002	122.002													0.002	138.002	0.002	144.002													0.002	88.342	0.002	88.66199999999999													0.002	44.002	0.002	50.162																																																													0.002	71.16199999999999	0.002	65.442
16130	Apriori	Id(Bk)Syl1>>Id(Bk)	0.0020000000000095497	264.002																																																																																																																																																			
TOTAL				264.002		254.002		136.34		216.778		216.53799999999998		241.298		182.0		250.0		239.82		243.142		102.0		102.0		102.0		102.0		108.0		110.0		120.002		122.002		102.0		102.0		102.0		102.0		110.0		116.0		138.002		144.002		102.0		102.0		102.0		102.0		96.32		99.94		88.342		88.66199999999999		102.0		102.0		102.0		102.0		87.92		86.34		44.002		50.162		100.0		100.0		100.0		100.0		100.0		100.0		100.0		100.0		100.0		100.0		100.0		100.0		100.0		100.0		100.0		100.0		104.0		104.0		106.0		108.0		100.2		95.34		99.58		95.32		120.0		126.0		140.0		144.0		97.86		93.96		71.16199999999999		65.442
