trialnum	Generated	Heard	Id(Bk)Syl1	now	Id(Bk)	now	*F1	now	*F3	now	*F4	now	*F5	now	*B1	now	*B2	now	*B3	now	*B5	now	*F1_B1	now	*F1..._B1	now	*F1_B2	now	*F1..._B2	now	*F1_B3	now	*F1..._B3	now	*F1_B5	now	*F1..._B5	now	*F3_B1	now	*F3..._B1	now	*F3_B2	now	*F3..._B2	now	*F3_B3	now	*F3..._B3	now	*F3_B5	now	*F3..._B5	now	*F4_B1	now	*F4..._B1	now	*F4_B2	now	*F4..._B2	now	*F4_B3	now	*F4..._B3	now	*F4_B5	now	*F4..._B5	now	*F5_B1	now	*F5..._B1	now	*F5_B2	now	*F5..._B2	now	*F5_B3	now	*F5..._B3	now	*F5_B5	now	*F5..._B5	now	*_B1F1	now	*_B1...F1	now	*_B1F3	now	*_B1...F3	now	*_B1F4	now	*_B1...F4	now	*_B1F5	now	*_B1...F5	now	*_B2F1	now	*_B2...F1	now	*_B2F3	now	*_B2...F3	now	*_B2F4	now	*_B2...F4	now	*_B2F5	now	*_B2...F5	now	*_B3F1	now	*_B3...F1	now	*_B3F3	now	*_B3...F3	now	*_B3F4	now	*_B3...F4	now	*_B3F5	now	*_B3...F5	now	*_B5F1	now	*_B5...F1	now	*_B5F3	now	*_B5...F3	now	*_B5F4	now	*_B5...F4	now	*_B5F5	now	*_B5...F5	now
				0		0		300		300		300		300		300		300		300		300		300		300		300		300		300		300		300		300		300		300		300		300		300		300		300		300		300		300		300		300		300		300		300		300		300		300		300		300		300		300		300		300		300		300		300		300		300		300		300		300		300		300		300		300		300		300		300		300		300		300		300		300		300		300		300		300		300		300		300		300		300		300		300		300
0	Apriori	Id(Bk)Syl1>>Id(Bk)	10	10																																																																																																																																																		
1	yyi	yui			2	2			2	302	2	302	2	302							-2	298																													-2	298	-2	298													-2	298	-2	298													-2	298	-2	298																																																													-2	298	-2	298
1	Apriori	Id(Bk)Syl1>>Id(Bk)	2	12																																																																																																																																																			
2	AOy	aou	2	14	2	4	2	302	2	304	2	304	2	304					-2	298	-2	296																																																																																																																																
3	IEI	iei	2	16	2	6					-2	302	-2	302	2	302	2	302	2	300	2	298																																																																																																																																
5	eio	Eio	2	18	2	8					2	304	2	304			-2	300	-2	298	-2	296																																											2	302			2	300																																													-2	298	-2	298													-2	298	-2	298													-2	296	-2	296
6	oao	Oao	2	20	2	10	-2	300	-2	302	-2	302	-2	302					2	300	2	298											-2	298	-2	298	-2	298											-2	298	-2	296	-2	296											-2	300	-2	296	-2	298											-2	298	-2	296	-2	296																																																																
8	aau	Aau	2	22	2	12			-2	300	-2	300	-2	300							2	300																													-2	294	-2	294													-2	294	-2	296													-2	294	-2	294																																																																
9	eii	Eii	2	24	2	14					2	302	2	302			-2	298	-2	298	-2	298																																																																																													-2	296	-2	296													-2	296	-2	296													-2	294	-2	294
11	uuo	yuo	2	26	2	16			-2	298	-2	300	-2	300							2	300																											-2	296	-2	292	-2	292											-2	298	-2	292	-2	294											-2	296	-2	292	-2	292																																																																
12	AyO	Auo			2	18	2	302	2	300	2	302	2	302					-2	296	-2	298																											-2	294	-2	290	-2	290											-2	296	-2	290	-2	292											-2	294	-2	290	-2	290																																																																
12	Apriori	Id(Bk)Syl1>>Id(Bk)	2	28																																																																																																																																																			
14	uE	ue			2	20					-2	300	-2	300			2	300	2	298	2	300																																																																																																																									-2	298	-2	298	-2	292	-2	292
14	Apriori	Id(Bk)Syl1>>Id(Bk)	2	30																																																																																																																																																			
15	Aei	aei	2	32	2	22			2	302	2	302	2	302							-2	298																																																																																																																									-2	296	-2	296	-2	290	-2	290
16	II	ii	2	34	2	24							-2	300	2	304	2	302	2	300	2	300																																																																																																																																
19	oEi	Oei	2	36	2	26	-2	300	-2	300	-2	300	-2	298			2	304	2	302	2	302																																																																																													2	298	2	298													2	298	2	298													2	292	2	292
20	eie	Eie	2	38	2	28					2	302	2	300			-2	302	-2	300	-2	300																																																																																											-2	298	-2	296	-2	296											-2	298	-2	296	-2	296											-2	294	-2	290	-2	290
21	Oeo	oeo	2	40	2	30	2	302	2	302	2	304	2	302					-2	298	-2	298											2	300			2	300											2	296			2	292																																																																									-2	298	-2	296	-2	294	-2	294									-2	294	-2	292	-2	288	-2	288
24	aui	Aui	2	42	2	32			-2	300	-2	302	-2	300							2	300																													-2	288	-2	290													-2	288	-2	290													-2	288	-2	288																																																															2	290
25	Eii	eii	2	44	2	34					-2	300	-2	298			2	304	2	300	2	302																																																																																													2	298	2	298													2	296	2	296													2	290	2	292
27	iyi	iui			2	36			2	302	2	302	2	300							-2	300																																																													-2	286	-2	286																																																													-2	288	-2	290
27	Apriori	Id(Bk)Syl1>>Id(Bk)	2	46																																																																																																																																																			
29	AAi	aai	2	48	2	38			2	304	2	304	2	302							-2	298																																																																																																																													-2	286	-2	288
30	EEa	eea	2	50	2	40					-2	302	-2	300			2	306	2	302	2	300																																													-2	286	-2	288													-2	284	-2	284																																																																
33	ouo	Ouo	2	52	2	42	-2	300	-2	302	-2	300	-2	298					2	304	2	302											-2	298	-2	296	-2	298											-2	294	-2	286	-2	288											-2	294	-2	284	-2	286											-2	292	-2	282	-2	282																																																																
34	eoe	Eoe	2	54	2	44					2	302	2	300			-2	304	-2	302	-2	300																																									2	302	2	296	2	286	2	288									2	302	2	294	2	284	2	284																											-2	296			-2	296											-2	294			-2	294											-2	290			-2	286
35	ou	Ou	2	56	2	46	-2	298	-2	300	-2	300	-2	298					2	304	2	302													-2	294	-2	296													-2	284	-2	286													-2	284	-2	286													-2	282	-2	282																																																																
40	yiO	uio	2	58	2	48	2	300	2	302	2	302	2	300					-2	302	-2	300																																																									-2	300	-2	292	-2	280	-2	280																																																													-2	284	-2	284
41	eiA	Eia	2	60	2	50			2	304	2	304	2	302			-2	302	-2	300	-2	298																																																													-2	278	-2	278																													-2	296	-2	294													-2	294	-2	292													-2	282	-2	282
43	aiu	Aiu	2	62	2	52			-2	302	-2	302	-2	300							2	300																															-2	284															-2	284																																																																													2	284	2	284
45	oia	Oia	2	64	2	54	-2	298	-2	300	-2	300	-2	298					2	302	2	302															-2	294															-2	282															-2	282																																																													2	296	2	294													2	286	2	286
46	yeO	ueo	2	66	2	56	2	300	2	302	2	302	2	300					-2	300	-2	300																																									-2	300	-2	294	-2	282	-2	280									-2	298	-2	290	-2	276	-2	276																																																									-2	292	-2	288	-2	284	-2	284
47	eeu	Eeu	2	68	2	58					2	304	2	302			-2	300	-2	298	-2	298																																																																																									-2	298	-2	294	-2	294	-2	292									-2	296	-2	292	-2	294	-2	292									-2	290	-2	286	-2	282	-2	282
48	iEa	iea			2	60					-2	302	-2	300			2	302	2	300	2	300																																													-2	280	-2	278					2	302	2	302	2	300	2	292			2	278																																																																
48	Apriori	Id(Bk)Syl1>>Id(Bk)	2	70																																																																																																																																																			
49	ao	Ao	2	72	2	62			-2	300	-2	300	-2	298							2	302																									-2	298	-2	292	-2	282	-2	280									-2	298	-2	292	-2	278	-2	276									-2	298	-2	290	-2	274	-2	276																																																																
50	iOO	ioo			2	64	2	302	2	302	2	302	2	300					-2	298	-2	300																																																									-2	296	-2	288	-2	272	-2	274																																																																
50	Apriori	Id(Bk)Syl1>>Id(Bk)	2	74																																																																																																																																																			
51	ooE	ooe			2	66					-2	300	-2	298			2	304	2	300	2	302																																																																																																									-2	294	-2	290	-2	292	-2	290									-2	288	-2	284	-2	280	-2	280
51	Apriori	Id(Bk)Syl1>>Id(Bk)	2	76																																																																																																																																																			
52	eAA	eaa			2	68			2	304	2	302	2	300							-2	300																																													-2	276	-2	274													-2	270	-2	272																																																																
52	Apriori	Id(Bk)Syl1>>Id(Bk)	2	78																																																																																																																																																			
55	aoE	Aoe	2	80	2	70			-2	302	-2	300	-2	298			2	306	2	302	2	302																									-2	296	-2	290	-2	280	-2	278									-2	296	-2	290	-2	274	-2	272									-2	294	-2	286	-2	268	-2	270																																									-2	292	-2	288	-2	290	-2	288									-2	286	-2	282	-2	278	-2	278
56	eu	Eu	2	82	2	72					2	302	2	300			-2	304	-2	300	-2	300																																													2	276	2	274													2	270	2	272																																																																
60	eeA	Eea	2	84	2	74			2	304	2	304	2	302			-2	302	-2	298	-2	298																																													-2	274	-2	272													-2	268	-2	270																									-2	296	-2	292	-2	292	-2	290									-2	290	-2	286	-2	288	-2	286									-2	284	-2	280	-2	276	-2	276
61	uII	yii	2	86	2	76			-2	302	-2	302	-2	300	2	306	2	304	2	300	2	300																																																																																																																																
63	EEa	eea	2	88	2	78					-2	300	-2	298			2	306	2	302	2	302																																													-2	272	-2	270													-2	266	-2	268																																																																
64	iiO	iio			2	80	2	304	2	304	2	302	2	300					-2	300	-2	300																																																									-2	292	-2	284	-2	264	-2	266																																																																
64	Apriori	Id(Bk)Syl1>>Id(Bk)	2	90																																																																																																																																																			
65	iyy	iuu			2	82			2	306	2	304	2	302							-2	298																																																													-2	262	-2	264																																																																
65	Apriori	Id(Bk)Syl1>>Id(Bk)	2	92																																																																																																																																																			
66	uiE	uie			2	84					-2	302	-2	300			2	308	2	302	2	300																																																					2	304	2	304	2	294	2	286	2	264	2	266																																																											-2	278				
66	Apriori	Id(Bk)Syl1>>Id(Bk)	2	94																																																																																																																																																			
67	oou	Oou	2	96	2	86	-2	302	-2	304	-2	300	-2	298					2	304	2	302									-2	298	-2	296	-2	292	-2	292									-2	294	-2	288	-2	278	-2	276									-2	294	-2	288	-2	270	-2	268									-2	292	-2	284	-2	262	-2	264																																																																
69	Oea	oea	2	98	2	88	2	304	2	306	2	302	2	300					-2	302	-2	300															2	294															2	278																																																																									-2	288	-2	284	-2	286	-2	284									-2	282	-2	276	-2	274	-2	274
73	aiu	Aiu	2	100	2	90			-2	304	-2	300	-2	298							2	302																															-2	276															-2	266																																																																													2	276	2	276
76	eey	Eeu	2	102	2	92			2	306	2	302	2	300			-2	306	-2	300	-2	300																																													-2	268	-2	264													-2	260	-2	262																									-2	294	-2	290	-2	290	-2	288									-2	286	-2	282	-2	284	-2	282									-2	280	-2	274	-2	274	-2	274
77	uao	yao	2	104	2	94			-2	304	-2	300	-2	298							2	302																											-2	286	-2	276	-2	274											-2	286	-2	266	-2	262											-2	282	-2	258	-2	260																																																																
79	aaa	Aaa	2	106	2	96			-2	302	-2	298	-2	296							2	304																													-2	274	-2	272													-2	264	-2	260													-2	256	-2	258																																																																
80	yyA	yua			2	98			2	304	2	300	2	298							-2	302																													-2	272	-2	270													-2	262	-2	258													-2	254	-2	256																																																																
80	Apriori	Id(Bk)Syl1>>Id(Bk)	2	108																																																																																																																																																			
81	aei	Aei	2	110	2	100			-2	302	-2	298	-2	296							2	304																																																																																																																									2	282	2	276	2	276	2	276
82	Aiy	Aiu			2	102			2	304	2	300	2	298							-2	302																															-2	268															-2	256													-2	252	-2	254																																																																
82	Apriori	Id(Bk)Syl1>>Id(Bk)	2	112																																																																																																																																																			
84	ouu	Ouu	2	114	2	104	-2	302	-2	302	-2	298	-2	296					2	302	2	304													-2	290	-2	292													-2	270	-2	266													-2	260	-2	254													-2	250	-2	252																																																																
85	oue	Oue	2	116	2	106	-2	300	-2	300	-2	296	-2	294					2	304	2	306													-2	288	-2	290													-2	268	-2	264													-2	258	-2	252													-2	248	-2	250																																											2	284			2	284											2	278			2	278
86	Oi	oi	2	118	2	108	2	302	2	302	2	298	2	296					-2	302	-2	304																																																																																																													-2	282	-2	282													-2	274	-2	276
88	Aiy	aiu	2	120	2	110			2	304	2	300	2	298							-2	302																																																													-2	246	-2	248																																																													-2	272	-2	274
89	ui	yi	2	122	2	112			-2	302	-2	298	-2	296							2	304																																																																																																																													2	274	2	276
90	eyi	Eui	2	124	2	114			2	304	2	300	2	298			-2	304	-2	300	-2	302																																																																																															-2	286															-2	280													-2	272	-2	274
91	eou	Eou	2	126	2	116					2	302	2	300			-2	302	-2	298	-2	300																																									2	296	2	288	2	260	2	254									2	294	2	284	2	248	2	250																																																																
95	Eao	eao	2	128	2	118					-2	300	-2	298			2	304	2	300	2	302																																											-2	286	-2	258	-2	252											-2	282	-2	246	-2	248																																																																
96	eae	Eae	2	130	2	120					2	302	2	300			-2	302	-2	298	-2	300																																													2	260	2	254													2	248	2	250																											-2	288			-2	284											-2	282			-2	278											-2	276			-2	272
103	uE	ue			2	122					-2	300	-2	298			2	304	2	300	2	302																																																																																																																									-2	280	-2	274	-2	270	-2	270
103	Apriori	Id(Bk)Syl1>>Id(Bk)	2	132																																																																																																																																																			
104	ui	yi	2	134	2	124			-2	302	-2	298	-2	296							2	304																																																																																																																													2	272	2	272
106	eiy	Eiu	2	136	2	126			2	304	2	300	2	298			-2	302	-2	298	-2	302																																																													-2	246	-2	248																													-2	288	-2	282													-2	280	-2	276													-2	270	-2	270
109	aia	Aia	2	138	2	128			-2	302	-2	298	-2	296							2	304																															-2	262															-2	252																																																																													2	272	2	272
111	OAA	oaa	2	140	2	130	2	304	2	304	2	300	2	298					-2	296	-2	302																																																																																																																																
113	eiy	Eiu	2	142	2	132			2	306	2	302	2	300			-2	300	-2	294	-2	300																																																													-2	244	-2	246																													-2	286	-2	280													-2	278	-2	274													-2	270	-2	270
115	oEa	oea			2	134					-2	300	-2	298			2	302	2	296	2	302																																													-2	258	-2	250													-2	242	-2	244																																									-2	284	-2	280	-2	276	-2	272									-2	278	-2	272	-2	268	-2	268
115	Apriori	Id(Bk)Syl1>>Id(Bk)	2	144																																																																																																																																																			
116	uiu	yiu	2	146	2	136			-2	304	-2	298	-2	296							2	304																															-2	260															-2	248																																																																													2	270	2	270
118	ea	Ea	2	148	2	138					2	300	2	298			-2	300	-2	294	-2	302																																													2	260	2	250													2	244	2	246																																																																
120	oEa	Oea	2	150	2	140	-2	302	-2	302	-2	298	-2	296			2	302	2	296	2	304															-2	288															-2	258													-2	258	-2	248													-2	242	-2	244																																																																
121	yey	yeu			2	142			2	304	2	300	2	298							-2	302																															-2	256													-2	256	-2	246													-2	240	-2	242																																																																
121	Apriori	Id(Bk)Syl1>>Id(Bk)	2	152																																																																																																																																																			
123	aoe	Aoe	2	154	2	144			-2	302	-2	298	-2	296							2	304																									-2	292	-2	284	-2	266	-2	254									-2	294	-2	284	-2	254	-2	244									-2	292	-2	280	-2	238	-2	240																																																											2	274			2	272
125	yOy	uou	2	156	2	146	2	304	2	304	2	300	2	298					-2	294	-2	302																																																																																																																																
127	eAe	Eae	2	158	2	148			2	306	2	302	2	300			-2	300	-2	292	-2	300																																																																																											-2	286			-2	278											-2	278			-2	270									-2	276	-2	272	-2	268	-2	270
129	aEi	aei			2	150					-2	300	-2	298			2	302	2	294	2	302																																																																																													2	288	2	280													2	278	2	272									-2	274	-2	270			2	272
129	Apriori	Id(Bk)Syl1>>Id(Bk)	2	160																																																																																																																																																			
130	aEo	aeo			2	152					-2	298	-2	296			2	304	2	296	2	304																																									-2	292	-2	282	-2	252	-2	242									-2	290	-2	278	-2	236	-2	238																																																									-2	272	-2	268	-2	266	-2	270
130	Apriori	Id(Bk)Syl1>>Id(Bk)	2	162																																																																																																																																																			
132	oeo	Oeo	2	164	2	154	-2	302	-2	304	-2	296	-2	294					2	298	2	306											-2	294			-2	286											-2	282			-2	252																																																																									2	286	2	280	2	280	2	274									2	274	2	270	2	268	2	272
133	eou	Eou	2	166	2	156					2	298	2	296			-2	302	-2	296	-2	304																																									2	294	2	284	2	254	2	244									2	292	2	280	2	238	2	240																																																																
134	yeo	ueo	2	168	2	158			2	306	2	300	2	298							-2	302																											2	284			2	254																																																																																									-2	272	-2	268	-2	266	-2	270
137	aue	Aue	2	170	2	160			-2	304	-2	298	-2	296							2	304																													-2	264	-2	252													-2	252	-2	242													-2	236	-2	238																																																											2	270			2	272
138	eaa	Eaa	2	172	2	162					2	300	2	298			-2	300	-2	294	-2	302																																													2	254	2	244													2	238	2	240																																																																
139	Ay	au	2	174	2	164			2	306	2	302	2	300							-2	300																																																																																																																																
141	aoo	Aoo	2	176	2	166			-2	304	-2	300	-2	298							2	302																									-2	290	-2	282	-2	262	-2	250									-2	292	-2	282	-2	252	-2	242									-2	290	-2	278	-2	236	-2	238																																																																
142	aE	Ae	2	178	2	168			-2	302	-2	298	-2	296			2	302	2	296	2	304																																																																																																																																
143	eOy	Eou	2	180	2	170	2	304	2	304	2	300	2	298			-2	300	-2	294	-2	302																																																																																																																																
144	yoi	uoi	2	182	2	172			2	306	2	302	2	300							-2	300																									2	292	2	284	2	264	2	252									2	294	2	284	2	254	2	244									2	292	2	280	2	238	2	240																																																															-2	270
145	ooE	Ooe	2	184	2	174	-2	302	-2	304	-2	300	-2	298			2	302	2	296	2	302									-2	296	-2	292	-2	286	-2	284									-2	290	-2	282	-2	262	-2	250									-2	292	-2	282	-2	252	-2	242									-2	290	-2	278	-2	236	-2	238																																									-2	284	-2	278	-2	278	-2	272									-2	270	-2	268	-2	264	-2	268
147	uia	yia	2	186	2	176			-2	302	-2	298	-2	296							2	304																															-2	248															-2	240																																																																													2	266	2	270
148	Oy	ou	2	188	2	178	2	304	2	304	2	300	2	298					-2	294	-2	302																																																																																																																																
149	aua	Aua	2	190	2	180			-2	302	-2	298	-2	296							2	304																													-2	260	-2	246													-2	250	-2	238													-2	234	-2	236																																																																
151	ueo	yeo	2	192	2	182			-2	300	-2	296	-2	294							2	306																											-2	280			-2	244																																																																																									2	272	2	270	2	268	2	272
152	OAy	Oau			2	184			2	302	2	298	2	296							-2	304													-2	284	-2	282													-2	258	-2	242													-2	248	-2	236													-2	232	-2	234																																																																
152	Apriori	Id(Bk)Syl1>>Id(Bk)	2	194																																																																																																																																																			
153	iy	iu			2	186			2	304	2	300	2	298							-2	302																																																													-2	230	-2	232																																																																
153	Apriori	Id(Bk)Syl1>>Id(Bk)	2	196																																																																																																																																																			
155	oaa	Oaa	2	198	2	188	-2	302	-2	302	-2	298	-2	296					2	296	2	304													-2	282	-2	280													-2	256	-2	240													-2	246	-2	234													-2	228	-2	230																																																																
156	oAe	Oae	2	200	2	190	-2	300											2	298															-2	280	-2	278													-2	254	-2	238													-2	244	-2	232													-2	226	-2	228																																					2	302	2	302	2	286	2	280	2	280	2	274					2	302	2	302								
157	OeA	Oea			2	192			2	304	2	300	2	298							-2	302															-2	276															-2	236													-2	242	-2	230													-2	224	-2	226																																																																
157	Apriori	Id(Bk)Syl1>>Id(Bk)	2	202																																																																																																																																																			
159	oue	Oue	2	204	2	194	-2	298	-2	302	-2	298	-2	296					2	300	2	304													-2	278	-2	274													-2	252	-2	234													-2	240	-2	228													-2	222	-2	224																																											2	282			2	276											2	272			2	274
160	OOA	Ooa			2	196	2	300	2	304	2	300	2	298					-2	298	-2	302									-2	294	-2	290	-2	276	-2	272									-2	288	-2	278	-2	250	-2	232									-2	290	-2	280	-2	238	-2	226									-2	288	-2	276	-2	220	-2	222																																																																
160	Apriori	Id(Bk)Syl1>>Id(Bk)	2	206																																																																																																																																																			
161	Ayi	aui	2	208	2	198			2	306	2	302	2	300							-2	300																																																																																																																													-2	266	-2	272
164	uuE	yue	2	210	2	200			-2	304	-2	300	-2	298			2	304	2	300	2	302																													-2	248	-2	230													-2	236	-2	224													-2	218	-2	220																																																									-2	270	-2	270	-2	264	-2	270
167	ae	Ae	2	212	2	202			-2	302	-2	298	-2	296							2	304																																																																																																																									2	272	2	272	2	266	2	272
168	eei	Eei	2	214	2	204					2	300	2	298			-2	302	-2	298	-2	302																																																																																									-2	292	-2	284	-2	286	-2	278									-2	284	-2	280	-2	278	-2	274									-2	270	-2	270	-2	264	-2	270
169	Oyi	oui	2	216	2	206	2	302	2	304	2	302	2	300					-2	296	-2	300																																																																																																															-2	272													-2	262	-2	268
171	Ea	ea	2	218	2	208					-2	300	-2	298			2	304	2	298	2	302																																													-2	234	-2	222													-2	216	-2	218																																																																
172	AyO	Auo			2	210	2	304	2	306	2	302	2	300					-2	296	-2	300																											-2	276	-2	246	-2	228											-2	278	-2	232	-2	220											-2	274	-2	214	-2	216																																																																
172	Apriori	Id(Bk)Syl1>>Id(Bk)	2	220																																																																																																																																																			
174	aiu	Aiu	2	222	2	212			-2	304	-2	300	-2	298							2	302																															-2	226															-2	218																																																																													2	264	2	270
175	ooa	Ooa	2	224	2	214	-2	302	-2	302	-2	298	-2	296					2	298	2	304									-2	292	-2	288	-2	274	-2	270									-2	286	-2	274	-2	244	-2	224									-2	288	-2	276	-2	230	-2	216									-2	286	-2	272	-2	212	-2	214																																																																
176	AAe	Aae			2	216			2	304	2	300	2	298							-2	302																													-2	242	-2	222													-2	228	-2	214													-2	210	-2	212																																																									-2	268	-2	268	-2	262	-2	268
176	Apriori	Id(Bk)Syl1>>Id(Bk)	2	226																																																																																																																																																			
179	oou	Oou	2	228	2	218	-2	300	-2	302	-2	298	-2	296					2	300	2	304									-2	290	-2	286	-2	272	-2	268									-2	284	-2	272	-2	240	-2	220									-2	286	-2	274	-2	226	-2	212									-2	284	-2	270	-2	208	-2	210																																																																
180	OOe	Ooe			2	220	2	302	2	304	2	300	2	298					-2	298	-2	302									-2	288	-2	284	-2	270	-2	266									-2	282	-2	270	-2	238	-2	218									-2	284	-2	272	-2	224	-2	210									-2	282	-2	268	-2	206	-2	208																																									-2	282	-2	278	-2	276	-2	270									-2	266	-2	266	-2	260	-2	266
180	Apriori	Id(Bk)Syl1>>Id(Bk)	2	230																																																																																																																																																			
183	aIE	aie			2	222					-2	298	-2	296	2	308	2	306	2	300	2	304																																																																																																																											-2	264	-2	258	-2	264
183	Apriori	Id(Bk)Syl1>>Id(Bk)	2	232																																																																																																																																																			
184	Ayi	aui	2	234	2	224			2	306	2	300	2	298							-2	302																																																																																																																													-2	256	-2	262
185	uuu	yuu	2	236	2	226			-2	304	-2	298	-2	296							2	304																													-2	236	-2	216													-2	222	-2	208													-2	204	-2	206																																																																
187	eAi	eai			2	228			2	306	2	300	2	298							-2	302																																													-2	220	-2	206													-2	202	-2	204																																																													-2	254	-2	260
187	Apriori	Id(Bk)Syl1>>Id(Bk)	2	238																																																																																																																																																			
189	yye	yue			2	230			2	308	2	302	2	300							-2	300																													-2	234	-2	214													-2	218	-2	204													-2	200	-2	202																																																									-2	264	-2	262	-2	252	-2	258
189	Apriori	Id(Bk)Syl1>>Id(Bk)	2	240																																																																																																																																																			
191	eou	Eou	2	242	2	232					2	304	2	302			-2	304	-2	298	-2	298																																									2	286	2	274	2	220	2	206									2	284	2	270	2	202	2	204																																																																
192	uoE	uoe			2	234					-2	302	-2	300			2	306	2	300	2	300																																																																																																									-2	280	-2	276	-2	274	-2	268									-2	262	-2	260	-2	250	-2	256
192	Apriori	Id(Bk)Syl1>>Id(Bk)	2	244																																																																																																																																																			
204	aee	Aee	2	246	2	236			-2	306	-2	300	-2	298							2	302																																																																																																																									2	264	2	262	2	252	2	258
206	oau	Oau	2	248	2	238	-2	300	-2	304	-2	298	-2	296					2	302	2	304													-2	268	-2	264													-2	232	-2	212													-2	218	-2	204													-2	200	-2	202																																																																
207	ao	Ao	2	250	2	240			-2	302	-2	296	-2	294							2	306																									-2	280	-2	268	-2	230	-2	210									-2	284	-2	272	-2	216	-2	202									-2	282	-2	268	-2	198	-2	200																																																																
208	eeO	eeo			2	242	2	302	2	304	2	298	2	296					-2	300	-2	304																																									-2	282	-2	270	-2	214	-2	200									-2	280	-2	266	-2	196	-2	198																																																																
208	Apriori	Id(Bk)Syl1>>Id(Bk)	2	252																																																																																																																																																			
209	eyy	Euu	2	254	2	244			2	306	2	300	2	298			-2	304	-2	298	-2	302																																																																																																																																
215	iE	ie			2	246					-2	298	-2	296			2	306	2	300	2	304																																																					2	306	2	306	2	282	2	268	2	198	2	200																																																																
215	Apriori	Id(Bk)Syl1>>Id(Bk)	2	256																																																																																																																																																			
216	Aiy	Aiu			2	248			2	308	2	300	2	298							-2	302																															-2	208															-2	198													-2	196	-2	198																																																																
216	Apriori	Id(Bk)Syl1>>Id(Bk)	2	258																																																																																																																																																			
218	eue	Eue	2	260	2	250					2	302	2	300			-2	304	-2	298	-2	300																																													2	216	2	200													2	198	2	200																											-2	282			-2	276											-2	274			-2	266											-2	260			-2	256
221	oaE	Oae	2	262	2	252	-2	300	-2	306	-2	300	-2	298			2	306	2	300	2	302													-2	266	-2	262													-2	228	-2	206													-2	214	-2	198													-2	196	-2	198																																																									-2	262	-2	258	-2	250	-2	254
223	aoE	Aoe	2	264	2	254			-2	304	-2	298	-2	296			2	308	2	302	2	304																									-2	278	-2	266	-2	226	-2	204									-2	280	-2	268	-2	212	-2	196									-2	280	-2	266	-2	194	-2	196																																									-2	278	-2	272	-2	272	-2	264									-2	260	-2	256	-2	248	-2	252
224	Aye	Aue			2	256			2	306	2	300	2	298							-2	302																													-2	224	-2	202													-2	210	-2	194													-2	192	-2	194																																																									-2	258	-2	254	-2	246	-2	250
224	Apriori	Id(Bk)Syl1>>Id(Bk)	2	266																																																																																																																																																			
225	aia	Aia	2	268	2	258			-2	304	-2	298	-2	296							2	304																															-2	200															-2	192																																																																													2	248	2	252
226	yAy	yau			2	260			2	306	2	300	2	298							-2	302																													-2	222	-2	198													-2	208	-2	190													-2	190	-2	192																																																																
226	Apriori	Id(Bk)Syl1>>Id(Bk)	2	270																																																																																																																																																			
227	eeu	Eeu	2	272	2	262					2	302	2	300			-2	306	-2	300	-2	300																																																																																									-2	290	-2	280	-2	284	-2	274									-2	276	-2	270	-2	270	-2	262									-2	256	-2	252	-2	246	-2	250
228	eoo	Eoo	2	274	2	264					2	304	2	302			-2	304	-2	298	-2	298																																									2	282	2	270	2	210	2	192									2	282	2	268	2	192	2	194																																																																
233	aoi	Aoi	2	276	2	266			-2	304	-2	302	-2	300							2	300																									-2	276	-2	264	-2	220	-2	196									-2	280	-2	268	-2	208	-2	190									-2	280	-2	266	-2	190	-2	192																																																															2	252
235	uo	yo	2	278	2	268			-2	302	-2	300	-2	298							2	302																									-2	274	-2	262	-2	218	-2	194									-2	278	-2	266	-2	206	-2	188									-2	278	-2	264	-2	188	-2	190																																																																
236	uOO	uoo			2	270	2	302	2	304	2	302	2	300					-2	296	-2	300																																																																																																																	2	302	2	302	2	304	2	304	2	258	2	254	2	248	2	254
236	Apriori	Id(Bk)Syl1>>Id(Bk)	2	280																																																																																																																																																			
238	oo	Oo	2	282	2	272	-2	300	-2	302	-2	300	-2	298					2	298	2	302									-2	286	-2	282	-2	264	-2	260									-2	272	-2	260	-2	216	-2	192									-2	276	-2	264	-2	204	-2	186									-2	276	-2	262	-2	186	-2	188																																																																
239	eio	Eio	2	284	2	274					2	302	2	300			-2	302	-2	296	-2	300																																											2	266			2	188																																													-2	282	-2	272													-2	268	-2	260													-2	246	-2	252
240	Ea	ea	2	286	2	276					-2	300	-2	298			2	304	2	298	2	302																																													-2	202	-2	186													-2	184	-2	186																																																																
241	ea	Ea	2	288	2	278					2	302	2	300			-2	302	-2	296	-2	300																																													2	204	2	188													2	186	2	188																																																																
242	aE	ae			2	280					-2	300	-2	298			2	304	2	298	2	302																																																																																																																									-2	256	-2	252	-2	244	-2	250
242	Apriori	Id(Bk)Syl1>>Id(Bk)	2	290																																																																																																																																																			
244	OOe	ooe	2	292	2	282	2	302	2	304	2	302	2	300					-2	296	-2	300																																																																																																									-2	274	-2	268	-2	266	-2	258									-2	254	-2	250	-2	242	-2	248
245	eei	Eei	2	294	2	284					2	304	2	302			-2	302	-2	294	-2	298																																																																																									-2	288	-2	278	-2	280	-2	270									-2	272	-2	266	-2	264	-2	256									-2	252	-2	248	-2	240	-2	246
251	aEa	aea			2	286					-2	302	-2	300			2	304	2	296	2	300																																													-2	202	-2	186													-2	184	-2	186																																																									-2	250	-2	246	-2	238	-2	244
251	Apriori	Id(Bk)Syl1>>Id(Bk)	2	296																																																																																																																																																			
252	EEu	Eeu			2	288					-2	300	-2	298			2	306	2	298	2	302																																													-2	200	-2	184													-2	182	-2	184																									-2	286	-2	276	-2	278	-2	268									-2	270	-2	264	-2	262	-2	254									-2	248	-2	244	-2	236	-2	242
252	Apriori	Id(Bk)Syl1>>Id(Bk)	2	298																																																																																																																																																			
254	uui	yui	2	300	2	290			-2	302	-2	298	-2	296							2	304																													-2	214	-2	190													-2	198	-2	182													-2	180	-2	182																																																															2	244
255	eyA	Eua	2	302	2	292			2	304	2	300	2	298			-2	304	-2	296	-2	302																																																																																																																																
257	eii	Eii	2	304	2	294					2	302	2	300			-2	302	-2	294	-2	300																																																																																													-2	276	-2	266													-2	260	-2	252													-2	234	-2	242
258	EuE	Eue			2	296					-2	300	-2	298			2	304	2	296	2	302																																																																																											-2	274			-2	264											-2	262			-2	250									-2	246	-2	242	-2	232	-2	240
258	Apriori	Id(Bk)Syl1>>Id(Bk)	2	306																																																																																																																																																			
259	ee	Ee	2	308	2	298					2	302	2	300			-2	302	-2	294	-2	300																																																																																									-2	284	-2	272	-2	274	-2	262									-2	268	-2	260	-2	258	-2	248									-2	244	-2	240	-2	230	-2	238
266	aEE	Aee	2	310	2	300			-2	302	-2	300	-2	298			2	304	2	296	2	302																																																																																																																																
267	Oyy	Ouu			2	302			2	304	2	302	2	300							-2	300													-2	262	-2	258													-2	212	-2	188													-2	196	-2	180													-2	178	-2	180																																																																
267	Apriori	Id(Bk)Syl1>>Id(Bk)	2	312																																																																																																																																																			
268	oEu	oeu			2	304					-2	300	-2	298			2	306	2	298	2	302																																													-2	194	-2	178													-2	176	-2	178																																									-2	266	-2	258	-2	256	-2	246									-2	242	-2	238	-2	228	-2	236
268	Apriori	Id(Bk)Syl1>>Id(Bk)	2	314																																																																																																																																																			
275	Eiy	Eiu			2	306			2	306	2	302	2	300							-2	300																																																													-2	174	-2	176																							2	302			2	274											2	304			2	260											2	306			2	240				
275	Apriori	Id(Bk)Syl1>>Id(Bk)	2	316																																																																																																																																																			
459	yAe	yae			2	308			2	308	2	304	2	302							-2	298																													-2	210	-2	186													-2	192	-2	176													-2	172	-2	174																																																									-2	240	-2	238	-2	226	-2	234
459	Apriori	Id(Bk)Syl1>>Id(Bk)	2	318																																																																																																																																																			
621	yE	ye			2	310					-2	302	-2	300			2	308	2	300	2	300																					2	302	2	302	2	274	2	262	2	212	2	188					2	302	2	302	2	278	2	268	2	194	2	178					2	308	2	308	2	278	2	264	2	174	2	176																																																																
621	Apriori	Id(Bk)Syl1>>Id(Bk)	2	320																																																																																																																																																			
2800	uEi	uei			2	312					-2	300	-2	298			2	310	2	302	2	302																																																																																													2	276	2	264													2	258	2	248									-2	238	-2	236			2	236
2800	Apriori	Id(Bk)Syl1>>Id(Bk)	2	322																																																																																																																																																			
10700	EeO	Eeo			0.02	312.02	0.02	302.02	0.02	308.02	0.02	300.02	0.02	298.02					-0.02	301.98	-0.02	301.98																																									-0.02	277.98	-0.02	267.98	-0.02	193.98	-0.02	177.98									-0.02	277.98	-0.02	263.98	-0.02	173.98	-0.02	175.98																			0.02	300.02			0.02	302.02											0.02	300.02			0.02	304.02											0.02	302.02			0.02	306.02								
10700	Apriori	Id(Bk)Syl1>>Id(Bk)	0.01999999999998181	322.02																																																																																																																																																			
17808	eAi	eai			0.002	312.022			0.002	308.022	0.002	300.022	0.002	298.022							-0.002	301.978																																													-0.002	193.97799999999998	-0.002	177.97799999999998													-0.002	173.97799999999998	-0.002	175.97799999999998																																																													-0.002	225.998	-0.002	235.998
17808	Apriori	Id(Bk)Syl1>>Id(Bk)	0.0020000000000095497	322.022																																																																																																																																																			
TOTAL				322.022		312.022		302.02		308.022		300.022		298.022		308		310		301.98		301.978		300		300		300		300		286		282		262		258		300		300		302		302		274		262		212		188		300		300		302		302		277.98		267.98		193.97799999999998		177.97799999999998		300		300		308		308		277.98		263.98		173.97799999999998		175.97799999999998		300		300		300		300		300		300		300		300		300		300.02		300		302.02		284		274		276		264		300		300.02		302		304.02		266		260		258		248		302		302.02		304		306.02		238		236		225.998		235.998
