trialnum	Generated	Heard	Id(Bk)Syl1	now	Id(Bk)	now	*F1	now	*F3	now	*F4	now	*F5	now	*B1	now	*B2	now	*B3	now	*B5	now	*F1_B1	now	*F1..._B1	now	*F1_B2	now	*F1..._B2	now	*F1_B3	now	*F1..._B3	now	*F1_B5	now	*F1..._B5	now	*F3_B1	now	*F3..._B1	now	*F3_B2	now	*F3..._B2	now	*F3_B3	now	*F3..._B3	now	*F3_B5	now	*F3..._B5	now	*F4_B1	now	*F4..._B1	now	*F4_B2	now	*F4..._B2	now	*F4_B3	now	*F4..._B3	now	*F4_B5	now	*F4..._B5	now	*F5_B1	now	*F5..._B1	now	*F5_B2	now	*F5..._B2	now	*F5_B3	now	*F5..._B3	now	*F5_B5	now	*F5..._B5	now	*_B1F1	now	*_B1...F1	now	*_B1F3	now	*_B1...F3	now	*_B1F4	now	*_B1...F4	now	*_B1F5	now	*_B1...F5	now	*_B2F1	now	*_B2...F1	now	*_B2F3	now	*_B2...F3	now	*_B2F4	now	*_B2...F4	now	*_B2F5	now	*_B2...F5	now	*_B3F1	now	*_B3...F1	now	*_B3F3	now	*_B3...F3	now	*_B3F4	now	*_B3...F4	now	*_B3F5	now	*_B3...F5	now	*_B5F1	now	*_B5...F1	now	*_B5F3	now	*_B5...F3	now	*_B5F4	now	*_B5...F4	now	*_B5F5	now	*_B5...F5	now
				0		0		178.8		238.24		292.2		346.32		150.0		150.0		178.88		237.9		150.0		150.0		150.0		150.0		150.0		150.0		150.0		150.0		150.0		150.0		150.0		150.0		150.0		150.0		150.0		150.0		150.0		150.0		150.0		150.0		153.74		155.2		161.28		165.44		150.0		150.0		150.0		150.0		157.26		159.46		172.48		178.76		150.0		150.0		150.0		150.0		150.0		150.0		150.0		150.0		150.0		150.0		150.0		150.0		150.0		150.0		150.0		150.0		150.0		150.0		150.0		150.0		153.16		154.6		157.38		159.42		150.0		150.0		150.0		150.0		161.04		165.56		172.82		179.54
0	Apriori	Id(Bk)Syl1>>Id(Bk)	30	30																																																																																																																																																		
1	aEo	AeO	2	32	0	0	-2	176.8	-2	236.24	-2	290.2	-2	344.32			2	152.0	2	180.88	2	239.9																																																																																																																																
2	auo	AyO	2	34	0	0	-2	174.8	-2	234.24	-2	288.2	-2	342.32					2	182.88	2	241.9																																																																																																																																
3	IEI	iei	2	36	0	0					-2	286.2	-2	340.32	2	152.0	2	154.0	2	184.88	2	243.9																																																																																																																																
4	oEo	OeO	2	38	0	0	-2	172.8	-2	232.24	-2	284.2	-2	338.32			2	156.0	2	186.88	2	245.9																																																																																																																																
5	oou	OOy	2	40	0	0	-2	170.8	-2	230.24	-2	282.2	-2	336.32					2	188.88	2	247.9																																																																																																																																
6	IE	ie	2	42	0	0					-2	280.2	-2	334.32	2	154.0	2	158.0	2	190.88	2	249.9																																																																																																																																
7	aaE	aae			2	2					-2	278.2	-2	332.32			2	160.0	2	192.88	2	251.9																																																																																																																									-2	159.04	-2	163.56	-2	170.82	-2	177.54
8	Eoa	eoa	2	44	0	2					-2	276.2	-2	330.32			2	162.0	2	194.88	2	253.9																																									-2	151.74	-2	153.2	-2	159.28	-2	163.44									-2	155.26	-2	157.46	-2	170.48	-2	176.76																																																																
9	auE	aue			2	4					-2	274.2	-2	328.32			2	164.0	2	196.88	2	255.9																																																																																																																									-2	157.04	-2	161.56	-2	168.82	-2	175.54
10	IE	ie	2	46	0	4					-2	272.2	-2	326.32	2	156.0	2	166.0	2	198.88	2	257.9																																																																																																																																
11	auE	aue			2	6					-2	270.2	-2	324.32			2	168.0	2	200.88	2	259.9																																																																																																																									-2	155.04	-2	159.56	-2	166.82	-2	173.54
12	EoE	eoe	2	48	0	6					-2	268.2	-2	322.32			2	170.0	2	202.88	2	261.9																																									-2	149.74	-2	151.2	-2	157.28	-2	161.44									-2	153.26	-2	155.46	-2	168.48	-2	174.76																																									-2	151.16	-2	152.6	-2	155.38	-2	157.42									-2	153.04	-2	157.56	-2	164.82	-2	171.54
13	au	Ay	2	50	0	6			-2	228.24	-2	266.2	-2	320.32							2	263.9																																																																																																																																
14	aa	AA	2	52	0	6			-2	226.24	-2	264.2	-2	318.32							2	265.9																																																																																																																																
15	oI	Oi	2	54	0	6	-2	168.8	-2	224.24	-2	262.2	-2	316.32	2	158.0	2	172.0	2	204.88	2	267.9																																																																																																																																
17	aIo	AiO	2	56	0	6	-2	166.8	-2	222.24	-2	260.2	-2	314.32	2	160.0	2	174.0	2	206.88	2	269.9																																																																																																																																
18	Eou	eou	2	58	0	6					-2	258.2	-2	312.32			2	176.0	2	208.88	2	271.9																																									-2	147.74	-2	149.2	-2	155.28	-2	159.44									-2	151.26	-2	153.46	-2	166.48	-2	172.76																																																																
19	EIo	eiO	2	60	0	6	-2	164.8	-2	220.24	-2	256.2	-2	310.32	2	162.0	2	178.0	2	210.88	2	273.9																																																																																																																																
20	ooa	OOA	2	62	0	6	-2	162.8	-2	218.24	-2	254.2	-2	308.32					2	212.88	2	275.9																																																																																																																																
21	Eau	eAy	2	64	0	6			-2	216.24	-2	252.2	-2	306.32			2	180.0	2	214.88	2	277.9																																																																																																																																
22	ua	yA	2	66	0	6			-2	214.24	-2	250.2	-2	304.32							2	279.9																																																																																																																																
24	uoE	yOe	2	68	0	6	-2	160.8	-2	212.24	-2	248.2	-2	302.32			2	182.0	2	216.88	2	281.9																																																																																																																																
25	aE	Ae	2	70	0	6			-2	210.24	-2	246.2	-2	300.32			2	184.0	2	218.88	2	283.9																																																																																																																																
26	oIa	OiA	2	72	0	6	-2	158.8	-2	208.24	-2	244.2	-2	298.32	2	164.0	2	186.0	2	220.88	2	285.9																																																																																																																																
27	oEE	oee			2	8					-2	242.2	-2	296.32			2	188.0	2	222.88	2	287.9																																																																																																									-2	149.16	-2	150.6	-2	153.38	-2	155.42									-2	151.04	-2	155.56	-2	162.82	-2	169.54
28	ao	AO	2	74	0	8	-2	156.8	-2	206.24	-2	240.2	-2	294.32					2	224.88	2	289.9																																																																																																																																
29	aoE	AOe	2	76	0	8	-2	154.8	-2	204.24	-2	238.2	-2	292.32			2	190.0	2	226.88	2	291.9																																																																																																																																
30	oIa	oia			2	10							-2	290.32	2	166.0	2	192.0	2	228.88	2	293.9																																																													-2	164.48	-2	170.76																																													-2	151.38	-2	153.42													-2	160.82	-2	167.54
32	yAy	uau	2	78	0	10			2	206.24	2	240.2	2	292.32							-2	291.9																																																																																																																																
33	AOe	aoe	2	80	0	10	2	156.8	2	208.24	2	242.2	2	294.32					-2	226.88	-2	289.9																																																																																																									-2	147.16	-2	148.6	-2	149.38	-2	151.42									-2	149.04	-2	153.56	-2	158.82	-2	165.54
34	ooa	OOA	2	82	0	10	-2	154.8	-2	206.24	-2	240.2	-2	292.32					2	228.88	2	291.9																																																																																																																																
35	Ay	au	2	84	0	10			2	208.24	2	242.2	2	294.32							-2	289.9																																																																																																																																
36	aI	ai			2	12							-2	292.32	2	168.0	2	194.0	2	230.88	2	291.9																																																																																																																													-2	156.82	-2	163.54
38	AOe	aoe	2	86	0	12	2	156.8	2	210.24	2	244.2	2	294.32					-2	228.88	-2	289.9																																																																																																									-2	145.16	-2	146.6	-2	147.38	-2	149.42									-2	147.04	-2	151.56	-2	154.82	-2	161.54
39	uua	yyA	2	88	0	12			-2	208.24	-2	242.2	-2	292.32							2	291.9																																																																																																																																
40	Iuu	iyy	2	90	0	12			-2	206.24	-2	240.2	-2	290.32	2	170.0	2	196.0	2	230.88	2	293.9																																																																																																																																
41	eiO	eio			2	14	2	158.8	2	208.24	2	242.2	2	292.32					-2	228.88	-2	291.9																																											-2	147.2			-2	157.44									-2	149.26	-2	151.46	-2	162.48	-2	168.76																																																																
42	Iuu	iuu	2	92	0	14							-2	290.32	2	172.0	2	198.0	2	230.88	2	293.9																																																													-2	160.48	-2	166.76																																																																
43	Oe	oe	2	94	0	14	2	160.8	2	210.24	2	244.2	2	292.32					-2	228.88	-2	291.9																																																																																																									-2	143.16	-2	144.6	-2	145.38	-2	147.42									-2	145.04	-2	149.56	-2	152.82	-2	159.54
44	oaa	OAA	2	96	0	14	-2	158.8	-2	208.24	-2	242.2	-2	290.32					2	230.88	2	293.9																																																																																																																																
46	OAy	oau	2	98	0	14	2	160.8	2	210.24	2	244.2	2	292.32					-2	228.88	-2	291.9																																																																																																																																
47	AOO	aoo	2	100	0	14	2	162.8	2	212.24	2	246.2	2	294.32					-2	226.88	-2	289.9																																																																																																																																
49	yye	uue	2	102	0	14			2	214.24	2	248.2	2	296.32							-2	287.9																																																																																																																									-2	143.04	-2	147.56	-2	150.82	-2	157.54
50	aEE	aee			2	16					-2	246.2	-2	294.32			2	200.0	2	228.88	2	289.9																																																																																																																									-2	141.04	-2	145.56	-2	148.82	-2	155.54
51	uuE	yye	2	104	0	16			-2	212.24	-2	244.2	-2	292.32			2	202.0	2	230.88	2	291.9																																																																																																																																
52	uou	yOy	2	106	0	16	-2	160.8	-2	210.24	-2	242.2	-2	290.32					2	232.88	2	293.9																																																																																																																																
53	uEE	uee			2	18					-2	240.2	-2	288.32			2	204.0	2	234.88	2	295.9																																																																																																																									-2	139.04	-2	143.56	-2	146.82	-2	153.54
54	eiy	eiu			2	20			2	212.24	2	242.2	2	290.32							-2	293.9																																															-2	155.44													-2	158.48	-2	164.76																																																																
55	eOO	eoo			2	22	2	162.8	2	214.24	2	244.2	2	292.32					-2	232.88	-2	291.9																																									-2	145.74	-2	145.2	-2	153.28	-2	153.44									-2	147.26	-2	149.46	-2	156.48	-2	162.76																																																																
56	yAe	uae	2	108	0	22			2	216.24	2	246.2	2	294.32							-2	289.9																																																																																																																									-2	137.04	-2	141.56	-2	144.82	-2	151.54
57	oIu	Oiy	2	110	0	22	-2	160.8	-2	214.24	-2	244.2	-2	292.32	2	174.0	2	206.0	2	234.88	2	291.9																																																																																																																																
58	aoI	aoi			2	24							-2	290.32	2	176.0	2	208.0	2	236.88	2	293.9																																																																																																													-2	143.38	-2	145.42													-2	142.82	-2	149.54
60	OAA	oaa	2	112	0	24	2	162.8	2	216.24	2	246.2	2	292.32					-2	234.88	-2	291.9																																																																																																																																
61	yiA	uia	2	114	0	24			2	218.24	2	248.2	2	294.32							-2	289.9																																																													-2	154.48	-2	160.76																																																													-2	140.82	-2	147.54
63	Eao	eao	2	116	0	24					-2	246.2	-2	292.32			2	210.0	2	236.88	2	291.9																																											-2	143.2	-2	151.28	-2	151.44											-2	147.46	-2	152.48	-2	158.76																																																																
64	AO	ao	2	118	0	24	2	164.8	2	220.24	2	248.2	2	294.32					-2	234.88	-2	289.9																																																																																																																																
65	Eu	ey	2	120	0	24			-2	218.24	-2	246.2	-2	292.32			2	212.0	2	236.88	2	291.9																																																																																																																																
66	uEu	ueu			2	26					-2	244.2	-2	290.32			2	214.0	2	238.88	2	293.9																																													-2	149.28	-2	149.44													-2	150.48	-2	156.76																																																									-2	135.04	-2	139.56	-2	138.82	-2	145.54
67	yey	ueu	2	122	0	26			2	220.24	2	246.2	2	292.32							-2	291.9																																													-2	147.28	-2	147.44													-2	148.48	-2	154.76																																																									-2	133.04	-2	137.56	-2	136.82	-2	143.54
68	IIo	iio	2	124	0	26							-2	290.32	2	178.0	2	216.0	2	240.88	2	293.9																																																									-2	145.26	-2	145.46	-2	146.48	-2	152.76																																																																
69	eeA	eea			2	28			2	222.24	2	248.2	2	292.32							-2	291.9																																													-2	145.28	-2	145.44													-2	144.48	-2	150.76																																																																
72	EuE	eye	2	126	0	28			-2	220.24	-2	246.2	-2	290.32			2	218.0	2	242.88	2	293.9																																																																																																																																
74	iiy	iiu			2	30			2	222.24	2	248.2	2	292.32							-2	291.9																																																													-2	142.48	-2	148.76																																																																
76	EIu	eiy	2	128	0	30			-2	220.24	-2	246.2	-2	290.32	2	180.0	2	220.0	2	244.88	2	293.9																																																																																																																																
79	OyA	oua	2	130	0	30	2	166.8	2	222.24	2	248.2	2	292.32					-2	242.88	-2	291.9																																																																																																																																
80	yyO	uuo	2	132	0	30	2	168.8	2	224.24	2	250.2	2	294.32					-2	240.88	-2	289.9																																																																																																																																
81	oao	OAO	2	134	0	30	-2	166.8	-2	222.24	-2	248.2	-2	292.32					2	242.88	2	291.9																																																																																																																																
84	aIo	AiO	2	136	0	30	-2	164.8	-2	220.24	-2	246.2	-2	290.32	2	182.0	2	222.0	2	244.88	2	293.9																																																																																																																																
85	yey	ueu	2	138	0	30			2	222.24	2	248.2	2	292.32							-2	291.9																																													-2	143.28	-2	143.44													-2	140.48	-2	146.76																																																									-2	131.04	-2	135.56	-2	134.82	-2	141.54
88	aIu	Aiy	2	140	0	30			-2	220.24	-2	246.2	-2	290.32	2	184.0	2	224.0	2	246.88	2	293.9																																																																																																																																
89	yy	uu	2	142	0	30			2	222.24	2	248.2	2	292.32							-2	291.9																																																																																																																																
91	Euo	eyO	2	144	0	30	-2	162.8	-2	220.24	-2	246.2	-2	290.32			2	226.0	2	248.88	2	293.9																																																																																																																																
98	AeA	aea	2	146	0	30			2	222.24	2	248.2	2	292.32							-2	291.9																																													-2	141.28	-2	141.44													-2	138.48	-2	144.76																																																									-2	129.04	-2	133.56	-2	132.82	-2	139.54
102	uEE	yee	2	148	0	30			-2	220.24	-2	246.2	-2	290.32			2	228.0	2	250.88	2	293.9																																																																																																																																
105	OiA	oia	2	150	0	30	2	164.8	2	222.24	2	248.2	2	292.32					-2	248.88	-2	291.9																																																													-2	136.48	-2	142.76																																													-2	141.38	-2	143.42													-2	130.82	-2	137.54
106	aua	AyA	2	152	0	30			-2	220.24	-2	246.2	-2	290.32							2	293.9																																																																																																																																
108	OAe	oae	2	154	0	30	2	166.8	2	222.24	2	248.2	2	292.32					-2	246.88	-2	291.9																																																																																																											-2	142.6			-2	141.42									-2	127.03999999999999	-2	131.56	-2	128.82	-2	135.54
113	iiO	iio			2	32	2	168.8	2	224.24	2	250.2	2	294.32					-2	244.88	-2	289.9																																																									-2	143.26	-2	143.46	-2	134.48	-2	140.76																																																																
114	aI	Ai	2	156	0	32			-2	222.24	-2	248.2	-2	292.32	2	186.0	2	230.0	2	246.88	2	291.9																																																																																																																																
115	IEu	iey	2	158	0	32			-2	220.24	-2	246.2	-2	290.32	2	188.0	2	232.0	2	248.88	2	293.9																																																																																																																																
116	oEo	oeo			2	34					-2	244.2	-2	288.32			2	234.0	2	250.88	2	295.9																																									-2	143.74	-2	141.2	-2	139.28	-2	139.44									-2	141.26	-2	141.46	-2	132.48	-2	138.76																																									-2	141.16	-2	140.6	-2	139.38	-2	139.42									-2	125.03999999999999	-2	129.56	-2	126.82	-2	133.54
117	eA	ea			2	36			2	222.24	2	246.2	2	290.32							-2	293.9																																													-2	137.28	-2	137.44													-2	130.48	-2	136.76																																																																
118	yA	ua	2	160	0	36			2	224.24	2	248.2	2	292.32							-2	291.9																																																																																																																																
119	uaI	yAi	2	162	0	36			-2	222.24	-2	246.2	-2	290.32	2	190.0	2	236.0	2	252.88	2	293.9																																																																																																																																
120	Eoa	eOA	2	164	0	36	-2	166.8	-2	220.24	-2	244.2	-2	288.32			2	238.0	2	254.88	2	295.9																																																																																																																																
121	eOy	eou			2	38	2	168.8	2	222.24	2	246.2	2	290.32					-2	252.88	-2	293.9																																									-2	141.74	-2	139.2	-2	135.28	-2	135.44									-2	139.26	-2	139.46	-2	128.48	-2	134.76																																																																
122	yOi	uoi	2	166	0	38	2	170.8	2	224.24	2	248.2	2	292.32					-2	250.88	-2	291.9																																																																																																													-2	137.38	-2	137.42													-2	124.82	-2	131.54
123	Iuo	iyO	2	168	0	38	-2	168.8	-2	222.24	-2	246.2	-2	290.32	2	192.0	2	240.0	2	252.88	2	293.9																																																																																																																																
129	EEo	eeo	2	170	0	38					-2	244.2	-2	288.32			2	242.0	2	254.88	2	295.9																																									-2	139.74	-2	137.2	-2	133.28	-2	133.44									-2	137.26	-2	137.46	-2	126.47999999999999	-2	132.76																																																																
131	eeA	eea			2	40			2	224.24	2	246.2	2	290.32							-2	293.9																																													-2	131.28	-2	131.44													-2	124.47999999999999	-2	130.76																																																																
133	OOe	ooe	2	172	0	40	2	170.8	2	226.24	2	248.2	2	292.32					-2	252.88	-2	291.9																																																																																																									-2	139.16	-2	138.6	-2	135.38	-2	135.42									-2	123.03999999999999	-2	127.56	-2	122.82	-2	129.54
134	Eo	eo	2	174	0	40					-2	246.2	-2	290.32			2	244.0	2	254.88	2	293.9																																									-2	137.74	-2	135.2	-2	129.28	-2	129.44									-2	135.26	-2	135.46	-2	122.47999999999999	-2	128.76																																																																
135	iey	ieu			2	42			2	228.24	2	248.2	2	292.32							-2	291.9																																													-2	127.28	-2	127.44													-2	120.47999999999999	-2	126.75999999999999																																																																
136	EII	eii	2	176	0	42					-2	246.2	-2	290.32	2	194.0	2	246.0	2	256.88	2	293.9																																																																																																																																
138	eAe	eae			2	44			2	230.24	2	248.2	2	292.32							-2	291.9																																													-2	125.28	-2	125.44													-2	118.47999999999999	-2	124.75999999999999																																																									-2	121.03999999999999	-2	125.56	-2	120.82	-2	127.53999999999999
139	uua	yyA	2	178	0	44			-2	228.24	-2	246.2	-2	290.32							2	293.9																																																																																																																																
141	Oy	ou	2	180	0	44	2	172.8	2	230.24	2	248.2	2	292.32					-2	254.88	-2	291.9																																																																																																																																
142	Euu	eyy	2	182	0	44			-2	228.24	-2	246.2	-2	290.32			2	248.0	2	256.88	2	293.9																																																																																																																																
143	yeO	ueo	2	184	0	44	2	174.8	2	230.24	2	248.2	2	292.32					-2	254.88	-2	291.9																																									-2	135.74	-2	133.2	-2	123.28	-2	123.44									-2	133.26	-2	133.46	-2	116.47999999999999	-2	122.75999999999999																																																									-2	119.03999999999999	-2	123.56	-2	118.82	-2	125.53999999999999
144	oIu	oiu			2	46							-2	290.32	2	196.0	2	250.0	2	256.88	2	293.9																																																													-2	114.47999999999999	-2	120.75999999999999																																													-2	133.38	-2	133.42													-2	116.82	-2	123.53999999999999
146	Ay	au	2	186	0	46			2	232.24	2	250.2	2	292.32							-2	291.9																																																																																																																																
148	iO	io			2	48	2	176.8	2	234.24	2	252.2	2	294.32					-2	254.88	-2	289.9																																																									-2	131.26	-2	131.46	-2	112.47999999999999	-2	118.75999999999999																																																																
149	oaE	oae			2	50					-2	250.2	-2	292.32			2	252.0	2	256.88	2	291.9																																																																																																											-2	136.6			-2	131.42									-2	117.03999999999999	-2	121.56	-2	114.82	-2	121.53999999999999
150	IIE	iie	2	188	0	50					-2	248.2	-2	290.32	2	198.0	2	254.0	2	258.88	2	293.9																																																																																																																																
152	Oye	oue	2	190	0	50	2	178.8	2	236.24	2	250.2	2	292.32					-2	256.88	-2	291.9																																																																																																											-2	134.6			-2	129.42									-2	115.03999999999999	-2	119.56	-2	112.82	-2	119.53999999999999
155	Iua	iyA	2	192	0	50			-2	234.24	-2	248.2	-2	290.32	2	200.0	2	256.0	2	258.88	2	293.9																																																																																																																																
156	yAO	uao	2	194	0	50	2	180.8	2	236.24	2	250.2	2	292.32					-2	256.88	-2	291.9																																																																																																																																
158	Ia	ia	2	196	0	50							-2	290.32	2	202.0	2	258.0	2	258.88	2	293.9																																																													-2	110.47999999999999	-2	116.75999999999999																																																																
160	AAA	aaa	2	198	0	50			2	238.24	2	252.2	2	292.32							-2	291.9																																																																																																																																
161	iO	io			2	52	2	182.8	2	240.24	2	254.2	2	294.32					-2	256.88	-2	289.9																																																									-2	129.26	-2	129.46	-2	108.47999999999999	-2	114.75999999999999																																																																
162	uIo	uio			2	54							-2	292.32	2	204.0	2	260.0	2	258.88	2	291.9																																																									-2	127.25999999999999	-2	127.46000000000001	-2	106.47999999999999	-2	112.75999999999999																																																													-2	110.82	-2	117.53999999999999
163	eyO	euo			2	56	2	184.8	2	242.24	2	256.2	2	294.32					-2	256.88	-2	289.9																																											-2	131.2	-2	121.28	-2	121.44											-2	125.46000000000001	-2	104.47999999999999	-2	110.75999999999999																																																																
164	ouI	Oyi	2	200	0	56	-2	182.8	-2	240.24	-2	254.2	-2	292.32	2	206.0	2	262.0	2	258.88	2	291.9																																																																																																																																
165	uEI	yei	2	202	0	56			-2	238.24	-2	252.2	-2	290.32	2	208.0	2	264.0	2	260.88	2	293.9																																																																																																																																
167	eey	eeu			2	58			2	240.24	2	254.2	2	292.32							-2	291.9																																													-2	119.28	-2	119.44													-2	102.47999999999999	-2	108.75999999999999																																																																
169	Iou	iOy	2	204	0	58	-2	180.8	-2	238.24	-2	252.2	-2	290.32	2	210.0	2	266.0	2	262.88	2	293.9																																																																																																																																
172	iAi	iai			2	60			2	240.24	2	254.2	2	292.32							-2	291.9																																																													-2	100.47999999999999	-2	106.75999999999999																																																													-2	108.82	-2	115.53999999999999
173	uEI	uei			2	62					-2	252.2	-2	290.32	2	212.0	2	268.0	2	264.88	2	293.9																																																																																																																									-2	113.03999999999999	-2	117.56	-2	106.82	-2	113.53999999999999
174	iiy	iiu			2	64			2	242.24	2	254.2	2	292.32							-2	291.9																																																													-2	98.47999999999999	-2	104.75999999999999																																																																
175	uuE	uue			2	66					-2	252.2	-2	290.32			2	270.0	2	266.88	2	293.9																																																																																																																									-2	111.03999999999999	-2	115.56	-2	104.82	-2	111.53999999999999
176	eAA	eaa			2	68			2	244.24	2	254.2	2	292.32							-2	291.9																																													-2	117.28	-2	117.44													-2	96.47999999999999	-2	102.75999999999999																																																																
177	AA	aa	2	206	0	68			2	246.24	2	256.2	2	294.32							-2	289.9																																																																																																																																
179	aoE	AOe	2	208	0	68	-2	178.8	-2	244.24	-2	254.2	-2	292.32			2	272.0	2	268.88	2	291.9																																																																																																																																
182	Eua	eua	2	210	0	68					-2	252.2	-2	290.32			2	274.0	2	270.88	2	293.9																																													-2	115.28	-2	115.44													-2	94.47999999999999	-2	100.75999999999999																																																																
183	iyi	iui			2	70			2	246.24	2	254.2	2	292.32							-2	291.9																																																													-2	92.47999999999999	-2	98.75999999999999																																																													-2	102.82	-2	109.53999999999999
184	eiA	eia			2	72			2	248.24	2	256.2	2	294.32							-2	289.9																																															-2	113.44													-2	90.47999999999999	-2	96.75999999999999																																																																
185	aIo	aio			2	74							-2	292.32	2	214.0	2	276.0	2	272.88	2	291.9																																																									-2	125.25999999999999	-2	123.46000000000001	-2	88.47999999999999	-2	94.75999999999999																																																													-2	100.82	-2	107.53999999999999
186	aaI	AAi	2	212	0	74			-2	246.24	-2	254.2	-2	290.32	2	216.0	2	278.0	2	274.88	2	293.9																																																																																																																																
187	iiA	iia			2	76			2	248.24	2	256.2	2	292.32							-2	291.9																																																													-2	86.47999999999999	-2	92.75999999999999																																																																
188	EIE	eie	2	214	0	76					-2	254.2	-2	290.32	2	218.0	2	280.0	2	276.88	2	293.9																																																																																																																																
190	AAe	aae	2	216	0	76			2	250.24	2	256.2	2	292.32							-2	291.9																																																																																																																									-2	109.03999999999999	-2	113.56	-2	98.82	-2	105.53999999999999
192	yA	ua	2	218	0	76			2	252.24	2	258.2	2	294.32							-2	289.9																																																																																																																																
193	uEa	yeA	2	220	0	76			-2	250.24	-2	256.2	-2	292.32			2	282.0	2	278.88	2	291.9																																																																																																																																
194	oa	OA	2	222	0	76	-2	176.8	-2	248.24	-2	254.2	-2	290.32					2	280.88	2	293.9																																																																																																																																
195	AiA	aia	2	224	0	76			2	250.24	2	256.2	2	292.32							-2	291.9																																																													-2	84.47999999999999	-2	90.75999999999999																																																													-2	96.82	-2	103.53999999999999
196	iAe	iae			2	78			2	252.24	2	258.2	2	294.32							-2	289.9																																																													-2	82.47999999999999	-2	88.75999999999999																																																									-2	107.03999999999999	-2	111.56	-2	94.82	-2	101.53999999999999
197	uIu	uiu			2	80							-2	292.32	2	220.0	2	284.0	2	282.88	2	291.9																																																													-2	80.47999999999999	-2	86.75999999999999																																																													-2	92.82	-2	99.53999999999999
198	uIu	uiu			2	82							-2	290.32	2	222.0	2	286.0	2	284.88	2	293.9																																																													-2	78.47999999999999	-2	84.75999999999999																																																													-2	90.82	-2	97.53999999999999
201	Oe	oe	2	226	0	82	2	178.8	2	254.24	2	260.2	2	292.32					-2	282.88	-2	291.9																																																																																																									-2	137.16	-2	132.6	-2	131.38	-2	127.41999999999999									-2	105.03999999999999	-2	109.56	-2	88.82	-2	95.53999999999999
202	OiA	oia	2	228	0	82	2	180.8	2	256.24	2	262.2	2	294.32					-2	280.88	-2	289.9																																																													-2	76.47999999999999	-2	82.75999999999999																																													-2	129.38	-2	125.41999999999999													-2	86.82	-2	93.53999999999999
204	Eaa	eaa	2	230	0	82					-2	260.2	-2	292.32			2	288.0	2	282.88	2	291.9																																													-2	113.28	-2	111.44													-2	74.47999999999999	-2	80.75999999999999																																																																
205	Ioo	iOO	2	232	0	82	-2	178.8	-2	254.24	-2	258.2	-2	290.32	2	224.0	2	290.0	2	284.88	2	293.9																																																																																																																																
207	eyA	eua			2	84			2	256.24	2	260.2	2	292.32							-2	291.9																																													-2	111.28	-2	109.44													-2	72.47999999999999	-2	78.75999999999999																																																																
208	uua	yyA	2	234	0	84			-2	254.24	-2	258.2	-2	290.32							2	293.9																																																																																																																																
209	oEu	Oey	2	236	0	84	-2	176.8	-2	252.24	-2	256.2	-2	288.32			2	292.0	2	286.88	2	295.9																																																																																																																																
211	iey	ieu			2	86			2	254.24	2	258.2	2	290.32							-2	293.9																																													-2	109.28	-2	107.44													-2	70.47999999999999	-2	76.75999999999999																																																																
214	eOe	eoe			2	88	2	178.8	2	256.24	2	260.2	2	292.32					-2	284.88	-2	291.9																																									-2	133.74	-2	129.2	-2	107.28	-2	105.44									-2	123.25999999999999	-2	121.46000000000001	-2	68.47999999999999	-2	74.75999999999999																																									-2	135.16	-2	130.6	-2	127.38	-2	123.41999999999999									-2	103.03999999999999	-2	107.56	-2	84.82	-2	91.53999999999999
215	ouI	Oyi	2	238	0	88	-2	176.8	-2	254.24	-2	258.2	-2	290.32	2	226.0	2	294.0	2	286.88	2	293.9																																																																																																																																
217	AAO	aao	2	240	0	88	2	178.8	2	256.24	2	260.2	2	292.32					-2	284.88	-2	291.9																																																																																																																																
218	Eu	ey	2	242	0	88			-2	254.24	-2	258.2	-2	290.32			2	296.0	2	286.88	2	293.9																																																																																																																																
219	eiO	eio			2	90	2	180.8	2	256.24	2	260.2	2	292.32					-2	284.88	-2	291.9																																											-2	127.19999999999999			-2	103.44									-2	121.25999999999999	-2	119.46000000000001	-2	66.47999999999999	-2	72.75999999999999																																																																
222	IIE	iie	2	244	0	90					-2	258.2	-2	290.32	2	228.0	2	298.0	2	286.88	2	293.9																																																																																																																																
224	Ai	ai	2	246	0	90			2	258.24	2	260.2	2	292.32							-2	291.9																																																																																																																													-2	82.82	-2	89.53999999999999
225	Oei	oei	2	248	0	90	2	182.8	2	260.24	2	262.2	2	294.32					-2	284.88	-2	289.9																																																																																																									-2	133.16	-2	128.6	-2	125.38	-2	121.41999999999999									-2	101.03999999999999	-2	105.56	-2	80.82	-2	87.53999999999999
226	aao	AAO	2	250	0	90	-2	180.8	-2	258.24	-2	260.2	-2	292.32					2	286.88	2	291.9																																																																																																																																
227	eyA	eua			2	92			2	260.24	2	262.2	2	294.32							-2	289.9																																													-2	105.28	-2	101.44													-2	64.47999999999999	-2	70.75999999999999																																																																
229	au	Ay	2	252	0	92			-2	258.24	-2	260.2	-2	292.32							2	291.9																																																																																																																																
230	yOy	uou	2	254	0	92	2	182.8	2	260.24	2	262.2	2	294.32					-2	284.88	-2	289.9																																																																																																																																
236	ea	eA			2	94			-2	258.24	-2	260.2	-2	292.32							2	291.9																																													2	107.28	2	103.44													2	66.47999999999999	2	72.75999999999999																																																																
237	aoa	AOA	2	256	0	94	-2	180.8	-2	256.24	-2	258.2	-2	290.32					2	286.88	2	293.9																																																																																																																																
239	yiy	uiu	2	258	0	94			2	258.24	2	260.2	2	292.32							-2	291.9																																																													-2	64.47999999999999	-2	70.75999999999999																																																													-2	78.82	-2	85.53999999999999
241	ioa	iOA			2	96	-2	178.8	-2	256.24	-2	258.2	-2	290.32					2	288.88	2	293.9																																																									2	123.25999999999999	2	121.46000000000001	2	66.47999999999999	2	72.75999999999999																																																																
243	iO	io			2	98	2	180.8	2	258.24	2	260.2	2	292.32					-2	286.88	-2	291.9																																																									-2	121.25999999999999	-2	119.46000000000001	-2	64.47999999999999	-2	70.75999999999999																																																																
248	oei	Oei	2	260	0	98	-2	178.8	-2	256.24	-2	258.2	-2	290.32					2	288.88	2	293.9																																																																																																									2	135.16	2	130.6	2	127.38	2	123.41999999999999									2	103.03999999999999	2	107.56	2	80.82	2	87.53999999999999
249	iiy	iiu			2	100			2	258.24	2	260.2	2	292.32							-2	291.9																																																													-2	62.47999999999999	-2	68.75999999999999																																																																
250	iou	iOy			2	102	-2	176.8	-2	256.24	-2	258.2	-2	290.32					2	290.88	2	293.9																																																									2	123.25999999999999	2	121.46000000000001	2	64.47999999999999	2	70.75999999999999																																																																
252	ui	yi	2	262	0	102			-2	254.24	-2	256.2	-2	288.32							2	295.9																																																																																																																													2	82.82	2	89.53999999999999
254	iO	io			2	104	2	178.8	2	256.24	2	258.2	2	290.32					-2	288.88	-2	293.9																																																									-2	121.25999999999999	-2	119.46000000000001	-2	62.47999999999999	-2	68.75999999999999																																																																
255	OAA	oaa	2	264	0	104	2	180.8	2	258.24	2	260.2	2	292.32					-2	286.88	-2	291.9																																																																																																																																
260	yA	ua	2	266	0	104			2	260.24	2	262.2	2	294.32							-2	289.9																																																																																																																																
263	eia	eiA			2	106			-2	258.24	-2	260.2	-2	292.32							2	291.9																																															2	105.44													2	64.47999999999999	2	70.75999999999999																																																																
264	aei	Aei	2	268	0	106			-2	256.24	-2	258.2	-2	290.32							2	293.9																																																																																																																									2	105.03999999999999	2	109.56	2	84.82	2	91.53999999999999
266	yOy	uou	2	270	0	106	2	182.8	2	258.24	2	260.2	2	292.32					-2	284.88	-2	291.9																																																																																																																																
267	ua	yA	2	272	0	106			-2	256.24	-2	258.2	-2	290.32							2	293.9																																																																																																																																
268	Oy	ou	2	274	0	106	2	184.8	2	258.24	2	260.2	2	292.32					-2	282.88	-2	291.9																																																																																																																																
269	oii	Oii	2	276	0	106	-2	182.8	-2	256.24	-2	258.2	-2	290.32					2	284.88	2	293.9																																																																																																													2	129.38	2	125.41999999999999													2	86.82	2	93.53999999999999
270	eO	eo			2	108	2	184.8	2	258.24	2	260.2	2	292.32					-2	282.88	-2	291.9																																									-2	131.74	-2	125.19999999999999	-2	105.28	-2	103.44									-2	119.25999999999999	-2	117.46000000000001	-2	62.47999999999999	-2	68.75999999999999																																																																
271	eu	ey			2	110			-2	256.24	-2	258.2	-2	290.32							2	293.9																																													2	107.28	2	105.44													2	64.47999999999999	2	70.75999999999999																																																																
274	oo	OO	2	278	0	110	-2	182.8	-2	254.24	-2	256.2	-2	288.32					2	284.88	2	295.9																																																																																																																																
278	iyy	iuu			2	112			2	256.24	2	258.2	2	290.32							-2	293.9																																																													-2	62.47999999999999	-2	68.75999999999999																																																																
279	AAA	aaa	2	280	0	112			2	258.24	2	260.2	2	292.32							-2	291.9																																																																																																																																
280	oiu	Oiy	2	282	0	112	-2	180.8	-2	256.24	-2	258.2	-2	290.32					2	286.88	2	293.9																																																													2	64.47999999999999	2	70.75999999999999																																													2	131.38	2	127.41999999999999													2	88.82	2	95.53999999999999
282	ieO	ieo			2	114	2	182.8	2	258.24	2	260.2	2	292.32					-2	284.88	-2	291.9																																									-2	129.74	-2	123.19999999999999	-2	105.28	-2	103.44									-2	117.25999999999999	-2	115.46000000000001	-2	62.47999999999999	-2	68.75999999999999																																																																
285	oie	Oie	2	284	0	114	-2	180.8	-2	256.24	-2	258.2	-2	290.32					2	286.88	2	293.9																																																																																																											2	132.6	2	133.38	2	129.42											2	111.56	2	90.82	2	97.53999999999999
286	yAe	uae	2	286	0	114			2	258.24	2	260.2	2	292.32							-2	291.9																																																																																																																									-2	103.03999999999999	-2	109.56	-2	88.82	-2	95.53999999999999
291	iiu	iiy			2	116			-2	256.24	-2	258.2	-2	290.32							2	293.9																																																													2	64.47999999999999	2	70.75999999999999																																																																
292	yeO	ueo	2	288	0	116	2	182.8	2	258.24	2	260.2	2	292.32					-2	284.88	-2	291.9																																									-2	127.74000000000001	-2	121.19999999999999	-2	103.28	-2	101.44									-2	115.25999999999999	-2	113.46000000000001	-2	62.47999999999999	-2	68.75999999999999																																																									-2	101.03999999999999	-2	107.56	-2	86.82	-2	93.53999999999999
296	iu	iy			2	118			-2	256.24	-2	258.2	-2	290.32							2	293.9																																																													2	64.47999999999999	2	70.75999999999999																																																																
297	yOe	uoe	2	290	0	118	2	184.8	2	258.24	2	260.2	2	292.32					-2	282.88	-2	291.9																																																																																																									-2	133.16	-2	130.6	-2	131.38	-2	127.41999999999999									-2	99.03999999999999	-2	105.56	-2	84.82	-2	91.53999999999999
298	iea	ieA			2	120			-2	256.24	-2	258.2	-2	290.32							2	293.9																																													2	105.28	2	103.44													2	66.47999999999999	2	72.75999999999999																																																																
299	yOe	uoe	2	292	0	120	2	186.8	2	258.24	2	260.2	2	292.32					-2	280.88	-2	291.9																																																																																																									-2	131.16	-2	128.6	-2	129.38	-2	125.41999999999999									-2	97.03999999999999	-2	103.56	-2	82.82	-2	89.53999999999999
300	uii	yii	2	294	0	120			-2	256.24	-2	258.2	-2	290.32							2	293.9																																																																																																																													2	84.82	2	91.53999999999999
301	eiO	eio			2	122	2	188.8	2	258.24	2	260.2	2	292.32					-2	278.88	-2	291.9																																											-2	119.19999999999999			-2	101.44									-2	113.25999999999999	-2	111.46000000000001	-2	64.47999999999999	-2	70.75999999999999																																																																
302	oe	Oe	2	296	0	122	-2	186.8	-2	256.24	-2	258.2	-2	290.32					2	280.88	2	293.9																																																																																																									2	133.16	2	130.6	2	131.38	2	127.41999999999999									2	99.03999999999999	2	105.56	2	86.82	2	93.53999999999999
303	uy	uu			2	124			2	258.24	2	260.2	2	292.32							-2	291.9																																																																																																																					2	152.0	2	152.0	2	101.03999999999999	2	107.56	2	88.82	2	95.53999999999999
304	aoa	AOA	2	298	0	124	-2	184.8	-2	256.24	-2	258.2	-2	290.32					2	282.88	2	293.9																																																																																																																																
305	uOi	uoi			2	126	2	186.8	2	258.24	2	260.2	2	292.32					-2	280.88	-2	291.9																																																																																																													-2	129.38	-2	125.41999999999999	2	152.0	2	152.0	2	154.0	2	154.0	2	103.03999999999999	2	109.56			-2	93.53999999999999
310	Ouu	Oyy			2	128			-2	256.24	-2	258.2	-2	290.32							2	293.9													2	152.0	2	152.0													2	152.0	2	152.0													2	107.28	2	103.44													2	66.47999999999999	2	72.75999999999999																																																																
312	aiA	aia			2	130			2	258.24	2	260.2	2	292.32							-2	291.9																																																													-2	64.47999999999999	-2	70.75999999999999																																																							2	156.0			2	111.56				
313	uiA	uia			2	132			2	260.24	2	262.2	2	294.32							-2	289.9																																																													-2	62.47999999999999	-2	68.75999999999999																																																							2	158.0			2	113.56				
317	aOA	aoa			2	134	2	188.8	2	262.24	2	264.2	2	296.32					-2	278.88	-2	287.9																																																																																																																	2	154.0	2	154.0	2	156.0	2	160.0	2	105.03999999999999	2	115.56	2	90.82	2	95.53999999999999
320	uio	yiO	2	300	0	134	-2	186.8	-2	260.24	-2	262.2	-2	294.32					2	280.88	2	289.9																																																									2	115.25999999999999	2	113.46000000000001	2	64.47999999999999	2	70.75999999999999																																																													2	92.82	2	97.53999999999999
321	iOe	ioe			2	136	2	188.8	2	262.24	2	264.2	2	296.32					-2	278.88	-2	287.9																																																									-2	113.25999999999999	-2	111.46000000000001	-2	62.47999999999999	-2	68.75999999999999																																									-2	131.16	-2	128.6	-2	127.38	-2	123.41999999999999									-2	103.03999999999999	-2	113.56	-2	90.82	-2	95.53999999999999
324	iIE	iie			2	138					-2	262.2	-2	294.32	2	230.0	2	300.0	2	280.88	2	289.9																																																	2	152.0	2	152.0	2	152.0	2	152.0	2	115.25999999999999	2	113.46000000000001	2	64.47999999999999	2	70.75999999999999																																																																
325	eoa	eOA			2	140	-2	186.8	-2	260.24	-2	260.2	-2	292.32					2	282.88	2	291.9																																									2	129.74	2	121.19999999999999	2	109.28	2	105.44									2	117.25999999999999	2	115.46000000000001	2	66.47999999999999	2	72.75999999999999																																																																
328	ey	eu			2	142			2	262.24	2	262.2	2	294.32							-2	289.9																																													-2	107.28	-2	103.44													-2	64.47999999999999	-2	70.75999999999999																																																																
329	ioo	iOO			2	144	-2	184.8	-2	260.24	-2	260.2	-2	292.32					2	284.88	2	291.9																																																									2	119.25999999999999	2	117.46000000000001	2	66.47999999999999	2	72.75999999999999																																																																
330	yaa	yAA			2	146			-2	258.24	-2	258.2	-2	290.32							2	293.9																													2	154.0	2	154.0													2	109.28	2	105.44													2	68.47999999999999	2	74.75999999999999																																																																
331	oyA	oua			2	148			2	260.24	2	260.2	2	292.32							-2	291.9																																																																																																					2	152.0	2	152.0	2	133.16	2	130.6	2	129.38	2	125.41999999999999					2	158.0	2	162.0	2	105.03999999999999	2	115.56	2	92.82	2	97.53999999999999
333	Ou	Oy			2	150			-2	258.24	-2	258.2	-2	290.32							2	293.9													2	154.0	2	154.0													2	156.0	2	156.0													2	111.28	2	107.44													2	70.47999999999999	2	76.75999999999999																																																																
335	Aou	AOy			2	152	-2	182.8	-2	256.24	-2	256.2	-2	288.32					2	286.88	2	295.9																									2	152.0	2	152.0	2	158.0	2	158.0									2	131.74	2	123.19999999999999	2	113.28	2	109.44									2	121.25999999999999	2	119.46000000000001	2	72.47999999999999	2	78.75999999999999																																																																
336	aAi	aai			2	154			2	258.24	2	258.2	2	290.32							-2	293.9																																																																																																																					2	160.0	2	164.0	2	107.03999999999999	2	117.56			-2	95.53999999999999
339	oyO	ouo			2	156	2	184.8	2	260.24	2	260.2	2	292.32					-2	284.88	-2	291.9																																																																																																			2	152.0	2	154.0	2	154.0	2	135.16	2	132.6	2	131.38	2	127.41999999999999			2	156.0	2	162.0	2	166.0	2	109.03999999999999	2	119.56	2	94.82	2	97.53999999999999
344	uey	ueu			2	158			2	262.24	2	262.2	2	294.32							-2	289.9																																													-2	111.28	-2	107.44													-2	70.47999999999999	-2	76.75999999999999																																																							2	168.0								
345	ia	iA			2	160			-2	260.24	-2	260.2	-2	292.32							2	291.9																																																													2	72.47999999999999	2	78.75999999999999																																																																
349	yeu	yey			2	162			-2	258.24	-2	258.2	-2	290.32							2	293.9																															2	160.0													2	113.28	2	109.44													2	74.47999999999999	2	80.75999999999999																																																																
352	eoi	eOi			2	164	-2	182.8	-2	256.24	-2	256.2	-2	288.32					2	286.88	2	295.9																																									2	133.74	2	125.19999999999999	2	115.28	2	111.44									2	123.25999999999999	2	121.46000000000001	2	76.47999999999999	2	82.75999999999999																																													2	133.38	2	129.42													2	96.82	2	99.53999999999999
354	iOi	ioi			2	166	2	184.8	2	258.24	2	258.2	2	290.32					-2	284.88	-2	293.9																																																									-2	121.25999999999999	-2	119.46000000000001	-2	74.47999999999999	-2	80.75999999999999																																													-2	131.38	-2	127.41999999999999													-2	94.82	-2	97.53999999999999
356	iOA	ioa			2	168	2	186.8	2	260.24	2	260.2	2	292.32					-2	282.88	-2	291.9																																																									-2	119.25999999999999	-2	117.46000000000001	-2	72.47999999999999	-2	78.75999999999999																																																																
357	iaa	iAA			2	170			-2	258.24	-2	258.2	-2	290.32							2	293.9																																																													2	74.47999999999999	2	80.75999999999999																																																																
359	oOe	ooe			2	172	2	188.8	2	260.24	2	260.2	2	292.32					-2	280.88	-2	291.9																																																																																																	2	152.0	2	154.0	2	156.0	2	156.0			-2	130.6			-2	125.41999999999999	2	156.0	2	158.0	2	164.0	2	170.0			-2	117.56			-2	95.53999999999999
361	eye	eue			2	174			2	262.24	2	262.2	2	294.32							-2	289.9																																													-2	113.28	-2	109.44													-2	72.47999999999999	-2	78.75999999999999																																																									-2	107.03999999999999	-2	115.56	-2	92.82	-2	93.53999999999999
364	iaE	iAe			2	176			-2	260.24	-2	260.2	-2	292.32			2	302.0	2	282.88	2	291.9																																																							2	154.0			2	119.46000000000001	2	74.47999999999999	2	80.75999999999999																																																																
365	oyA	oua			2	178			2	262.24	2	262.2	2	294.32							-2	289.9																																																																																																					2	158.0	2	158.0	2	137.16	2	132.6	2	133.38	2	127.41999999999999					2	166.0	2	172.0	2	109.03999999999999	2	117.56	2	94.82	2	95.53999999999999
371	iaa	iAA			2	180			-2	260.24	-2	260.2	-2	292.32							2	291.9																																																													2	76.47999999999999	2	82.75999999999999																																																																
373	eiy	eiu			2	182			2	262.24	2	262.2	2	294.32							-2	289.9																																															-2	107.44													-2	74.47999999999999	-2	80.75999999999999																																																																
376	Aoo	AOO			2	184	-2	186.8	-2	260.24	-2	260.2	-2	292.32					2	284.88	2	291.9																									2	154.0	2	154.0	2	160.0	2	162.0									2	135.74	2	127.19999999999999	2	115.28	2	109.44									2	121.25999999999999	2	121.46000000000001	2	76.47999999999999	2	82.75999999999999																																																																
377	ay	au			2	186			2	262.24	2	262.2	2	294.32							-2	289.9																																																																																																																					2	168.0	2	174.0	2	111.03999999999999	2	119.56	2	96.82	2	97.53999999999999
378	yoi	yOi			2	188	-2	184.8	-2	260.24	-2	260.2	-2	292.32					2	286.88	2	291.9																									2	156.0	2	156.0	2	162.0	2	164.0									2	137.74	2	129.2	2	117.28	2	111.44									2	123.25999999999999	2	123.46000000000001	2	78.47999999999999	2	84.75999999999999																																													2	135.38	2	129.42													2	98.82	2	99.53999999999999
379	eai	eAi			2	190			-2	258.24	-2	258.2	-2	290.32							2	293.9																																													2	119.28	2	113.44													2	80.47999999999999	2	86.75999999999999																																																													2	100.82	2	101.53999999999999
382	oAy	oau			2	192			2	260.24	2	260.2	2	292.32							-2	291.9																																																																																																					2	160.0	2	160.0	2	139.16	2	134.6	2	137.38	2	131.42					2	170.0	2	176.0	2	113.03999999999999	2	121.56	2	102.82	2	103.53999999999999
386	oiy	oiu			2	194			2	262.24	2	262.2	2	294.32							-2	289.9																																																													-2	78.47999999999999	-2	84.75999999999999																																							2	162.0			2	136.6											2	178.0			2	123.56				
387	ea	eA			2	196			-2	260.24	-2	260.2	-2	292.32							2	291.9																																													2	121.28	2	115.44													2	80.47999999999999	2	86.75999999999999																																																																
389	Auo	AyO			2	198	-2	182.8	-2	258.24	-2	258.2	-2	290.32					2	288.88	2	293.9																											2	158.0	2	164.0	2	166.0											2	131.2	2	123.28	2	117.44											2	125.46000000000001	2	82.47999999999999	2	88.75999999999999																																																																
390	eAO	eao			2	200	2	184.8	2	260.24	2	260.2	2	292.32					-2	286.88	-2	291.9																																											-2	129.2	-2	121.28	-2	115.44											-2	123.46000000000001	-2	80.47999999999999	-2	86.75999999999999																																																																
393	uOA	uoa			2	202	2	186.8	2	262.24	2	262.2	2	294.32					-2	284.88	-2	289.9																																																																																																																	2	158.0	2	160.0	2	172.0	2	180.0	2	115.03999999999999	2	125.56	2	104.82	2	105.53999999999999
394	Oia	OiA			2	204			-2	260.24	-2	260.2	-2	292.32							2	291.9															2	156.0															2	168.0															2	117.44													2	82.47999999999999	2	88.75999999999999																																																																
401	aiy	aiu			2	206			2	262.24	2	262.2	2	294.32							-2	289.9																																																													-2	80.47999999999999	-2	86.75999999999999																																																							2	182.0			2	127.56				
405	iuu	iyy			2	208			-2	260.24	-2	260.2	-2	292.32							2	291.9																																																													2	82.47999999999999	2	88.75999999999999																																																																
407	aAi	aai			2	210			2	262.24	2	262.2	2	294.32							-2	289.9																																																																																																																					2	174.0	2	184.0	2	117.03999999999999	2	129.56			-2	103.53999999999999
409	Ouo	OyO			2	212	-2	184.8	-2	260.24	-2	260.2	-2	292.32					2	286.88	2	291.9											2	152.0	2	156.0	2	158.0											2	160.0	2	166.0	2	170.0											2	131.2	2	123.28	2	119.44											2	125.46000000000001	2	84.47999999999999	2	90.75999999999999																																																																
410	iiu	iiy			2	214			-2	258.24	-2	258.2	-2	290.32							2	293.9																																																													2	86.47999999999999	2	92.75999999999999																																																																
411	oAi	oai			2	216			2	260.24	2	260.2	2	292.32							-2	291.9																																																																																																					2	162.0	2	164.0	2	141.16	2	138.6	2	139.38							2	176.0	2	186.0	2	119.03999999999999	2	131.56			-2	101.53999999999999
412	yae	yAe			2	218			-2	258.24	-2	258.2	-2	290.32							2	293.9																													2	168.0	2	172.0													2	125.28	2	121.44													2	88.47999999999999	2	94.75999999999999																																																									2	121.03999999999999	2	133.56	2	106.82	2	103.53999999999999
414	Oea	OeA			2	220			-2	256.24	-2	256.2	-2	288.32							2	295.9															2	160.0															2	174.0													2	127.28	2	123.44													2	90.47999999999999	2	96.75999999999999																																																																
416	Oyy	ouu	2	302	0	220	2	186.8	2	258.24	2	258.2	2	290.32					-2	284.88	-2	293.9																																																																																																																																
417	oeA	oea			2	222			2	260.24	2	260.2	2	292.32							-2	291.9																																													-2	125.28	-2	121.44													-2	88.47999999999999	-2	94.75999999999999																																							2	166.0															2	188.0								
423	oAO	oao			2	224	2	188.8	2	262.24	2	262.2	2	294.32					-2	282.88	-2	289.9																																																																																																			2	156.0	2	164.0	2	168.0	2	143.16	2	140.6	2	141.38	2	133.42			2	162.0	2	178.0	2	190.0	2	123.03999999999999	2	135.56	2	108.82	2	105.53999999999999
424	Aae	AAe			2	226			-2	260.24	-2	260.2	-2	292.32							2	291.9																													2	170.0	2	176.0													2	127.28	2	123.44													2	90.47999999999999	2	96.75999999999999																																																									2	125.03999999999999	2	137.56	2	110.82	2	107.53999999999999
425	aAi	aai			2	228			2	262.24	2	262.2	2	294.32							-2	289.9																																																																																																																					2	180.0	2	192.0	2	127.03999999999999	2	139.56			-2	105.53999999999999
427	eua	eyA			2	230			-2	260.24	-2	260.2	-2	292.32							2	291.9																																													2	129.28	2	125.44													2	92.47999999999999	2	98.75999999999999																																																																
430	yao	yAO			2	232	-2	186.8	-2	258.24	-2	258.2	-2	290.32					2	284.88	2	293.9																											2	162.0	2	172.0	2	178.0											2	133.2	2	131.28	2	127.44											2	127.46000000000001	2	94.47999999999999	2	100.75999999999999																																																																
432	iiy	iiu			2	234			2	260.24	2	260.2	2	292.32							-2	291.9																																																													-2	92.47999999999999	-2	98.75999999999999																																																																
434	eia	eiA			2	236			-2	258.24	-2	258.2	-2	290.32							2	293.9																																															2	129.44													2	94.47999999999999	2	100.75999999999999																																																																
436	eAe	eae			2	238			2	260.24	2	260.2	2	292.32							-2	291.9																																													-2	129.28	-2	127.44													-2	92.47999999999999	-2	98.75999999999999																																																									-2	125.03999999999999	-2	137.56	-2	108.82	-2	103.53999999999999
437	yuo	yyO			2	240	-2	184.8	-2	258.24	-2	258.2	-2	290.32					2	286.88	2	293.9																											2	164.0	2	174.0	2	180.0											2	135.2	2	131.28	2	129.44											2	129.46	2	94.47999999999999	2	100.75999999999999																																																																
439	uye	uue			2	242			2	260.24	2	260.2	2	292.32							-2	291.9																																																																																																																					2	182.0	2	194.0			-2	135.56			-2	101.53999999999999
441	eoa	eOA			2	244	-2	182.8	-2	258.24	-2	258.2	-2	290.32					2	288.88	2	293.9																																									2	139.74	2	137.2	2	133.28	2	131.44									2	125.25999999999999	2	131.46	2	96.47999999999999	2	102.75999999999999																																																																
442	eAi	eai			2	246			2	260.24	2	260.2	2	292.32							-2	291.9																																													-2	131.28	-2	129.44													-2	94.47999999999999	-2	100.75999999999999																																																													-2	106.82	-2	99.53999999999999
445	ueA	uea			2	248			2	262.24	2	262.2	2	294.32							-2	289.9																																													-2	129.28	-2	127.44													-2	92.47999999999999	-2	98.75999999999999																																																							2	196.0								
446	eEu	eey			2	250			-2	260.24	-2	260.2	-2	292.32			2	304.0	2	290.88	2	291.9																																					2	152.0	2	152.0	2	141.74	2	139.2	2	131.28	2	129.44					2	154.0	2	156.0	2	127.25999999999999	2	133.46	2	94.47999999999999	2	100.75999999999999																																																																
448	Auu	Ayy			2	252			-2	258.24	-2	258.2	-2	290.32							2	293.9																													2	176.0	2	182.0													2	133.28	2	131.44													2	96.47999999999999	2	102.75999999999999																																																																
454	uOA	uoa			2	254	2	184.8	2	260.24	2	260.2	2	292.32					-2	288.88	-2	291.9																																																																																																																	2	160.0	2	164.0	2	184.0	2	198.0	2	127.03999999999999	2	137.56	2	108.82	2	101.53999999999999
455	ia	iA			2	256			-2	258.24	-2	258.2	-2	290.32							2	293.9																																																													2	98.47999999999999	2	104.75999999999999																																																																
456	oyi	oui			2	258			2	260.24	2	260.2	2	292.32							-2	291.9																																																																																																					2	166.0	2	170.0	2	145.16	2	142.6	2	143.38							2	186.0	2	200.0	2	129.04	2	139.56			-2	99.53999999999999
457	uyy	uuu			2	260			2	262.24	2	262.2	2	294.32							-2	289.9																																																																																																																					2	188.0	2	202.0	2	131.04	2	141.56	2	110.82	2	101.53999999999999
466	yeu	yey			2	262			-2	260.24	-2	260.2	-2	292.32							2	291.9																															2	184.0													2	135.28	2	133.44													2	100.47999999999999	2	106.75999999999999																																																																
467	iiO	iio			2	264	2	186.8	2	262.24	2	262.2	2	294.32					-2	286.88	-2	289.9																																																									-2	125.25999999999999	-2	131.46	-2	98.47999999999999	-2	104.75999999999999																																																																
473	Aio	AiO			2	266	-2	184.8	-2	260.24	-2	260.2	-2	292.32					2	288.88	2	291.9																											2	166.0			2	186.0											2	141.2			2	135.44									2	127.25999999999999	2	133.46	2	100.47999999999999	2	106.75999999999999																																																																
474	eOi	eoi			2	268	2	186.8	2	262.24	2	262.2	2	294.32					-2	286.88	-2	289.9																																									-2	139.74	-2	139.2	-2	133.28	-2	133.44									-2	125.25999999999999	-2	131.46	-2	98.47999999999999	-2	104.75999999999999																																													-2	141.38	-2	131.42													-2	108.82	-2	99.53999999999999
478	aAi	aai			2	270			2	264.24	2	264.2	2	296.32							-2	287.9																																																																																																																					2	190.0	2	204.0	2	133.04	2	143.56			-2	97.53999999999999
482	Aao	AAO			2	272	-2	184.8	-2	262.24	-2	262.2	-2	294.32					2	288.88	2	289.9																											2	168.0	2	178.0	2	188.0											2	141.2	2	135.28	2	135.44											2	133.46	2	100.47999999999999	2	106.75999999999999																																																																
484	iia	iiA			2	274			-2	260.24	-2	260.2	-2	292.32							2	291.9																																																													2	102.47999999999999	2	108.75999999999999																																																																
484	Apriori	Id(Bk)Syl1>>Id(Bk)	2	304																																																																																																																																																			
487	oOA	ooa			2	276	2	186.8	2	262.24	2	262.2	2	294.32					-2	286.88	-2	289.9																																																																																																	2	154.0	2	158.0	2	168.0	2	172.0	2	147.16	2	144.6	2	143.38	2	133.42	2	162.0	2	166.0	2	192.0	2	206.0	2	135.04	2	145.56	2	110.82	2	99.53999999999999
487	Apriori	Id(Bk)Syl1>>Id(Bk)	2	306																																																																																																																																																			
488	Ooo	OOO			2	278	-2	184.8	-2	260.24	-2	260.2	-2	292.32					2	288.88	2	291.9									2	152.0	2	154.0	2	158.0	2	162.0									2	158.0	2	170.0	2	180.0	2	190.0									2	141.74	2	143.2	2	137.28	2	137.44									2	127.25999999999999	2	135.46	2	104.47999999999999	2	110.75999999999999																																																																
488	Apriori	Id(Bk)Syl1>>Id(Bk)	2	308																																																																																																																																																			
491	aye	aue			2	280			2	262.24	2	262.2	2	294.32							-2	289.9																																																																																																																					2	194.0	2	208.0			-2	143.56			-2	97.53999999999999
491	Apriori	Id(Bk)Syl1>>Id(Bk)	2	310																																																																																																																																																			
493	yau	yAy			2	282			-2	260.24	-2	260.2	-2	292.32							2	291.9																													2	182.0	2	192.0													2	139.28	2	139.44													2	106.47999999999999	2	112.75999999999999																																																																
493	Apriori	Id(Bk)Syl1>>Id(Bk)	2	312																																																																																																																																																			
497	uAO	uao			2	284	2	186.8	2	262.24	2	262.2	2	294.32					-2	286.88	-2	289.9																																																																																																																			2	168.0	2	196.0	2	210.0	2	137.04	2	145.56	2	112.82	2	99.53999999999999
497	Apriori	Id(Bk)Syl1>>Id(Bk)	2	314																																																																																																																																																			
500	eiO	eio			2	286	2	188.8	2	264.24	2	264.2	2	296.32					-2	284.88	-2	287.9																																											-2	141.2			-2	137.44									-2	125.25999999999999	-2	133.46	-2	104.47999999999999	-2	110.75999999999999																																																																
500	Apriori	Id(Bk)Syl1>>Id(Bk)	2	316																																																																																																																																																			
503	iiu	iiy			2	288			-2	262.24	-2	262.2	-2	294.32							2	289.9																																																													2	106.47999999999999	2	112.75999999999999																																																																
503	Apriori	Id(Bk)Syl1>>Id(Bk)	2	318																																																																																																																																																			
505	yai	yAi			2	290			-2	260.24	-2	260.2	-2	292.32							2	291.9																													2	184.0	2	194.0													2	141.28	2	139.44													2	108.47999999999999	2	114.75999999999999																																																													2	114.82	2	101.53999999999999
505	Apriori	Id(Bk)Syl1>>Id(Bk)	2	320																																																																																																																																																			
506	Oeo	OeO			2	292	-2	186.8	-2	258.24	-2	258.2	-2	290.32					2	286.88	2	293.9											2	156.0			2	164.0											2	172.0			2	196.0									2	143.74	2	143.2	2	143.28	2	141.44									2	127.25999999999999	2	135.46	2	110.47999999999999	2	116.75999999999999																																																																
506	Apriori	Id(Bk)Syl1>>Id(Bk)	2	322																																																																																																																																																			
509	eOi	eoi			2	294	2	188.8	2	260.24	2	260.2	2	292.32					-2	284.88	-2	291.9																																									-2	141.74	-2	141.2	-2	141.28	-2	139.44									-2	125.25999999999999	-2	133.46	-2	108.47999999999999	-2	114.75999999999999																																													-2	141.38	-2	131.42													-2	112.82	-2	99.53999999999999
509	Apriori	Id(Bk)Syl1>>Id(Bk)	2	324																																																																																																																																																			
515	oiA	oia			2	296			2	262.24	2	262.2	2	294.32							-2	289.9																																																													-2	106.47999999999999	-2	112.75999999999999																																							2	174.0			2	146.6											2	212.0			2	147.56				
515	Apriori	Id(Bk)Syl1>>Id(Bk)	2	326																																																																																																																																																			
530	you	yOy			2	298	-2	186.8	-2	260.24	-2	260.2	-2	292.32					2	286.88	2	291.9																									2	160.0	2	174.0	2	186.0	2	198.0									2	143.74	2	143.2	2	143.28	2	141.44									2	127.25999999999999	2	135.46	2	108.47999999999999	2	114.75999999999999																																																																
530	Apriori	Id(Bk)Syl1>>Id(Bk)	2	328																																																																																																																																																			
560	ioa	iOA			2	300	-2	184.8	-2	258.24	-2	258.2	-2	290.32					2	288.88	2	293.9																																																									2	129.26	2	137.46	2	110.47999999999999	2	116.75999999999999																																																																
560	Apriori	Id(Bk)Syl1>>Id(Bk)	2	330																																																																																																																																																			
565	uyi	uui			2	302			2	260.24	2	260.2	2	292.32							-2	291.9																																																																																																																					2	198.0	2	214.0	2	139.04	2	149.56			-2	97.53999999999999
565	Apriori	Id(Bk)Syl1>>Id(Bk)	2	332																																																																																																																																																			
6309	oiy	oiu			0.2	302.2			0.2	260.44	0.2	260.4	0.2	292.52							-0.2	291.7																																																													-0.2	110.27999999999999	-0.2	116.55999999999999																																							0.2	174.2			0.2	146.79999999999998											0.2	214.2			0.2	149.76				
6309	Apriori	Id(Bk)Syl1>>Id(Bk)	0.19999999999998863	332.2																																																																																																																																																			
8332	eua	eyA			0.2	302.4			-0.2	260.24	-0.2	260.2	-0.2	292.32							0.2	291.9																																													0.2	143.48	0.2	141.64													0.2	110.47999999999999	0.2	116.75999999999999																																																																
8332	Apriori	Id(Bk)Syl1>>Id(Bk)	0.19999999999998863	332.4																																																																																																																																																			
8661	eiA	eia			0.2	302.59999999999997			0.2	260.44	0.2	260.4	0.2	292.52							-0.2	291.7																																															-0.2	141.44													-0.2	110.27999999999999	-0.2	116.55999999999999																																																																
8661	Apriori	Id(Bk)Syl1>>Id(Bk)	0.19999999999998863	332.59999999999997																																																																																																																																																			
19106	Aau	AAy			0.002	302.602			-0.002	260.438	-0.002	260.39799999999997	-0.002	292.518							0.002	291.702																													0.002	186.002	0.002	198.002													0.002	143.482	0.002	141.442													0.002	110.28199999999998	0.002	116.56199999999998																																																																
19106	Apriori	Id(Bk)Syl1>>Id(Bk)	0.0020000000000095497	332.602																																																																																																																																																			
TOTAL				332.602		302.602		184.8		260.438		260.39799999999997		292.518		230.0		304.0		288.88		291.702		150.0		150.0		150.0		150.0		152.0		156.0		158.0		164.0		150.0		150.0		150.0		150.0		160.0		174.0		186.002		198.002		150.0		150.0		152.0		152.0		143.74		143.2		143.482		141.442		152.0		152.0		154.0		156.0		129.26		137.46		110.28199999999998		116.56199999999998		150.0		150.0		150.0		150.0		150.0		150.0		150.0		150.0		150.0		150.0		150.0		150.0		150.0		150.0		150.0		150.0		154.0		158.0		168.0		174.2		147.16		146.79999999999998		141.38		131.42		162.0		168.0		198.0		214.2		139.04		149.76		112.82		97.53999999999999
