trialnum	Generated	Heard	Id(Bk)Syl1	now	Id(Bk)	now	*F1	now	*F3	now	*F4	now	*F5	now	*B1	now	*B2	now	*B3	now	*B5	now	*F1_B1	now	*F1..._B1	now	*F1_B2	now	*F1..._B2	now	*F1_B3	now	*F1..._B3	now	*F1_B5	now	*F1..._B5	now	*F3_B1	now	*F3..._B1	now	*F3_B2	now	*F3..._B2	now	*F3_B3	now	*F3..._B3	now	*F3_B5	now	*F3..._B5	now	*F4_B1	now	*F4..._B1	now	*F4_B2	now	*F4..._B2	now	*F4_B3	now	*F4..._B3	now	*F4_B5	now	*F4..._B5	now	*F5_B1	now	*F5..._B1	now	*F5_B2	now	*F5..._B2	now	*F5_B3	now	*F5..._B3	now	*F5_B5	now	*F5..._B5	now	*_B1F1	now	*_B1...F1	now	*_B1F3	now	*_B1...F3	now	*_B1F4	now	*_B1...F4	now	*_B1F5	now	*_B1...F5	now	*_B2F1	now	*_B2...F1	now	*_B2F3	now	*_B2...F3	now	*_B2F4	now	*_B2...F4	now	*_B2F5	now	*_B2...F5	now	*_B3F1	now	*_B3...F1	now	*_B3F3	now	*_B3...F3	now	*_B3F4	now	*_B3...F4	now	*_B3F5	now	*_B3...F5	now	*_B5F1	now	*_B5...F1	now	*_B5F3	now	*_B5...F3	now	*_B5F4	now	*_B5...F4	now	*_B5F5	now	*_B5...F5	now
				0		0		100		100		100		100		100		100		100		100		100		100		100		100		100		100		100		100		100		100		100		100		100		100		100		100		100		100		100		100		100		100		100		100		100		100		100		100		100		100		100		100		100		100		100		100		100		100		100		100		100		100		100		100		100		100		100		100		100		100		100		100		100		100		100		100		100		100		100		100		100		100		100		100
0	Apriori	Id(Bk)Syl1>>Id(Bk)	10	10																																																																																																																																																		
1	Eua	eyA	2	12	2	2			-2	98	-2	98	-2	98			2	102	2	102	2	102																																																																																																																																
8	OAO	oao	2	14	2	4	2	102	2	100	2	100	2	100					-2	100	-2	100																																																																																																																																
9	aIE	aie			2	6					-2	98	-2	98	2	102	2	104	2	102	2	102																																																																																																																											-2	98	-2	98	-2	98
9	Apriori	Id(Bk)Syl1>>Id(Bk)	2	16																																																																																																																																																			
10	ouy	ouu			2	8			2	102	2	100	2	100							-2	100																																																																																																							2	102			2	102			2	102					2	102	2	102	2	102	2	100	2	100	2	100
10	Apriori	Id(Bk)Syl1>>Id(Bk)	2	18																																																																																																																																																			
11	Eo	eo	2	20	2	10					-2	98	-2	98			2	106	2	104	2	102																																									-2	98	-2	98	-2	98	-2	98									-2	98	-2	98	-2	98	-2	98																																																																
13	Oie	oie	2	22	2	12	2	104	2	104	2	100	2	100					-2	102	-2	100																																																																																																											-2	100	-2	98	-2	100											-2	98	-2	98	-2	98
14	iuo	iyO			2	14	-2	102	-2	102	-2	98	-2	98					2	104	2	102																																																											2	100	2	100	2	100																																																																
14	Apriori	Id(Bk)Syl1>>Id(Bk)	2	24																																																																																																																																																			
15	ue	ye	2	26	2	16			-2	100	-2	96	-2	96							2	104																																																																																																																									2	104	2	100	2	100	2	100
17	yAi	uai	2	28	2	18			2	102	2	98	2	98							-2	102																																																																																																																													-2	98	-2	98
20	iyi	iui			2	20			2	104	2	100	2	100							-2	100																																																													-2	98	-2	98																																																													-2	96	-2	96
20	Apriori	Id(Bk)Syl1>>Id(Bk)	2	30																																																																																																																																																			
21	Oee	oee	2	32	2	22	2	104	2	106	2	102	2	102					-2	102	-2	98																																																																																																									-2	98	-2	98	-2	96	-2	98									-2	102	-2	98	-2	94	-2	94
22	uie	yie	2	34	2	24			-2	104	-2	100	-2	100							2	100																																																																																																																											2	100	2	96	2	96
23	uoe	yOe	2	36	2	26	-2	102	-2	102	-2	98	-2	98					2	104	2	102																																																																																																									2	100	2	100	2	98	2	100									2	104	2	102	2	98	2	98
25	AiA	aia	2	38	2	28			2	104	2	100	2	100							-2	100																																																													-2	96	-2	96																																																													-2	96	-2	96
26	aia	AiA	2	40	2	30			-2	102	-2	98	-2	98							2	102																																																													2	98	2	98																																																													2	98	2	98
28	aue	Aye	2	42	2	32			-2	100	-2	96	-2	96							2	104																																																																																																																									2	106	2	104	2	100	2	100
34	eeO	eeo			2	34	2	104	2	102	2	98	2	98					-2	102	-2	102																																									-2	96	-2	96	-2	96	-2	96									-2	96	-2	98	-2	96	-2	96																																																																
34	Apriori	Id(Bk)Syl1>>Id(Bk)	2	44																																																																																																																																																			
35	yea	yeA			2	36			-2	100	-2	96	-2	96							2	104																															2	102													2	98	2	98													2	98	2	98																																																																
35	Apriori	Id(Bk)Syl1>>Id(Bk)	2	46																																																																																																																																																			
36	ioA	ioa			2	38			2	102	2	98	2	98							-2	102																																																															-2	96																																					2	102	2	104	2	102	2	102	2	100	2	102					2	104	2	104	2	108	2	106	2	102	2	102
36	Apriori	Id(Bk)Syl1>>Id(Bk)	2	48																																																																																																																																																			
37	eaa	eAA			2	40			-2	100	-2	96	-2	96							2	104																																													2	100	2	100													2	100	2	98																																																																
37	Apriori	Id(Bk)Syl1>>Id(Bk)	2	50																																																																																																																																																			
38	AOA	aoa	2	52	2	42	2	106	2	102	2	98	2	98					-2	100	-2	102																																																																																																																																
39	yee	uee	2	54	2	44			2	104	2	100	2	100							-2	100																																																																																																																									-2	106	-2	104	-2	100	-2	100
41	uEa	yeA	2	56	2	46			-2	102	-2	98	-2	98			2	108	2	102	2	102																																																																																																																																
43	eai	eAi			2	48			-2	100	-2	96	-2	96							2	104																																													2	102	2	102													2	102	2	100																																																													2	102	2	102
43	Apriori	Id(Bk)Syl1>>Id(Bk)	2	58																																																																																																																																																			
44	eye	eue			2	50			2	102	2	98	2	98							-2	102																																													-2	100	-2	100													-2	100	-2	98																																																									-2	104	-2	102	-2	100	-2	100
44	Apriori	Id(Bk)Syl1>>Id(Bk)	2	60																																																																																																																																																			
46	eoi	eOi			2	52	-2	104	-2	100	-2	96	-2	96					2	104	2	104																																									2	98	2	98	2	102	2	102									2	98	2	100	2	102	2	100																																													2	102	2	104													2	102	2	102
46	Apriori	Id(Bk)Syl1>>Id(Bk)	2	62																																																																																																																																																			
47	yyy	uuu	2	64	2	54			2	102	2	98	2	98							-2	102																																																																																																																																
48	AOi	aoi	2	66	2	56	2	106	2	104	2	100	2	100					-2	102	-2	100																																																																																																													-2	100	-2	102													-2	100	-2	100
49	aiu	Aiy	2	68	2	58			-2	102	-2	98	-2	98							2	102																																																													2	104	2	102																																																													2	102	2	102
51	iAi	iai			2	60			2	104	2	100	2	100							-2	100																																																													-2	102	-2	100																																																													-2	100	-2	100
51	Apriori	Id(Bk)Syl1>>Id(Bk)	2	70																																																																																																																																																			
54	oIo	OiO	2	72	2	62	-2	104	-2	102	-2	98	-2	98	2	104	2	110	2	104	2	102																																																																																																																																
55	Aiy	aiu	2	74	2	64			2	104	2	100	2	100							-2	100																																																													-2	100	-2	98																																																													-2	98	-2	98
57	eyi	eui			2	66			2	106	2	102	2	102							-2	98																																													-2	100	-2	100													-2	98	-2	96																																																													-2	96	-2	96
57	Apriori	Id(Bk)Syl1>>Id(Bk)	2	76																																																																																																																																																			
61	uuo	yyO	2	78	2	68	-2	102	-2	104	-2	100	-2	100					2	106	2	100																																																																																																																																
63	eea	eeA			2	70			-2	102	-2	98	-2	98							2	102																																													2	102	2	102													2	100	2	98																																																																
63	Apriori	Id(Bk)Syl1>>Id(Bk)	2	80																																																																																																																																																			
64	yAi	uai	2	82	2	72			2	104	2	100	2	100							-2	100																																																																																																																													-2	94	-2	94
66	eua	eyA			2	74			-2	102	-2	98	-2	98							2	102																																													2	104	2	104													2	102	2	100																																																																
66	Apriori	Id(Bk)Syl1>>Id(Bk)	2	84																																																																																																																																																			
67	yA	ua	2	86	2	76			2	104	2	100	2	100							-2	100																																																																																																																																
68	uo	yO	2	88	2	78	-2	100	-2	102	-2	98	-2	98					2	108	2	102																																																																																																																																
70	AOi	aoi	2	90	2	80	2	102	2	104	2	100	2	100					-2	106	-2	100																																																																																																													-2	98	-2	100													-2	92	-2	92
74	ai	Ai	2	92	2	82			-2	102	-2	98	-2	98							2	102																																																																																																																													2	94	2	94
79	yiO	uio	2	94	2	84	2	104	2	104	2	100	2	100					-2	104	-2	100																																																									-2	96	-2	98	-2	100	-2	98																																																													-2	92	-2	92
80	oie	Oie	2	96	2	86	-2	102	-2	102	-2	98	-2	98					2	106	2	102																																																																																																											2	104	2	100	2	102											2	104	2	94	2	94
81	aii	Aii	2	98	2	88			-2	100	-2	96	-2	96							2	104																																																																																																																													2	96	2	96
84	yey	ueu	2	100	2	90			2	102	2	98	2	98							-2	102																																													-2	102	-2	102													-2	98	-2	96																																																									-2	102	-2	102	-2	94	-2	94
86	Oyi	oui	2	102	2	92	2	104	2	104	2	100	2	100					-2	104	-2	100																																																																																																															-2	100													-2	92	-2	92
87	eOu	eOy			2	94			-2	102	-2	98	-2	98							2	102													2	102	2	102													2	102	2	104													2	104	2	104													2	100	2	98																																																																
87	Apriori	Id(Bk)Syl1>>Id(Bk)	2	104																																																																																																																																																			
89	eAy	eau			2	96			2	104	2	100	2	100							-2	100																																													-2	102	-2	102													-2	98	-2	96																																																																
89	Apriori	Id(Bk)Syl1>>Id(Bk)	2	106																																																																																																																																																			
91	Oyi	oui	2	108	2	98	2	106	2	106	2	102	2	102					-2	102	-2	98																																																																																																															-2	98													-2	90	-2	90
92	oia	OiA	2	110	2	100	-2	104	-2	104	-2	100	-2	100					2	104	2	100																																																													2	100	2	98																																													2	102	2	100													2	92	2	92
95	eeO	eeo			2	102	2	106	2	106	2	102	2	102					-2	102	-2	98																																									-2	96	-2	96	-2	100	-2	100									-2	94	-2	96	-2	98	-2	96																																																																
95	Apriori	Id(Bk)Syl1>>Id(Bk)	2	112																																																																																																																																																			
96	Aoi	AOi			2	104	-2	104	-2	104	-2	100	-2	100					2	104	2	100																									2	102	2	102	2	104	2	106									2	98	2	98	2	102	2	102									2	96	2	98	2	100	2	98																																													2	104	2	102													2	94	2	94
96	Apriori	Id(Bk)Syl1>>Id(Bk)	2	114																																																																																																																																																			
103	ueA	uea			2	106			2	106	2	102	2	102							-2	98																																													-2	100	-2	100													-2	98	-2	96																																																							2	106								
103	Apriori	Id(Bk)Syl1>>Id(Bk)	2	116																																																																																																																																																			
111	yiu	yiy			2	108			-2	104	-2	100	-2	100							2	100																															2	108															2	102													2	100	2	98																																																																
111	Apriori	Id(Bk)Syl1>>Id(Bk)	2	118																																																																																																																																																			
132	aey	aeu			2	110			2	106	2	102	2	102							-2	98																																													-2	98	-2	100													-2	98	-2	96																																																							2	108								
132	Apriori	Id(Bk)Syl1>>Id(Bk)	2	120																																																																																																																																																			
147	yeu	yey			2	112			-2	104	-2	100	-2	100							2	100																															2	110													2	100	2	102													2	100	2	98																																																																
147	Apriori	Id(Bk)Syl1>>Id(Bk)	2	122																																																																																																																																																			
3262	oEo	oeo			2	114					-2	98	-2	98			2	112	2	106	2	102																																									-2	96	-2	96	-2	98	-2	100									-2	94	-2	96	-2	98	-2	96																																									-2	100	-2	102	-2	102	-2	100									-2	100	-2	100	-2	92	-2	92
3262	Apriori	Id(Bk)Syl1>>Id(Bk)	2	124																																																																																																																																																			
7774	uO	uo			0.2	114.2	0.2	104.2	0.2	104.2	0.2	98.2	0.2	98.2					-0.2	105.8	-0.2	101.8																																																																																																																	0.2	100.2	0.2	100.2	0.2	104.2	0.2	108.2	0.2	100.2	0.2	100.2	0.2	92.2	0.2	92.2
7774	Apriori	Id(Bk)Syl1>>Id(Bk)	0.20000000000000284	124.2																																																																																																																																																			
8906	iOO	ioo			0.2	114.4	0.2	104.4	0.2	104.4	0.2	98.4	0.2	98.4					-0.2	105.6	-0.2	101.6																																																									-0.2	93.8	-0.2	95.8	-0.2	97.8	-0.2	95.8																																																																
8906	Apriori	Id(Bk)Syl1>>Id(Bk)	0.20000000000000284	124.4																																																																																																																																																			
10281	iiO	iio			0.02	114.42	0.02	104.42	0.02	104.42	0.02	98.42	0.02	98.42					-0.02	105.58	-0.02	101.58																																																									-0.02	93.78	-0.02	95.78	-0.02	97.78	-0.02	95.78																																																																
10281	Apriori	Id(Bk)Syl1>>Id(Bk)	0.01999999999999602	124.42																																																																																																																																																			
13085	eoi	eOi			0.02	114.44	-0.02	104.4	-0.02	104.4	-0.02	98.4	-0.02	98.4					0.02	105.6	0.02	101.6																																									0.02	96.02	0.02	96.02	0.02	98.02	0.02	100.02									0.02	93.8	0.02	95.8	0.02	97.8	0.02	95.8																																													0.02	102.02	0.02	100.02													0.02	92.22	0.02	92.22
13085	Apriori	Id(Bk)Syl1>>Id(Bk)	0.01999999999999602	124.44																																																																																																																																																			
16249	Ao	AO			0.002	114.442	-0.002	104.39800000000001	-0.002	104.39800000000001	-0.002	98.39800000000001	-0.002	98.39800000000001					0.002	105.60199999999999	0.002	101.60199999999999																									0.002	102.002	0.002	102.002	0.002	104.002	0.002	110.002									0.002	96.02199999999999	0.002	96.02199999999999	0.002	98.02199999999999	0.002	100.02199999999999									0.002	93.80199999999999	0.002	95.80199999999999	0.002	97.80199999999999	0.002	95.80199999999999																																																																
16249	Apriori	Id(Bk)Syl1>>Id(Bk)	0.001999999999995339	124.442																																																																																																																																																			
18735	uOO	uoo			0.002	114.44399999999999	0.002	104.4	0.002	104.4	0.002	98.4	0.002	98.4					-0.002	105.6	-0.002	101.6																																																																																																																	0.002	100.202	0.002	100.202	0.002	104.202	0.002	108.202	0.002	100.202	0.002	100.202	0.002	92.222	0.002	92.222
18735	Apriori	Id(Bk)Syl1>>Id(Bk)	0.001999999999995339	124.44399999999999																																																																																																																																																			
TOTAL				124.44399999999999		114.44399999999999		104.4		104.4		98.4		98.4		104		112		105.6		101.6		100		100		100		100		100		100		102		102		100		100		100		100		102.002		102.002		104.002		110.002		100		100		100		100		96.02199999999999		96.02199999999999		98.02199999999999		100.02199999999999		100		100		100		100		93.80199999999999		95.80199999999999		97.80199999999999		95.80199999999999		100		100		100		100		100		100		100		100		100		100		100		100		100		100		100		100		100		100		102		104		100		102		102.02		100.02		100.202		100.202		104.202		108.202		100.202		100.202		92.222		92.222
