trialnum	Generated	Heard	Id(Bk)Syl1	now	Id(Bk)	now	*F1	now	*F3	now	*F4	now	*F5	now	*B1	now	*B2	now	*B3	now	*B5	now	*F1_B1	now	*F1..._B1	now	*F1_B2	now	*F1..._B2	now	*F1_B3	now	*F1..._B3	now	*F1_B5	now	*F1..._B5	now	*F3_B1	now	*F3..._B1	now	*F3_B2	now	*F3..._B2	now	*F3_B3	now	*F3..._B3	now	*F3_B5	now	*F3..._B5	now	*F4_B1	now	*F4..._B1	now	*F4_B2	now	*F4..._B2	now	*F4_B3	now	*F4..._B3	now	*F4_B5	now	*F4..._B5	now	*F5_B1	now	*F5..._B1	now	*F5_B2	now	*F5..._B2	now	*F5_B3	now	*F5..._B3	now	*F5_B5	now	*F5..._B5	now	*_B1F1	now	*_B1...F1	now	*_B1F3	now	*_B1...F3	now	*_B1F4	now	*_B1...F4	now	*_B1F5	now	*_B1...F5	now	*_B2F1	now	*_B2...F1	now	*_B2F3	now	*_B2...F3	now	*_B2F4	now	*_B2...F4	now	*_B2F5	now	*_B2...F5	now	*_B3F1	now	*_B3...F1	now	*_B3F3	now	*_B3...F3	now	*_B3F4	now	*_B3...F4	now	*_B3F5	now	*_B3...F5	now	*_B5F1	now	*_B5...F1	now	*_B5F3	now	*_B5...F3	now	*_B5F4	now	*_B5...F4	now	*_B5F5	now	*_B5...F5	now
				0		0		78.6		137.38		191.0		242.74		50.0		50.0		79.48		141.4		50.0		50.0		50.0		50.0		50.0		50.0		50.0		50.0		50.0		50.0		50.0		50.0		50.0		50.0		50.0		50.0		50.0		50.0		50.0		50.0		53.58		54.84		61.34		65.52		50.0		50.0		50.0		50.0		57.68		59.46		73.0		79.26		50.0		50.0		50.0		50.0		50.0		50.0		50.0		50.0		50.0		50.0		50.0		50.0		50.0		50.0		50.0		50.0		50.0		50.0		50.0		50.0		53.96		55.72		57.62		60.04		50.0		50.0		50.0		50.0		62.2		66.94		73.74		80.52000000000001
0	Apriori	Id(Bk)Syl1>>Id(Bk)	40	40																																																																																																																																																		
1	IaI	iai	2	42	0	0							-2	240.74	2	52.0	2	52.0	2	81.48	2	143.4																																																													-2	71.0	-2	77.26																																																													-2	71.74	-2	78.52000000000001
3	EI	ei	2	44	0	0					-2	189.0	-2	238.74	2	54.0	2	54.0	2	83.48	2	145.4																																																																																																																																
4	IEo	ieO	2	46	0	0	-2	76.6	-2	135.38	-2	187.0	-2	236.74	2	56.0	2	56.0	2	85.48	2	147.4																																																																																																																																
5	uoI	yOi	2	48	0	0	-2	74.6	-2	133.38	-2	185.0	-2	234.74	2	58.0	2	58.0	2	87.48	2	149.4																																																																																																																																
6	uE	ye	2	50	0	0			-2	131.38	-2	183.0	-2	232.74			2	60.0	2	89.48	2	151.4																																																																																																																																
7	IEa	iea	2	52	0	0					-2	181.0	-2	230.74	2	60.0	2	62.0	2	91.48	2	153.4																																													-2	59.34	-2	63.519999999999996													-2	69.0	-2	75.26																																																																
8	IoE	iOe	2	54	0	0	-2	72.6	-2	129.38	-2	179.0	-2	228.74	2	62.0	2	64.0	2	93.48	2	155.4																																																																																																																																
9	ouE	Oye	2	56	0	0	-2	70.6	-2	127.38	-2	177.0	-2	226.74			2	66.0	2	95.48	2	157.4																																																																																																																																
10	EaI	eai	2	58	0	0					-2	175.0	-2	224.74	2	64.0	2	68.0	2	97.48	2	159.4																																													-2	57.34	-2	61.519999999999996													-2	67.0	-2	73.26																																																													-2	69.74	-2	76.52000000000001
12	Iuu	iuu	2	60	0	0							-2	222.74	2	66.0	2	70.0	2	99.48	2	161.4																																																													-2	65.0	-2	71.26																																																																
13	IIo	iio	2	62	0	0							-2	220.74	2	68.0	2	72.0	2	101.48	2	163.4																																																									-2	55.68	-2	57.46	-2	63.0	-2	69.26																																																																
14	IuI	iyi	2	64	0	0			-2	125.38	-2	173.0	-2	218.74	2	70.0	2	74.0	2	103.48	2	165.4																																																																																																																																
15	uEI	yei	2	66	0	0			-2	123.38	-2	171.0	-2	216.74	2	72.0	2	76.0	2	105.48	2	167.4																																																																																																																																
16	aI	ai			2	2							-2	214.74	2	74.0	2	78.0	2	107.48	2	169.4																																																																																																																													-2	67.74	-2	74.52000000000001
17	Ioo	ioo	2	68	0	2							-2	212.74	2	76.0	2	80.0	2	109.48	2	171.4																																																									-2	53.68	-2	55.46	-2	61.0	-2	67.26																																																																
19	ooI	ooi			2	4							-2	210.74	2	78.0	2	82.0	2	111.48	2	173.4																																																																																																													-2	55.62	-2	58.04													-2	65.74	-2	72.52000000000001
20	oo	OO	2	70	0	4	-2	68.6	-2	121.38	-2	169.0	-2	208.74					2	113.48	2	175.4																																																																																																																																
23	ooE	ooe			2	6					-2	167.0	-2	206.74			2	84.0	2	115.48	2	177.4																																																																																																									-2	51.96	-2	53.72	-2	53.62	-2	56.04									-2	60.2	-2	64.94	-2	63.739999999999995	-2	70.52000000000001
25	ouE	Oye	2	72	0	6	-2	66.6	-2	119.38	-2	165.0	-2	204.74			2	86.0	2	117.48	2	179.4																																																																																																																																
27	IoI	ioi	2	74	0	6							-2	202.74	2	80.0	2	88.0	2	119.48	2	181.4																																																									-2	51.68	-2	53.46	-2	59.0	-2	65.26																																													-2	51.62	-2	54.04													-2	61.739999999999995	-2	68.52000000000001
29	uoo	yOO	2	76	0	6	-2	64.6	-2	117.38	-2	163.0	-2	200.74					2	121.48	2	183.4																																																																																																																																
30	Eau	eAy	2	78	0	6			-2	115.38	-2	161.0	-2	198.74			2	90.0	2	123.48	2	185.4																																																																																																																																
31	uoa	yOA	2	80	0	6	-2	62.599999999999994	-2	113.38	-2	159.0	-2	196.74					2	125.48	2	187.4																																																																																																																																
32	uoE	yOe	2	82	0	6	-2	60.599999999999994	-2	111.38	-2	157.0	-2	194.74			2	92.0	2	127.48	2	189.4																																																																																																																																
33	ooE	ooe			2	8					-2	155.0	-2	192.74			2	94.0	2	129.48000000000002	2	191.4																																																																																																									-2	49.96	-2	51.72	-2	49.62	-2	52.04									-2	58.2	-2	62.94	-2	59.739999999999995	-2	66.52000000000001
34	Ayi	aui	2	84	0	8			2	113.38	2	157.0	2	194.74							-2	189.4																																																																																																																													-2	57.739999999999995	-2	64.52000000000001
35	aoE	aoe			2	10					-2	155.0	-2	192.74			2	96.0	2	131.48000000000002	2	191.4																																																																																																									-2	47.96	-2	49.72	-2	47.62	-2	50.04									-2	56.2	-2	60.94	-2	55.739999999999995	-2	62.52000000000001
36	IE	ie	2	86	0	10					-2	153.0	-2	190.74	2	82.0	2	98.0	2	133.48000000000002	2	193.4																																																																																																																																
38	iiy	iiu			2	12			2	115.38	2	155.0	2	192.74							-2	191.4																																																													-2	57.0	-2	63.260000000000005																																																																
39	IoI	iOi	2	88	0	12	-2	58.599999999999994	-2	113.38	-2	153.0	-2	190.74	2	84.0	2	100.0	2	135.48000000000002	2	193.4																																																																																																																																
41	oEu	Oey	2	90	0	12	-2	56.599999999999994	-2	111.38	-2	151.0	-2	188.74			2	102.0	2	137.48000000000002	2	195.4																																																																																																																																
42	yyy	uuu	2	92	0	12			2	113.38	2	153.0	2	190.74							-2	193.4																																																																																																																																
44	OiO	oio	2	94	0	12	2	58.599999999999994	2	115.38	2	155.0	2	192.74					-2	135.48000000000002	-2	191.4																																																									-2	49.68	-2	51.46	-2	55.0	-2	61.260000000000005																																													-2	45.62	-2	48.04													-2	53.739999999999995	-2	60.52000000000001
45	Eao	eao	2	96	0	12					-2	153.0	-2	190.74			2	104.0	2	137.48000000000002	2	193.4																																											-2	52.84	-2	55.34	-2	59.519999999999996											-2	49.46	-2	53.0	-2	59.260000000000005																																																																
46	iyO	iuo			2	14	2	60.599999999999994	2	117.38	2	155.0	2	192.74					-2	135.48000000000002	-2	191.4																																																											-2	47.46	-2	51.0	-2	57.260000000000005																																																																
47	iOO	ioo			2	16	2	62.599999999999994	2	119.38	2	157.0	2	194.74					-2	133.48000000000002	-2	189.4																																																									-2	47.68	-2	45.46	-2	49.0	-2	55.260000000000005																																																																
48	IIo	iiO	2	98	0	16	-2	60.599999999999994	-2	117.38	-2	155.0	-2	192.74	2	86.0	2	106.0	2	135.48000000000002	2	191.4																																																																																																																																
50	uuI	uui			2	18							-2	190.74	2	88.0	2	108.0	2	137.48000000000002	2	193.4																																																																																																																													-2	51.739999999999995	-2	58.52000000000001
53	Aei	aei	2	100	0	18			2	119.38	2	157.0	2	192.74							-2	191.4																																																																																																																									-2	54.2	-2	58.94	-2	49.739999999999995	-2	56.52000000000001
54	Iou	iou	2	102	0	18							-2	190.74	2	90.0	2	110.0	2	139.48000000000002	2	193.4																																																									-2	45.68	-2	43.46	-2	47.0	-2	53.260000000000005																																																																
55	yAO	uao	2	104	0	18	2	62.599999999999994	2	121.38	2	159.0	2	192.74					-2	137.48000000000002	-2	191.4																																																																																																																																
56	aIo	AiO	2	106	0	18	-2	60.599999999999994	-2	119.38	-2	157.0	-2	190.74	2	92.0	2	112.0	2	139.48000000000002	2	193.4																																																																																																																																
58	OAi	oai	2	108	0	18	2	62.599999999999994	2	121.38	2	159.0	2	192.74					-2	137.48000000000002	-2	191.4																																																																																																															-2	46.04													-2	47.739999999999995	-2	54.52000000000001
59	Iua	iua	2	110	0	18							-2	190.74	2	94.0	2	114.0	2	139.48000000000002	2	193.4																																																													-2	45.0	-2	51.260000000000005																																																																
62	ooI	ooi			2	20							-2	188.74	2	96.0	2	116.0	2	141.48000000000002	2	195.4																																																																																																													-2	43.62	-2	44.04													-2	45.739999999999995	-2	52.52000000000001
63	eAe	eae			2	22			2	123.38	2	161.0	2	190.74							-2	193.4																																													-2	53.34	-2	57.519999999999996													-2	43.0	-2	49.260000000000005																																																									-2	52.2	-2	56.94	-2	43.739999999999995	-2	50.52000000000001
64	yii	uii	2	112	0	22			2	125.38	2	163.0	2	192.74							-2	191.4																																																																																																																													-2	41.739999999999995	-2	48.52000000000001
67	Iaa	iaa	2	114	0	22							-2	190.74	2	98.0	2	118.0	2	143.48000000000002	2	193.4																																																													-2	41.0	-2	47.260000000000005																																																																
69	IIa	iiA	2	116	0	22			-2	123.38	-2	161.0	-2	188.74	2	100.0	2	120.0	2	145.48000000000002	2	195.4																																																																																																																																
70	yAe	uae	2	118	0	22			2	125.38	2	163.0	2	190.74							-2	193.4																																																																																																																									-2	50.2	-2	54.94	-2	39.739999999999995	-2	46.52000000000001
75	EaE	eAe	2	120	0	22			-2	123.38	-2	161.0	-2	188.74			2	122.0	2	147.48000000000002	2	195.4																																																																																																																																
76	iAO	iao			2	24	2	64.6	2	125.38	2	163.0	2	190.74					-2	145.48000000000002	-2	193.4																																																											-2	41.46	-2	39.0	-2	45.260000000000005																																																																
77	eAO	eao			2	26	2	66.6	2	127.38	2	165.0	2	192.74					-2	143.48000000000002	-2	191.4																																											-2	50.84	-2	51.34	-2	55.519999999999996											-2	39.46	-2	37.0	-2	43.260000000000005																																																																
78	AiA	aia	2	122	0	26			2	129.38	2	167.0	2	194.74							-2	189.4																																																													-2	35.0	-2	41.260000000000005																																																													-2	37.739999999999995	-2	44.52000000000001
79	EIa	eia	2	124	0	26					-2	165.0	-2	192.74	2	102.0	2	124.0	2	145.48000000000002	2	191.4																																															-2	53.519999999999996													-2	33.0	-2	39.260000000000005																																																																
80	ao	AO	2	126	0	26	-2	64.6	-2	127.38	-2	163.0	-2	190.74					2	147.48000000000002	2	193.4																																																																																																																																
81	Iaa	iAA	2	128	0	26			-2	125.38	-2	161.0	-2	188.74	2	104.0	2	126.0	2	149.48000000000002	2	195.4																																																																																																																																
84	iiy	iiu			2	28			2	127.38	2	163.0	2	190.74							-2	193.4																																																													-2	31.0	-2	37.260000000000005																																																																
89	Oiy	oiu	2	130	0	28	2	66.6	2	129.38	2	165.0	2	192.74					-2	147.48000000000002	-2	191.4																																																													-2	29.0	-2	35.260000000000005																																													-2	41.62	-2	42.04													-2	35.739999999999995	-2	42.52000000000001
91	uIu	uiu			2	30							-2	190.74	2	106.0	2	128.0	2	149.48000000000002	2	193.4																																																													-2	27.0	-2	33.260000000000005																																																													-2	33.739999999999995	-2	40.52000000000001
94	OOe	ooe	2	132	0	30	2	68.6	2	131.38	2	167.0	2	192.74					-2	147.48000000000002	-2	191.4																																																																																																									-2	45.96	-2	47.72	-2	39.62	-2	40.04									-2	48.2	-2	52.94	-2	31.739999999999995	-2	38.52000000000001
96	yei	uei	2	134	0	30			2	133.38	2	169.0	2	194.74							-2	189.4																																																																																																																									-2	46.2	-2	50.94	-2	29.739999999999995	-2	36.52000000000001
97	aaE	AAe	2	136	0	30			-2	131.38	-2	167.0	-2	192.74			2	130.0	2	149.48000000000002	2	191.4																																																																																																																																
98	uEu	yey	2	138	0	30			-2	129.38	-2	165.0	-2	190.74			2	132.0	2	151.48000000000002	2	193.4																																																																																																																																
101	OOe	ooe	2	140	0	30	2	70.6	2	131.38	2	167.0	2	192.74					-2	149.48000000000002	-2	191.4																																																																																																									-2	43.96	-2	45.72	-2	37.62	-2	38.04									-2	44.2	-2	48.94	-2	27.739999999999995	-2	34.52000000000001
102	uuu	yyy	2	142	0	30			-2	129.38	-2	165.0	-2	190.74							2	193.4																																																																																																																																
104	AOO	aoo	2	144	0	30	2	72.6	2	131.38	2	167.0	2	192.74					-2	147.48000000000002	-2	191.4																																																																																																																																
107	oIo	OiO	2	146	0	30	-2	70.6	-2	129.38	-2	165.0	-2	190.74	2	108.0	2	134.0	2	149.48000000000002	2	193.4																																																																																																																																
108	Aee	aee	2	148	0	30			2	131.38	2	167.0	2	192.74							-2	191.4																																																																																																																									-2	42.2	-2	46.94	-2	25.739999999999995	-2	32.52000000000001
109	Euu	eyy	2	150	0	30			-2	129.38	-2	165.0	-2	190.74			2	136.0	2	151.48000000000002	2	193.4																																																																																																																																
112	ieO	ieo			2	32	2	72.6	2	131.38	2	167.0	2	192.74					-2	149.48000000000002	-2	191.4																																									-2	51.58	-2	48.84	-2	49.34	-2	51.519999999999996									-2	43.68	-2	37.46	-2	25.0	-2	31.260000000000005																																																																
113	AyA	aua	2	152	0	32			2	133.38	2	169.0	2	194.74							-2	189.4																																																																																																																																
114	aEo	aeo			2	34					-2	167.0	-2	192.74			2	138.0	2	151.48000000000002	2	191.4																																									-2	49.58	-2	46.84	-2	47.34	-2	49.519999999999996									-2	41.68	-2	35.46	-2	23.0	-2	29.260000000000005																																																									-2	40.2	-2	44.94	-2	23.739999999999995	-2	30.52000000000001
115	Oe	oe	2	154	0	34	2	74.6	2	135.38	2	169.0	2	194.74					-2	149.48000000000002	-2	189.4																																																																																																									-2	41.96	-2	43.72	-2	35.62	-2	36.04									-2	38.2	-2	42.94	-2	21.739999999999995	-2	28.52000000000001
116	uEu	yey	2	156	0	34			-2	133.38	-2	167.0	-2	192.74			2	140.0	2	151.48000000000002	2	191.4																																																																																																																																
117	oEu	oeu			2	36					-2	165.0	-2	190.74			2	142.0	2	153.48000000000002	2	193.4																																													-2	45.34	-2	47.519999999999996													-2	21.0	-2	27.260000000000005																																									-2	39.96	-2	41.72	-2	33.62	-2	34.04									-2	36.2	-2	40.94	-2	19.739999999999995	-2	26.52000000000001
120	yyO	uuo	2	158	0	36	2	76.6	2	135.38	2	167.0	2	192.74					-2	151.48000000000002	-2	191.4																																																																																																																																
121	EIo	eiO	2	160	0	36	-2	74.6	-2	133.38	-2	165.0	-2	190.74	2	110.0	2	144.0	2	153.48000000000002	2	193.4																																																																																																																																
124	Oyy	ouu	2	162	0	36	2	76.6	2	135.38	2	167.0	2	192.74					-2	151.48000000000002	-2	191.4																																																																																																																																
125	Ioa	iOA	2	164	0	36	-2	74.6	-2	133.38	-2	165.0	-2	190.74	2	112.0	2	146.0	2	153.48000000000002	2	193.4																																																																																																																																
127	II	ii	2	166	0	36							-2	188.74	2	114.0	2	148.0	2	155.48000000000002	2	195.4																																																																																																																																
129	iey	ieu			2	38			2	135.38	2	167.0	2	190.74							-2	193.4																																													-2	43.34	-2	45.519999999999996													-2	19.0	-2	25.260000000000005																																																																
131	Ioa	ioa	2	168	0	38							-2	188.74	2	116.0	2	150.0	2	157.48000000000002	2	195.4																																																									-2	39.68	-2	33.46	-2	17.0	-2	23.260000000000005																																																																
132	Oe	oe	2	170	0	38	2	76.6	2	137.38	2	169.0	2	190.74					-2	155.48000000000002	-2	193.4																																																																																																									-2	37.96	-2	39.72	-2	31.619999999999997	-2	32.04									-2	34.2	-2	38.94	-2	17.739999999999995	-2	24.52000000000001
134	oaE	oae			2	40					-2	167.0	-2	188.74			2	152.0	2	157.48000000000002	2	195.4																																																																																																											-2	37.72			-2	30.04									-2	32.2	-2	36.94	-2	15.739999999999995	-2	22.52000000000001
135	yi	ui	2	172	0	40			2	139.38	2	169.0	2	190.74							-2	193.4																																																																																																																													-2	13.739999999999995	-2	20.52000000000001
136	iAy	iau			2	42			2	141.38	2	171.0	2	192.74							-2	191.4																																																													-2	15.0	-2	21.260000000000005																																																																
139	oI	Oi	2	174	0	42	-2	74.6	-2	139.38	-2	169.0	-2	190.74	2	118.0	2	154.0	2	159.48000000000002	2	193.4																																																																																																																																
140	yAO	uao	2	176	0	42	2	76.6	2	141.38	2	171.0	2	192.74					-2	157.48000000000002	-2	191.4																																																																																																																																
141	aoI	AOi	2	178	0	42	-2	74.6	-2	139.38	-2	169.0	-2	190.74	2	120.0	2	156.0	2	159.48000000000002	2	193.4																																																																																																																																
142	AAi	aai	2	180	0	42			2	141.38	2	171.0	2	192.74							-2	191.4																																																																																																																													-2	11.739999999999995	-2	18.52000000000001
143	aaa	AAA	2	182	0	42			-2	139.38	-2	169.0	-2	190.74							2	193.4																																																																																																																																
147	iiO	iio			2	44	2	76.6	2	141.38	2	171.0	2	192.74					-2	157.48000000000002	-2	191.4																																																									-2	37.68	-2	31.46	-2	13.0	-2	19.260000000000005																																																																
148	iiO	iio			2	46	2	78.6	2	143.38	2	173.0	2	194.74					-2	155.48000000000002	-2	189.4																																																									-2	35.68	-2	29.46	-2	11.0	-2	17.260000000000005																																																																
149	Eaa	eaa	2	184	0	46					-2	171.0	-2	192.74			2	158.0	2	157.48000000000002	2	191.4																																													-2	41.34	-2	43.519999999999996													-2	9.0	-2	15.260000000000005																																																																
150	yiO	uio	2	186	0	46	2	80.6	2	145.38	2	173.0	2	194.74					-2	155.48000000000002	-2	189.4																																																									-2	33.68	-2	27.46	-2	7.0	-2	13.260000000000005																																																													-2	9.739999999999995	-2	16.52000000000001
151	Io	io	2	188	0	46							-2	192.74	2	122.0	2	160.0	2	157.48000000000002	2	191.4																																																									-2	31.68	-2	25.46	-2	5.0	-2	11.260000000000005																																																																
152	OyO	ouo	2	190	0	46	2	82.6	2	147.38	2	175.0	2	194.74					-2	155.48000000000002	-2	189.4																																																																																																																																
153	EaE	eae	2	192	0	46					-2	173.0	-2	192.74			2	162.0	2	157.48000000000002	2	191.4																																													-2	39.34	-2	41.519999999999996													-2	3.0	-2	9.260000000000005																																																									-2	30.200000000000003	-2	34.94	-2	7.739999999999995	-2	14.52000000000001
154	aaa	AAA	2	194	0	46			-2	145.38	-2	171.0	-2	190.74							2	193.4																																																																																																																																
156	IuI	iyi	2	196	0	46			-2	143.38	-2	169.0	-2	188.74	2	124.0	2	164.0	2	159.48000000000002	2	195.4																																																																																																																																
158	AOA	aoa	2	198	0	46	2	84.6	2	145.38	2	171.0	2	190.74					-2	157.48000000000002	-2	193.4																																																																																																																																
159	eoo	eOO			2	48	-2	82.6	-2	143.38	-2	169.0	-2	188.74					2	159.48000000000002	2	195.4																																									2	51.58	2	48.84	2	41.34	2	43.519999999999996									2	33.68	2	27.46	2	5.0	2	11.260000000000005																																																																
162	eOO	eoo			2	50	2	84.6	2	145.38	2	171.0	2	190.74					-2	157.48000000000002	-2	193.4																																									-2	49.58	-2	46.84	-2	39.34	-2	41.519999999999996									-2	31.68	-2	25.46	-2	3.0	-2	9.260000000000005																																																																
163	iO	io			2	52	2	86.6	2	147.38	2	173.0	2	192.74					-2	155.48000000000002	-2	191.4																																																									-2	29.68	-2	23.46	-2	1.0	-2	7.260000000000005																																																																
164	Ooa	OOA			2	54	-2	84.6	-2	145.38	-2	171.0	-2	190.74					2	157.48000000000002	2	193.4									2	52.0	2	52.0	2	52.0	2	52.0									2	52.0	2	52.0	2	52.0	2	52.0									2	51.58	2	48.84	2	41.34	2	43.519999999999996									2	31.68	2	25.46	2	3.0	2	9.260000000000005																																																																
166	eEu	eeu			2	56					-2	169.0	-2	188.74			2	166.0	2	159.48000000000002	2	195.4																																					2	52.0	2	52.0	2	53.58	2	50.84			2	45.519999999999996					2	52.0	2	52.0	2	33.68	2	27.46			2	11.260000000000005																																																																
171	uey	ueu			2	58			2	147.38	2	171.0	2	190.74							-2	193.4																																													-2	39.34	-2	43.519999999999996													-2	1.0	-2	9.260000000000005																																																							2	52.0								
172	eaI	eai			2	60							-2	188.74	2	126.0	2	168.0	2	161.48000000000002	2	195.4																																			2	52.0			2	54.0			2	52.84			2	45.519999999999996			2	52.0			2	54.0			2	29.46			2	11.260000000000005																																																													-2	5.739999999999995	-2	12.52000000000001
175	oyy	ouu			2	62			2	149.38	2	173.0	2	190.74							-2	193.4																																																																																																					2	52.0	2	52.0	2	39.96	2	39.72	2	33.62	2	32.04					2	52.0	2	54.0	2	32.2	2	36.94	2	7.739999999999995	2	14.52000000000001
176	iaI	iai			2	64							-2	188.74	2	128.0	2	170.0	2	163.48000000000002	2	195.4																																																			2	54.0			2	56.0			2	31.46			2	13.260000000000005																																																													-2	5.739999999999995	-2	12.52000000000001
179	iiO	iio			2	66	2	86.6	2	151.38	2	175.0	2	190.74					-2	161.48000000000002	-2	193.4																																																									-2	31.68	-2	29.46	-2	-1.0	-2	11.260000000000005																																																																
180	eoI	eOi			2	68	-2	84.6	-2	149.38	-2	173.0	-2	188.74	2	130.0	2	172.0	2	163.48000000000002	2	195.4																																			2	54.0			2	56.0	2	55.58	2	54.84	2	41.34	2	47.519999999999996			2	56.0			2	58.0	2	33.68	2	31.46	2	1.0	2	13.260000000000005																																																																
182	yAi	uai	2	200	0	68			2	151.38	2	175.0	2	190.74							-2	193.4																																																																																																																													-2	3.739999999999995	-2	10.52000000000001
189	Au	Ay			2	70			-2	149.38	-2	173.0	-2	188.74							2	195.4																													2	54.0	2	54.0													2	43.34	2	49.519999999999996													2	3.0	2	15.260000000000005																																																																
196	uyO	uuo			2	72	2	86.6	2	151.38	2	175.0	2	190.74					-2	161.48000000000002	-2	193.4																																																																																																																			2	52.0	2	54.0	2	56.0	2	34.2	2	38.94	2	5.739999999999995	2	12.52000000000001
197	eye	eue			2	74			2	153.38	2	177.0	2	192.74							-2	191.4																																													-2	41.34	-2	47.519999999999996													-2	1.0	-2	13.260000000000005																																																									-2	32.2	-2	36.94	-2	3.739999999999995	-2	10.52000000000001
198	aaI	aai			2	76							-2	190.74	2	132.0	2	174.0	2	163.48000000000002	2	193.4																																																																																																																													-2	1.7399999999999949	-2	8.52000000000001
200	iA	ia			2	78			2	155.38	2	179.0	2	192.74							-2	191.4																																																													-2	-1.0	-2	11.260000000000005																																																																
201	OIa	OiA			2	80			-2	153.38	-2	177.0	-2	190.74	2	134.0	2	176.0	2	165.48000000000002	2	193.4	2	52.0	2	52.0	2	52.0	2	52.0	2	54.0	2	54.0	2	54.0	2	54.0	2	52.0	2	52.0	2	52.0	2	52.0	2	54.0	2	54.0	2	56.0	2	56.0	2	52.0	2	56.0	2	54.0	2	58.0	2	57.58	2	56.84	2	43.34	2	49.519999999999996	2	52.0	2	58.0	2	54.0	2	60.0	2	35.68	2	33.46	2	1.0	2	13.260000000000005																																																																
202	aIa	aia			2	82							-2	188.74	2	136.0	2	178.0	2	167.48000000000002	2	195.4																																																													-2	-1.0	-2	11.260000000000005																																																													-2	-0.2600000000000051	-2	6.52000000000001
204	uiA	uia			2	84			2	155.38	2	179.0	2	190.74							-2	193.4																																																													-2	-3.0	-2	9.260000000000005																																																							2	58.0			2	38.94				
208	eaE	eae			2	86					-2	177.0	-2	188.74			2	180.0	2	169.48000000000002	2	195.4																																							2	60.0			2	58.84			2	51.519999999999996							2	62.0			2	35.46			2	11.260000000000005																																																									-2	30.200000000000003	-2	36.94	-2	-2.260000000000005	-2	4.52000000000001
209	eiy	eiu			2	88			2	157.38	2	179.0	2	190.74							-2	193.4																																															-2	49.519999999999996													-2	-5.0	-2	9.260000000000005																																																																
216	uuI	uui			2	90							-2	188.74	2	138.0	2	182.0	2	171.48000000000002	2	195.4																																																																																																																													-2	-4.260000000000005	-2	2.5200000000000102
217	ey	eu			2	92			2	159.38	2	181.0	2	190.74							-2	193.4																																													-2	41.34	-2	47.519999999999996													-2	-7.0	-2	7.260000000000005																																																																
220	OIu	Oiy			2	94			-2	157.38	-2	179.0	-2	188.74	2	140.0	2	184.0	2	173.48000000000002	2	195.4	2	54.0	2	54.0	2	54.0	2	54.0	2	56.0	2	56.0	2	56.0	2	56.0	2	54.0	2	54.0	2	54.0	2	54.0	2	56.0	2	56.0	2	58.0	2	58.0	2	54.0	2	58.0	2	56.0	2	62.0	2	59.58	2	60.84	2	43.34	2	49.519999999999996	2	54.0	2	60.0	2	56.0	2	64.0	2	37.68	2	37.46	2	-5.0	2	9.260000000000005																																																																
224	iOe	ioe			2	96	2	88.6	2	159.38	2	181.0	2	190.74					-2	171.48000000000002	-2	193.4																																																									-2	35.68	-2	35.46	-2	-7.0	-2	7.260000000000005																																									-2	37.96	-2	37.72	-2	31.619999999999997	-2	30.04									-2	28.200000000000003	-2	34.94	-2	-6.260000000000005	-2	0.5200000000000102
225	ya	yA			2	98			-2	157.38	-2	179.0	-2	188.74							2	195.4																													2	60.0	2	60.0													2	45.34	2	51.519999999999996													2	-5.0	2	9.260000000000005																																																																
227	iAi	iai			2	100			2	159.38	2	181.0	2	190.74							-2	193.4																																																													-2	-7.0	-2	7.260000000000005																																																													-2	-8.260000000000005	-2	-1.4799999999999898
228	AuI	Ayi			2	102			-2	157.38	-2	179.0	-2	188.74	2	142.0	2	186.0	2	173.48000000000002	2	195.4																			2	56.0			2	56.0			2	58.0	2	62.0	2	62.0			2	60.0			2	64.0			2	62.84	2	47.34	2	53.519999999999996			2	62.0			2	66.0			2	37.46	2	-5.0	2	9.260000000000005																																																																
229	AiA	aia	2	202	0	102			2	159.38	2	181.0	2	190.74							-2	193.4																																																													-2	-7.0	-2	7.260000000000005																																																													-2	-10.260000000000005	-2	-3.4799999999999898
231	iou	iOy			2	104	-2	86.6	-2	157.38	-2	179.0	-2	188.74					2	175.48000000000002	2	195.4																																																									2	37.68	2	39.46	2	-5.0	2	9.260000000000005																																																																
233	oeO	oeo			2	106	2	88.6	2	159.38	2	181.0	2	190.74					-2	173.48000000000002	-2	193.4																																									-2	57.58	-2	60.84	-2	45.34	-2	51.519999999999996									-2	35.68	-2	37.46	-2	-7.0	-2	7.260000000000005																																			2	52.0			2	54.0											2	54.0			2	60.0								
235	aAi	aai			2	108			2	161.38	2	183.0	2	192.74							-2	191.4																																																																																																																					2	56.0	2	62.0	2	30.200000000000003	2	36.94			-2	-5.47999999999999
236	iaa	iAA			2	110			-2	159.38	-2	181.0	-2	190.74							2	193.4																																																													2	-5.0	2	9.260000000000005																																																																
239	aAO	aao			2	112	2	90.6	2	161.38	2	183.0	2	192.74					-2	171.48000000000002	-2	191.4																																																																																																																			2	56.0	2	58.0	2	64.0	2	32.2	2	38.94	2	-8.260000000000005	2	-3.4799999999999898
240	eau	eAy			2	114			-2	159.38	-2	181.0	-2	190.74							2	193.4																																													2	47.34	2	53.519999999999996													2	-3.0	2	11.260000000000005																																																																
242	eOe	eoe			2	116	2	92.6	2	161.38	2	183.0	2	192.74					-2	169.48000000000002	-2	191.4																																									-2	55.58	-2	58.84	-2	45.34	-2	51.519999999999996									-2	33.68	-2	35.46	-2	-5.0	-2	9.260000000000005																																									-2	35.96	-2	35.72	-2	29.619999999999997	-2	28.04									-2	30.200000000000003	-2	36.94	-2	-10.260000000000005	-2	-5.47999999999999
243	oIu	oiu			2	118							-2	190.74	2	144.0	2	188.0	2	171.48000000000002	2	193.4																																																													-2	-7.0	-2	7.260000000000005																																													-2	27.619999999999997	-2	26.04													-2	-12.260000000000005	-2	-7.47999999999999
244	eAe	eae			2	120			2	163.38	2	185.0	2	192.74							-2	191.4																																													-2	43.34	-2	49.519999999999996													-2	-9.0	-2	5.260000000000005																																																									-2	28.200000000000003	-2	34.94	-2	-14.260000000000005	-2	-9.47999999999999
245	OIE	Oie			2	122					-2	183.0	-2	190.74	2	146.0	2	190.0	2	173.48000000000002	2	193.4	2	56.0	2	56.0	2	56.0	2	56.0	2	58.0	2	58.0	2	58.0	2	58.0	2	56.0	2	58.0	2	56.0	2	58.0	2	58.0	2	60.0	2	64.0	2	64.0	2	56.0	2	62.0	2	58.0	2	66.0	2	57.58	2	60.84	2	45.34	2	51.519999999999996	2	56.0	2	64.0	2	58.0	2	68.0	2	35.68	2	37.46	2	-7.0	2	7.260000000000005																																																																
247	uOi	uoi			2	124	2	94.6	2	165.38	2	185.0	2	192.74					-2	171.48000000000002	-2	191.4																																																																																																													-2	25.619999999999997	-2	24.04	2	52.0	2	58.0	2	60.0	2	66.0	2	30.200000000000003	2	36.94			-2	-11.47999999999999
248	OEE	Oee			2	126					-2	183.0	-2	190.74			2	192.0	2	173.48000000000002	2	193.4					2	58.0	2	58.0	2	60.0	2	60.0	2	60.0	2	60.0					2	58.0	2	60.0	2	60.0	2	62.0	2	66.0	2	66.0					2	60.0	2	68.0	2	59.58	2	62.84	2	47.34	2	53.519999999999996					2	60.0	2	70.0	2	37.68	2	39.46	2	-5.0	2	9.260000000000005																																																																
249	oAA	oaa			2	128			2	167.38	2	185.0	2	192.74							-2	191.4																																																																																																					2	54.0	2	56.0	2	37.96	2	37.72	2	27.619999999999997	2	26.04					2	62.0	2	68.0	2	32.2	2	38.94	2	-12.260000000000005	2	-9.47999999999999
250	eaE	eae			2	130					-2	183.0	-2	190.74			2	194.0	2	175.48000000000002	2	193.4																																							2	70.0			2	64.84			2	55.519999999999996							2	72.0			2	41.46			2	11.260000000000005																																																									-2	30.200000000000003	-2	36.94	-2	-14.260000000000005	-2	-11.47999999999999
251	AIE	Aie			2	132					-2	181.0	-2	188.74	2	148.0	2	196.0	2	177.48000000000002	2	195.4																	2	58.0	2	60.0	2	60.0	2	62.0	2	62.0	2	64.0	2	68.0	2	68.0	2	58.0	2	64.0	2	62.0	2	72.0	2	61.58	2	66.84	2	49.34	2	57.519999999999996	2	58.0	2	66.0	2	62.0	2	74.0	2	39.68	2	43.46	2	-3.0	2	13.260000000000005																																																																
253	aOe	aoe			2	134	2	96.6	2	169.38	2	183.0	2	190.74					-2	175.48000000000002	-2	193.4																																																																																																									-2	35.96	-2	35.72	-2	25.619999999999997	-2	24.04	2	54.0	2	60.0	2	64.0	2	70.0			-2	34.94			-2	-13.47999999999999
254	uiy	uiu			2	136			2	171.38	2	185.0	2	192.74							-2	191.4																																																													-2	-5.0	-2	11.260000000000005																																																							2	72.0			2	36.94				
258	Ao	AO			2	138	-2	94.6	-2	169.38	-2	183.0	-2	190.74					2	177.48000000000002	2	193.4																									2	64.0	2	66.0	2	70.0	2	70.0									2	63.58	2	68.84	2	51.34	2	59.519999999999996									2	41.68	2	45.46	2	-3.0	2	13.260000000000005																																																																
260	ay	au			2	140			2	171.38	2	185.0	2	192.74							-2	191.4																																																																																																																					2	66.0	2	74.0	2	32.2	2	38.94	2	-12.260000000000005	2	-11.47999999999999
263	eue	eye			2	142			-2	169.38	-2	183.0	-2	190.74							2	193.4																																													2	53.34	2	61.519999999999996													2	-1.0	2	15.260000000000005																																																									2	34.2	2	40.94	2	-10.260000000000005	2	-9.47999999999999
264	ay	au			2	144			2	171.38	2	185.0	2	192.74							-2	191.4																																																																																																																					2	68.0	2	76.0	2	36.2	2	42.94	2	-8.260000000000005	2	-7.47999999999999
266	yua	yyA			2	146			-2	169.38	-2	183.0	-2	190.74							2	193.4																													2	72.0	2	72.0													2	55.34	2	63.519999999999996													2	1.0	2	17.260000000000005																																																																
267	uyy	uuu			2	148			2	171.38	2	185.0	2	192.74							-2	191.4																																																																																																																					2	70.0	2	78.0	2	38.2	2	44.94	2	-6.260000000000005	2	-5.47999999999999
268	yoe	yOe			2	150	-2	92.6	-2	169.38	-2	183.0	-2	190.74					2	179.48000000000002	2	193.4																									2	66.0	2	68.0	2	74.0	2	74.0									2	65.58	2	70.84	2	57.34	2	65.52									2	43.68	2	47.46	2	3.0	2	19.260000000000005																																									2	37.96	2	37.72	2	27.619999999999997	2	26.04									2	40.2	2	46.94	2	-4.260000000000005	2	-3.4799999999999898
269	eOy	eou			2	152	2	94.6	2	171.38	2	185.0	2	192.74					-2	177.48000000000002	-2	191.4																																									-2	63.58	-2	68.84	-2	55.34	-2	63.519999999999996									-2	41.68	-2	45.46	-2	1.0	-2	17.260000000000005																																																																
270	oEI	oei			2	154					-2	183.0	-2	190.74	2	150.0	2	198.0	2	179.48000000000002	2	193.4																																																																																																									-2	35.96	-2	35.72	-2	25.619999999999997	-2	24.04									-2	38.2	-2	44.94	-2	-6.260000000000005	-2	-5.47999999999999
272	iOe	ioe			2	156	2	96.6	2	173.38	2	185.0	2	192.74					-2	177.48000000000002	-2	191.4																																																									-2	39.68	-2	43.46	-2	-1.0	-2	15.260000000000005																																									-2	33.96	-2	33.72	-2	23.619999999999997	-2	22.04									-2	36.2	-2	42.94	-2	-8.260000000000005	-2	-7.47999999999999
273	uy	uu			2	158			2	175.38	2	187.0	2	194.74							-2	189.4																																																																																																																					2	72.0	2	80.0	2	38.2	2	44.94	2	-6.260000000000005	2	-5.47999999999999
277	aEu	aeu			2	160					-2	185.0	-2	192.74			2	200.0	2	179.48000000000002	2	191.4																																													-2	53.34	-2	61.519999999999996													-2	-3.0	-2	13.260000000000005																																																									-2	36.2	-2	42.94	-2	-8.260000000000005	-2	-7.47999999999999
278	eai	eAi			2	162			-2	173.38	-2	183.0	-2	190.74							2	193.4																																													2	55.34	2	63.519999999999996													2	-1.0	2	15.260000000000005																																																													2	-6.260000000000005	2	-5.47999999999999
281	iAi	iai			2	164			2	175.38	2	185.0	2	192.74							-2	191.4																																																													-2	-3.0	-2	13.260000000000005																																																													-2	-8.260000000000005	-2	-7.47999999999999
281	Apriori	Id(Bk)Syl1>>Id(Bk)	2	204																																																																																																																																																			
285	Aa	AA			2	166			-2	173.38	-2	183.0	-2	190.74							2	193.4																													2	76.0	2	76.0													2	57.34	2	65.52													2	-1.0	2	15.260000000000005																																																																
285	Apriori	Id(Bk)Syl1>>Id(Bk)	2	206																																																																																																																																																			
288	Auu	Ayy			2	168			-2	171.38	-2	181.0	-2	188.74							2	195.4																													2	78.0	2	78.0													2	59.34	2	67.52													2	1.0	2	17.260000000000005																																																																
288	Apriori	Id(Bk)Syl1>>Id(Bk)	2	208																																																																																																																																																			
289	iiA	iia			2	170			2	173.38	2	183.0	2	190.74							-2	193.4																																																													-2	-1.0	-2	15.260000000000005																																																																
289	Apriori	Id(Bk)Syl1>>Id(Bk)	2	210																																																																																																																																																			
290	aOe	aoe			2	172	2	98.6	2	175.38	2	185.0	2	192.74					-2	177.48000000000002	-2	191.4																																																																																																									-2	31.96	-2	31.72	-2	21.619999999999997	-2	20.04	2	56.0	2	62.0	2	74.0	2	82.0			-2	40.94			-2	-9.47999999999999
290	Apriori	Id(Bk)Syl1>>Id(Bk)	2	212																																																																																																																																																			
293	eeu	eey			2	174			-2	173.38	-2	183.0	-2	190.74							2	193.4																																													2	61.34	2	69.52													2	1.0	2	17.260000000000005																																																																
293	Apriori	Id(Bk)Syl1>>Id(Bk)	2	214																																																																																																																																																			
296	aiA	aia			2	176			2	175.38	2	185.0	2	192.74							-2	191.4																																																													-2	-1.0	-2	15.260000000000005																																																							2	84.0			2	42.94				
296	Apriori	Id(Bk)Syl1>>Id(Bk)	2	216																																																																																																																																																			
298	yui	yyi			2	178			-2	173.38	-2	183.0	-2	190.74							2	193.4																													2	80.0	2	80.0													2	63.34	2	71.52													2	1.0	2	17.260000000000005																																																													2	-6.260000000000005	2	-7.47999999999999
298	Apriori	Id(Bk)Syl1>>Id(Bk)	2	218																																																																																																																																																			
300	iiO	iio			2	180	2	100.6	2	175.38	2	185.0	2	192.74					-2	175.48000000000002	-2	191.4																																																									-2	37.68	-2	41.46	-2	-1.0	-2	15.260000000000005																																																																
300	Apriori	Id(Bk)Syl1>>Id(Bk)	2	220																																																																																																																																																			
301	iu	iy			2	182			-2	173.38	-2	183.0	-2	190.74							2	193.4																																																													2	1.0	2	17.260000000000005																																																																
301	Apriori	Id(Bk)Syl1>>Id(Bk)	2	222																																																																																																																																																			
304	Ooa	OOA			2	184	-2	98.6	-2	171.38	-2	181.0	-2	188.74					2	177.48000000000002	2	195.4									2	62.0	2	62.0	2	62.0	2	62.0									2	68.0	2	70.0	2	82.0	2	82.0									2	65.58	2	70.84	2	65.34	2	73.52									2	39.68	2	43.46	2	3.0	2	19.260000000000005																																																																
304	Apriori	Id(Bk)Syl1>>Id(Bk)	2	224																																																																																																																																																			
308	iA	ia			2	186			2	173.38	2	183.0	2	190.74							-2	193.4																																																													-2	1.0	-2	17.260000000000005																																																																
308	Apriori	Id(Bk)Syl1>>Id(Bk)	2	226																																																																																																																																																			
309	oiy	oiu			2	188			2	175.38	2	185.0	2	192.74							-2	191.4																																																													-2	-1.0	-2	15.260000000000005																																							2	58.0			2	33.72											2	86.0			2	44.94				
309	Apriori	Id(Bk)Syl1>>Id(Bk)	2	228																																																																																																																																																			
313	iua	iyA			2	190			-2	173.38	-2	183.0	-2	190.74							2	193.4																																																													2	1.0	2	17.260000000000005																																																																
313	Apriori	Id(Bk)Syl1>>Id(Bk)	2	230																																																																																																																																																			
317	iiA	iia			2	192			2	175.38	2	185.0	2	192.74							-2	191.4																																																													-2	-1.0	-2	15.260000000000005																																																																
317	Apriori	Id(Bk)Syl1>>Id(Bk)	2	232																																																																																																																																																			
325	iae	iAe			2	194			-2	173.38	-2	183.0	-2	190.74							2	193.4																																																													2	1.0	2	17.260000000000005																																																									2	38.2	2	46.94	2	-4.260000000000005	2	-5.47999999999999
325	Apriori	Id(Bk)Syl1>>Id(Bk)	2	234																																																																																																																																																			
328	oy	ou			2	196			2	175.38	2	185.0	2	192.74							-2	191.4																																																																																																					2	56.0	2	60.0	2	33.96	2	35.72	2	23.619999999999997	2	22.04					2	76.0	2	88.0	2	40.2	2	48.94	2	-2.260000000000005	2	-3.4799999999999898
328	Apriori	Id(Bk)Syl1>>Id(Bk)	2	236																																																																																																																																																			
336	yuu	yyy			2	198			-2	173.38	-2	183.0	-2	190.74							2	193.4																													2	84.0	2	84.0													2	67.34	2	75.52													2	3.0	2	19.260000000000005																																																																
336	Apriori	Id(Bk)Syl1>>Id(Bk)	2	238																																																																																																																																																			
351	eiA	eia			2	200			2	175.38	2	185.0	2	192.74							-2	191.4																																															-2	73.52													-2	1.0	-2	17.260000000000005																																																																
351	Apriori	Id(Bk)Syl1>>Id(Bk)	2	240																																																																																																																																																			
558	Oia	OiA			2	202			-2	173.38	-2	183.0	-2	190.74							2	193.4															2	64.0															2	86.0															2	75.52													2	3.0	2	19.260000000000005																																																																
558	Apriori	Id(Bk)Syl1>>Id(Bk)	2	242																																																																																																																																																			
1970	eOA	eoa			2	204	2	100.6	2	175.38	2	185.0	2	192.74					-2	175.48000000000002	-2	191.4																																									-2	63.58	-2	68.84	-2	65.34	-2	73.52									-2	37.68	-2	41.46	-2	1.0	-2	17.260000000000005																																																																
1970	Apriori	Id(Bk)Syl1>>Id(Bk)	2	244																																																																																																																																																			
TOTAL				244		204		100.6		175.38		185.0		192.74		150.0		200.0		175.48000000000002		191.4		56.0		56.0		58.0		58.0		62.0		62.0		62.0		64.0		58.0		60.0		60.0		62.0		68.0		70.0		84.0		86.0		58.0		64.0		62.0		72.0		63.58		68.84		65.34		73.52		58.0		66.0		62.0		74.0		37.68		41.46		1.0		17.260000000000005		50.0		50.0		50.0		50.0		50.0		50.0		50.0		50.0		50.0		50.0		50.0		50.0		50.0		50.0		50.0		50.0		50.0		52.0		56.0		60.0		33.96		35.72		23.619999999999997		22.04		56.0		62.0		76.0		88.0		40.2		48.94		-2.260000000000005		-3.4799999999999898
