trialnum	Generated	Heard	Id(Bk)Syl1	now	Id(Bk)	now	*F1	now	*F3	now	*F4	now	*F5	now	*B1	now	*B2	now	*B3	now	*B5	now	*F1_B1	now	*F1..._B1	now	*F1_B2	now	*F1..._B2	now	*F1_B3	now	*F1..._B3	now	*F1_B5	now	*F1..._B5	now	*F3_B1	now	*F3..._B1	now	*F3_B2	now	*F3..._B2	now	*F3_B3	now	*F3..._B3	now	*F3_B5	now	*F3..._B5	now	*F4_B1	now	*F4..._B1	now	*F4_B2	now	*F4..._B2	now	*F4_B3	now	*F4..._B3	now	*F4_B5	now	*F4..._B5	now	*F5_B1	now	*F5..._B1	now	*F5_B2	now	*F5..._B2	now	*F5_B3	now	*F5..._B3	now	*F5_B5	now	*F5..._B5	now	*_B1F1	now	*_B1...F1	now	*_B1F3	now	*_B1...F3	now	*_B1F4	now	*_B1...F4	now	*_B1F5	now	*_B1...F5	now	*_B2F1	now	*_B2...F1	now	*_B2F3	now	*_B2...F3	now	*_B2F4	now	*_B2...F4	now	*_B2F5	now	*_B2...F5	now	*_B3F1	now	*_B3...F1	now	*_B3F3	now	*_B3...F3	now	*_B3F4	now	*_B3...F4	now	*_B3F5	now	*_B3...F5	now	*_B5F1	now	*_B5...F1	now	*_B5F3	now	*_B5...F3	now	*_B5F4	now	*_B5...F4	now	*_B5F5	now	*_B5...F5	now
				0		0		105.43		116.33		140.05		164.20999999999998		100.0		105.68		129.4		177.44		100.0		100.0		100.0		100.0		101.04		101.99		103.1		105.78		100.0		100.0		100.0		100.0		103.15		105.7		109.75		117.76		100.0		100.0		100.0		100.0		105.87		108.65		117.88		126.42		100.0		100.0		100.0		100.0		108.65		111.23		126.1		134.01		100.0		100.0		100.0		100.0		100.0		100.0		100.0		100.0		100.0		100.0		100.0		100.0		101.15		101.73		102.22		103.3		100.0		100.0		100.0		100.0		103.79		105.18		107.65		109.89		100.0		100.0		100.0		100.0		109.58		112.45		119.14		123.74
1	eO	eo			3.3333333333333335	3.3333333333333335	3.3333333333333335	108.76333333333334	3.3333333333333335	119.66333333333333	3.3333333333333335	143.38333333333335	3.3333333333333335	167.54333333333332					-2	127.4	-2	175.44																																									-2	103.87	-2	106.65	-2	115.88	-2	124.42									-2	106.65	-2	109.23	-2	124.1	-2	132.01																																																																
2	OOe	ooe	3.3333333333333335	3.3333333333333335	0	3.3333333333333335	3.3333333333333335	112.09666666666666	3.3333333333333335	122.99666666666666	3.3333333333333335	146.7166666666667	3.3333333333333335	170.87666666666667					-2	125.4	-2	173.44																																																																																																									-2	101.79	-2	103.18	-2	105.65	-2	107.89									-2	107.58	-2	110.45	-2	117.14	-2	121.74
3	uIa	yia	2.3333333333333335	5.666666666666667	0	3.3333333333333335			-2	120.99666666666666	-2	144.7166666666667	-2	168.87666666666667	2.3333333333333335	102.33333333333333	2.3333333333333335	108.01333333333334	2.3333333333333335	127.73333333333333	2.3333333333333335	175.77333333333334																															-2	115.76															-2	122.42													-2	122.1	-2	130.01																																																																
4	eAi	eai			2.8	6.133333333333333			2.8	123.79666666666665	2.8	147.5166666666667	2.8	171.67666666666668							-2	173.77333333333334																																													-2	113.88	-2	120.42													-2	120.1	-2	128.01																																																													-2	115.14	-2	119.74
5	Aii	aii	1.2	6.866666666666667	0	6.133333333333333			1.2	124.99666666666666	1.2	148.7166666666667	1.2	172.87666666666667							-2	171.77333333333334																																																																																																																													-2	113.14	-2	117.74
6	Ayy	Auu			2.8	8.933333333333334			2.8	127.79666666666665	2.8	151.5166666666667	2.8	175.67666666666668							-2	169.77333333333334																													-2	107.75	-2	113.76													-2	111.88	-2	118.42													-2	118.1	-2	126.00999999999999																																																																
7	oIo	Oio	4.666666666666667	11.533333333333335	0	8.933333333333334	-2	110.09666666666666	-2	125.79666666666665	-2	149.5166666666667	-2	173.67666666666668	4.666666666666667	107.0	4.666666666666667	112.68	4.666666666666667	132.4	4.666666666666667	174.44											-2	99.99			-2	103.78											-2	103.7			-2	111.76											-2	104.65			-2	116.42									-2	104.65	-2	107.23	-2	116.1	-2	124.00999999999999																																																																
9	yeO	yeo			4.0	12.933333333333334	4.0	114.09666666666666	4.0	129.79666666666665	4.0	153.5166666666667	4.0	177.67666666666668					-2	130.4	-2	172.44																											-2	101.7			-2	109.76									-2	101.87	-2	102.65	-2	109.88	-2	114.42									-2	102.65	-2	105.23	-2	114.1	-2	122.00999999999999																																																																
10	EuI	Eui			1.6666666666666667	14.6							-2	175.67666666666668	1.6666666666666667	108.66666666666667	1.6666666666666667	114.34666666666668	1.6666666666666667	132.06666666666666	1.6666666666666667	174.10666666666665																																																																																															-2	101.3															-2	105.89													-2	111.14	-2	115.74
11	EIo	Eio			3.6666666666666665	18.266666666666666							-2	173.67666666666668	3.6666666666666665	112.33333333333334	3.6666666666666665	118.01333333333335	3.6666666666666665	135.73333333333332	3.6666666666666665	177.7733333333333																																																									-2	100.65	-2	103.23	-2	112.1	-2	120.00999999999999																													-2	100.22	-2	99.3													-2	103.65	-2	103.89													-2	109.14	-2	113.74
12	eAe	eae			3.6	21.866666666666667			3.6	133.39666666666665	3.6	157.1166666666667	3.6	177.27666666666667							-2	175.7733333333333																																													-2	107.88	-2	112.42													-2	110.1	-2	118.00999999999999																																																									-2	105.58	-2	108.45	-2	107.14	-2	111.74
13	oo	Oo	10.0	21.533333333333335	0	21.866666666666667	-2	112.09666666666666	-2	131.39666666666665	-2	155.1166666666667	-2	175.27666666666667					10.0	145.73333333333332	10.0	185.7733333333333									-2	99.04	-2	97.99	-2	101.1	-2	101.78									-2	101.15	-2	99.7	-2	105.75	-2	107.76									-2	99.87	-2	100.65	-2	105.88	-2	110.42									-2	98.65	-2	101.23	-2	108.1	-2	116.00999999999999																																																																
14	ey	eu			2.0	23.866666666666667			2.0	133.39666666666665	2.0	157.1166666666667	2.0	177.27666666666667							-2	183.7733333333333																																													-2	103.88	-2	108.42													-2	106.1	-2	114.00999999999999																																																																
15	OOe	Ooe			8.666666666666666	32.53333333333333	8.666666666666666	120.76333333333334	8.666666666666666	142.0633333333333	8.666666666666666	165.78333333333336	8.666666666666666	185.94333333333333					-2	143.73333333333332	-2	181.7733333333333									-2	97.04	-2	95.99	-2	99.1	-2	99.78									-2	99.15	-2	97.7	-2	103.75	-2	105.76									-2	97.87	-2	98.65	-2	101.88	-2	106.42									-2	96.65	-2	99.23	-2	104.1	-2	112.00999999999999																																									-2	99.79	-2	101.18	-2	101.65	-2	101.89									-2	103.58	-2	106.45	-2	105.14	-2	109.74
16	oaI	Oai	4.666666666666667	26.200000000000003	0	32.53333333333333	-2	118.76333333333334	-2	140.0633333333333	-2	163.78333333333336	-2	183.94333333333333	4.666666666666667	117.00000000000001	4.666666666666667	122.68000000000002	4.666666666666667	148.39999999999998	4.666666666666667	186.43999999999997													-2	97.1	-2	97.78													-2	101.75	-2	103.76													-2	99.88	-2	104.42													-2	102.1	-2	110.00999999999999																																																													-2	103.14	-2	107.74
18	eiA	Eia	4.4	30.6	0	32.53333333333333			4.4	144.4633333333333	4.4	168.18333333333337	4.4	188.34333333333333			-2	120.68000000000002	-2	146.39999999999998	-2	184.43999999999997																																																													-2	100.1	-2	108.00999999999999																													-2	98.22	-2	97.3													-2	99.65	-2	99.89													-2	101.14	-2	105.74
19	yiy	uiu	2.0	32.6	0	32.53333333333333			2.0	146.4633333333333	2.0	170.18333333333337	2.0	190.34333333333333							-2	182.43999999999997																																																													-2	98.1	-2	106.00999999999999																																																													-2	99.14	-2	103.74
20	uau	yau	6.0	38.6	0	32.53333333333333			-2	144.4633333333333	-2	168.18333333333337	-2	188.34333333333333							6.0	188.43999999999997																													-2	99.75	-2	101.76													-2	97.88	-2	102.42													-2	96.1	-2	104.00999999999999																																																																
21	yey	ueu	3.6	42.2	0	32.53333333333333			3.6	148.0633333333333	3.6	171.78333333333336	3.6	191.94333333333333							-2	186.43999999999997																																													-2	95.88	-2	100.42													-2	94.1	-2	102.00999999999999																																																									-2	101.58	-2	104.45	-2	97.14	-2	101.74
22	EII	Eii			2.3333333333333335	34.86666666666667							-2	189.94333333333333	2.3333333333333335	119.33333333333334	2.3333333333333335	123.01333333333335	2.3333333333333335	148.73333333333332	2.3333333333333335	188.7733333333333																																																																																													-2	96.22	-2	95.3													-2	97.65	-2	97.89													-2	95.14	-2	99.74
23	aoa	Aoa	10.0	52.2	0	34.86666666666667			-2	146.0633333333333	-2	169.78333333333336	-2	187.94333333333333							10.0	198.7733333333333																									-2	97.15	-2	95.7	-2	97.75	-2	99.76									-2	95.87	-2	96.65	-2	93.88	-2	98.42									-2	94.65	-2	97.23	-2	92.1	-2	100.00999999999999																																																																
24	eAy	eau			2.0	36.86666666666667			2.0	148.0633333333333	2.0	171.78333333333336	2.0	189.94333333333333							-2	196.7733333333333																																													-2	91.88	-2	96.42													-2	90.1	-2	98.00999999999999																																																																
25	Aei	aei	2.0	54.2	0	36.86666666666667			2.0	150.0633333333333	2.0	173.78333333333336	2.0	191.94333333333333							-2	194.7733333333333																																																																																																																									-2	99.58	-2	102.45	-2	93.14	-2	97.74
26	Oey	oeu	4.666666666666667	58.86666666666667	0	36.86666666666667	4.666666666666667	123.43	4.666666666666667	154.72999999999996	4.666666666666667	178.45000000000002	4.666666666666667	196.60999999999999					-2	146.73333333333332	-2	192.7733333333333																																													-2	89.88	-2	94.42													-2	88.1	-2	96.00999999999999																																									-2	97.79	-2	99.18	-2	95.65	-2	95.89									-2	97.58	-2	100.45	-2	91.14	-2	95.74
27	oIo	Oio	4.666666666666667	63.53333333333333	0	36.86666666666667	-2	121.43	-2	152.72999999999996	-2	176.45000000000002	-2	194.60999999999999	4.666666666666667	124.00000000000001	4.666666666666667	127.68000000000002	4.666666666666667	151.39999999999998	4.666666666666667	197.43999999999997											-2	93.99			-2	95.78											-2	93.7			-2	97.76											-2	94.65			-2	92.42									-2	92.65	-2	95.23	-2	86.1	-2	94.00999999999999																																																																
28	AA	aa	0.4	63.93333333333333	0	36.86666666666667			0.4	153.12999999999997	0.4	176.85000000000002	0.4	195.01							-2	195.43999999999997																																																																																																																																
29	uaI	uai			1.0	37.86666666666667							-2	193.01	1.0	125.00000000000001	1.0	128.68	1.0	152.39999999999998	1.0	196.43999999999997																																																																																																																													-2	89.14	-2	93.74
30	AA	Aa			2.8	40.666666666666664			2.8	155.92999999999998	2.8	179.65000000000003	2.8	195.81							-2	194.43999999999997																													-2	95.75	-2	95.76													-2	87.88	-2	90.42													-2	84.1	-2	92.00999999999999																																																																
31	EI	ei	0.6666666666666666	64.6	0	40.666666666666664					-2	177.65000000000003	-2	193.81	0.6666666666666666	125.66666666666669	0.6666666666666666	129.34666666666666	0.6666666666666666	153.06666666666663	0.6666666666666666	195.10666666666663																																																																																																																																
32	ouI	oui			1.3333333333333333	42.0							-2	191.81	1.3333333333333333	127.00000000000001	1.3333333333333333	130.68	1.3333333333333333	154.39999999999998	1.3333333333333333	196.43999999999997																																																																																																															-2	93.89													-2	87.14	-2	91.74
33	eii	Eii	4.5	69.1	0	42.0					4.5	182.15000000000003	4.5	196.31			-2	128.68	-2	152.39999999999998	-2	194.43999999999997																																																																																													-2	94.22	-2	93.3													-2	93.65	-2	91.89													-2	85.14	-2	89.74
34	AOA	aoa	0.6666666666666666	69.76666666666667	0	42.0	0.6666666666666666	122.09666666666668	0.6666666666666666	156.59666666666664	0.6666666666666666	182.8166666666667	0.6666666666666666	196.97666666666666					-2	150.39999999999998	-2	192.43999999999997																																																																																																																																
35	au	Au	6.0	75.76666666666667	0	42.0			-2	154.59666666666664	-2	180.8166666666667	-2	194.97666666666666							6.0	198.43999999999997																													-2	93.75	-2	93.76													-2	85.88	-2	88.42													-2	82.1	-2	90.00999999999999																																																																
36	IuE	iue	2.6666666666666665	78.43333333333334	0	42.0					-2	178.8166666666667	-2	192.97666666666666	2.6666666666666665	129.66666666666669	2.6666666666666665	131.34666666666666	2.6666666666666665	153.06666666666663	2.6666666666666665	201.10666666666663																																																													-2	80.1	-2	88.00999999999999																																																									-2	95.58	-2	98.45	-2	83.14	-2	87.74
37	yAi	uai	1.2	79.63333333333334	0	42.0			1.2	155.79666666666662	1.2	180.01666666666668	1.2	194.17666666666665							-2	199.10666666666663																																																																																																																													-2	81.14	-2	85.74
38	OAy	Oau			3.6	45.6			3.6	159.39666666666662	3.6	183.61666666666667	3.6	197.77666666666664							-2	197.10666666666663													-2	95.1	-2	93.78													-2	91.75	-2	91.76													-2	83.88	-2	86.42													-2	78.1	-2	86.00999999999999																																																																
40	IIu	iiu	1.0	80.63333333333334	0	45.6							-2	195.77666666666664	1.0	130.66666666666669	1.0	132.34666666666666	1.0	154.06666666666663	1.0	198.10666666666663																																																													-2	76.1	-2	84.00999999999999																																																																
41	eAA	eaa			2.0	47.6			2.0	161.39666666666662	2.0	185.61666666666667	2.0	197.77666666666664							-2	196.10666666666663																																													-2	81.88	-2	84.42													-2	74.1	-2	82.00999999999999																																																																
42	EEu	Eeu			7.2	54.800000000000004					-2	183.61666666666667	-2	195.77666666666664			7.2	139.54666666666665	7.2	161.26666666666662	7.2	203.30666666666662																																													-2	79.88	-2	82.42													-2	72.1	-2	80.00999999999999																									-2	99.15	-2	99.73	-2	92.22	-2	91.3									-2	95.79	-2	97.18	-2	91.65	-2	89.89									-2	93.58	-2	96.45	-2	79.14	-2	83.74
43	AiA	Aia			2.0	56.800000000000004			2.0	163.39666666666662	2.0	185.61666666666667	2.0	197.77666666666664							-2	201.30666666666662																															-2	89.76															-2	80.42													-2	70.1	-2	78.00999999999999																																																																
44	eiO	Eio	4.333333333333333	84.96666666666667	0	56.800000000000004	4.333333333333333	126.43	4.333333333333333	167.72999999999996	4.333333333333333	189.95000000000002	4.333333333333333	202.10999999999999			-2	137.54666666666665	-2	159.26666666666662	-2	199.30666666666662																																																									-2	90.65	-2	93.23	-2	68.1	-2	76.00999999999999																													-2	90.22	-2	89.3													-2	89.65	-2	87.89													-2	77.14	-2	81.74
45	oI	Oi	1.3333333333333333	86.3	0	56.800000000000004	-2	124.43	-2	165.72999999999996	-2	187.95000000000002	-2	200.10999999999999	1.3333333333333333	132.00000000000003	1.3333333333333333	138.88	1.3333333333333333	160.59999999999997	1.3333333333333333	200.63999999999996																																																																																																																																
47	yAA	yaa			2.8	59.6			2.8	168.52999999999997	2.8	190.75000000000003	2.8	202.91							-2	198.63999999999996																													-2	89.75	-2	87.76													-2	77.88	-2	78.42													-2	66.1	-2	74.00999999999999																																																																
48	oE	Oe	1.6	87.89999999999999	0	59.6	-2	122.43	-2	166.52999999999997	-2	188.75000000000003	-2	200.91			1.6	140.48	1.6	162.19999999999996	1.6	200.23999999999995																																																																																																																																
50	EuE	Eue			4.0	63.6					-2	186.75000000000003	-2	198.91			4.0	144.48	4.0	166.19999999999996	4.0	204.23999999999995																																																																																											-2	97.73			-2	87.3											-2	95.18			-2	85.89									-2	91.58	-2	94.45	-2	75.14	-2	79.74
51	AyO	Auo			3.6666666666666665	67.26666666666667	3.6666666666666665	126.09666666666668	3.6666666666666665	170.19666666666663	3.6666666666666665	190.41666666666669	3.6666666666666665	202.57666666666665					-2	164.19999999999996	-2	202.23999999999995																											-2	91.7	-2	87.75	-2	85.76											-2	92.65	-2	75.88	-2	76.42											-2	91.23	-2	64.1	-2	72.00999999999999																																																																
54	Oey	Oeu			2.8	70.06666666666666			2.8	172.99666666666664	2.8	193.2166666666667	2.8	205.37666666666667							-2	200.23999999999995															-2	91.78															-2	83.76													-2	73.88	-2	74.42													-2	62.099999999999994	-2	70.00999999999999																																																																
55	aoo	Aoo	10.0	97.89999999999999	0	70.06666666666666			-2	170.99666666666664	-2	191.2166666666667	-2	203.37666666666667							10.0	210.23999999999995																									-2	95.15	-2	89.7	-2	85.75	-2	81.76									-2	93.87	-2	90.65	-2	71.88	-2	72.42									-2	88.65	-2	89.23	-2	60.099999999999994	-2	68.00999999999999																																																																
57	eAi	Eai	2.8	100.69999999999999	0	70.06666666666666			2.8	173.79666666666665	2.8	194.0166666666667	2.8	206.17666666666668			-2	142.48	-2	162.19999999999996	-2	208.23999999999995																																																																																															-2	85.3															-2	83.89													-2	73.14	-2	77.74
58	iyy	iuu			1.2	71.26666666666667			1.2	174.99666666666664	1.2	195.2166666666667	1.2	207.37666666666667							-2	206.23999999999995																																																													-2	58.099999999999994	-2	66.00999999999999																																																																
60	aII	aii			1.0	72.26666666666667							-2	205.37666666666667	1.0	133.00000000000003	1.0	143.48	1.0	163.19999999999996	1.0	207.23999999999995																																																																																																																													-2	71.14	-2	75.74
61	Oiy	Oiu			2.4	74.66666666666667			2.4	177.39666666666665	2.4	197.6166666666667	2.4	207.77666666666667							-2	205.23999999999995															-2	89.78															-2	79.76															-2	70.42													-2	56.099999999999994	-2	64.00999999999999																																																																
64	EEa	eea	2.4	103.1	0	74.66666666666667					-2	195.6166666666667	-2	205.77666666666667			2.4	145.88	2.4	165.59999999999997	2.4	207.63999999999996																																													-2	69.88	-2	68.42													-2	54.099999999999994	-2	62.00999999999999																																																																
65	aII	Aii	1.0	104.1	0	74.66666666666667			-2	175.39666666666665	-2	193.6166666666667	-2	203.77666666666667	1.0	134.00000000000003	1.0	146.88	1.0	166.59999999999997	1.0	208.63999999999996																																																																																																																																
66	Oie	oie	2.6666666666666665	106.76666666666667	0	74.66666666666667	2.6666666666666665	128.76333333333335	2.6666666666666665	178.0633333333333	2.6666666666666665	196.28333333333336	2.6666666666666665	206.44333333333333					-2	164.59999999999997	-2	206.63999999999996																																																																																																											-2	93.18	-2	87.65	-2	81.89											-2	92.45	-2	69.14	-2	73.74
67	auI	aui			1.0	75.66666666666667							-2	204.44333333333333	1.0	135.00000000000003	1.0	147.88	1.0	165.59999999999997	1.0	207.63999999999996																																																																																																																													-2	67.14	-2	71.74
68	iyO	iuo			1.6666666666666667	77.33333333333334	1.6666666666666667	130.43	1.6666666666666667	179.72999999999996	1.6666666666666667	197.95000000000002	1.6666666666666667	206.10999999999999					-2	163.59999999999997	-2	205.63999999999996																																																											-2	87.23	-2	52.099999999999994	-2	60.00999999999999																																																																
69	AAA	aaa	0.4	107.16666666666667	0	77.33333333333334			0.4	180.12999999999997	0.4	198.35000000000002	0.4	206.51							-2	203.63999999999996																																																																																																																																
70	aII	aii			1.0	78.33333333333334							-2	204.51	1.0	136.00000000000003	1.0	148.88	1.0	164.59999999999997	1.0	204.63999999999996																																																																																																																													-2	65.14	-2	69.74
71	aao	Aao	8.0	115.16666666666667	0	78.33333333333334			-2	178.12999999999997	-2	196.35000000000002	-2	202.51							8.0	212.63999999999996																											-2	87.7	-2	83.75	-2	77.76											-2	88.65	-2	67.88	-2	66.42											-2	85.23	-2	50.099999999999994	-2	58.00999999999999																																																																
72	eye	Eue	4.4	119.56666666666668	0	78.33333333333334			4.4	182.52999999999997	4.4	200.75000000000003	4.4	206.91			-2	146.88	-2	162.59999999999997	-2	210.63999999999996																																																																																											-2	95.73			-2	83.3											-2	91.18			-2	79.89									-2	89.58	-2	90.45	-2	63.14	-2	67.74
73	OOy	oou	0.6666666666666666	120.23333333333335	0	78.33333333333334	0.6666666666666666	131.09666666666666	0.6666666666666666	183.19666666666663	0.6666666666666666	201.41666666666669	0.6666666666666666	207.57666666666665					-2	160.59999999999997	-2	208.63999999999996																																																																																																																																
75	eei	Eei	7.5	127.73333333333335	0	78.33333333333334					7.5	208.91666666666669	7.5	215.07666666666665			-2	144.88	-2	158.59999999999997	-2	206.63999999999996																																																																																									-2	97.15	-2	93.73	-2	88.22	-2	81.3									-2	93.79	-2	89.18	-2	85.65	-2	77.89									-2	87.58	-2	88.45	-2	61.14	-2	65.74
76	EEI	Eei			4.666666666666667	83.00000000000001					-2	206.91666666666669	-2	213.07666666666665	4.666666666666667	140.66666666666669	4.666666666666667	149.54666666666665	4.666666666666667	163.26666666666662	4.666666666666667	211.30666666666662																																																																																									-2	95.15	-2	91.73	-2	86.22	-2	79.3									-2	91.79	-2	87.18	-2	83.65	-2	75.89									-2	85.58	-2	86.45	-2	59.14	-2	63.739999999999995
78	aIE	Aie	1.0	128.73333333333335	0	83.00000000000001			-2	181.19666666666663	-2	204.91666666666669	-2	211.07666666666665	1.0	141.66666666666669	1.0	150.54666666666665	1.0	164.26666666666662	1.0	212.30666666666662																																																																																																																																
79	OA	Oa			3.6	86.60000000000001			3.6	184.79666666666662	3.6	208.51666666666668	3.6	214.67666666666665							-2	210.30666666666662													-2	93.1	-2	87.78													-2	81.75	-2	75.76													-2	65.88	-2	64.42													-2	48.099999999999994	-2	56.00999999999999																																																																
81	uII	uii			1.0	87.60000000000001							-2	212.67666666666665	1.0	142.66666666666669	1.0	151.54666666666665	1.0	165.26666666666662	1.0	211.30666666666662																																																																																																																													-2	57.14	-2	61.739999999999995
83	yOA	yoa			4.666666666666667	92.26666666666668	4.666666666666667	135.76333333333332	4.666666666666667	189.46333333333328	4.666666666666667	213.18333333333334	4.666666666666667	217.3433333333333					-2	163.26666666666662	-2	209.30666666666662																									-2	93.15	-2	85.7	-2	79.75	-2	73.76									-2	91.87	-2	86.65	-2	63.879999999999995	-2	62.42									-2	86.65	-2	83.23	-2	46.099999999999994	-2	54.00999999999999																																																																
84	oEI	Oei	1.3333333333333333	130.0666666666667	0	92.26666666666668	-2	133.76333333333332	-2	187.46333333333328	-2	211.18333333333334	-2	215.3433333333333	1.3333333333333333	144.00000000000003	1.3333333333333333	152.88	1.3333333333333333	164.59999999999997	1.3333333333333333	210.63999999999996																																																																																																																																
85	uaI	uai			1.0	93.26666666666668							-2	213.3433333333333	1.0	145.00000000000003	1.0	153.88	1.0	165.59999999999997	1.0	211.63999999999996																																																																																																																													-2	55.14	-2	59.739999999999995
87	oI	Oi	1.3333333333333333	131.40000000000003	0	93.26666666666668	-2	131.76333333333332	-2	185.46333333333328	-2	209.18333333333334	-2	211.3433333333333	1.3333333333333333	146.33333333333337	1.3333333333333333	155.21333333333334	1.3333333333333333	166.9333333333333	1.3333333333333333	212.9733333333333																																																																																																																																
90	IEo	ieo	3.3333333333333335	134.73333333333338	0	93.26666666666668					-2	207.18333333333334	-2	209.3433333333333	3.3333333333333335	149.6666666666667	3.3333333333333335	158.54666666666668	3.3333333333333335	170.26666666666665	3.3333333333333335	216.30666666666664																																									-2	89.87	-2	84.65	-2	61.879999999999995	-2	60.42									-2	84.65	-2	81.23	-2	44.099999999999994	-2	52.00999999999999																																																																
91	eiA	Eia	4.4	139.13333333333338	0	93.26666666666668			4.4	189.8633333333333	4.4	211.58333333333334	4.4	213.7433333333333			-2	156.54666666666668	-2	168.26666666666665	-2	214.30666666666664																																																													-2	42.099999999999994	-2	50.00999999999999																													-2	84.22	-2	77.3													-2	81.65	-2	73.89													-2	53.14	-2	57.739999999999995
92	Eo	eo	4.0	143.13333333333338	0	93.26666666666668					-2	209.58333333333334	-2	211.7433333333333			4.0	160.54666666666668	4.0	172.26666666666665	4.0	218.30666666666664																																									-2	87.87	-2	82.65	-2	59.879999999999995	-2	58.42									-2	82.65	-2	79.23	-2	40.099999999999994	-2	48.00999999999999																																																																
93	ei	Ei	4.5	147.63333333333338	0	93.26666666666668					4.5	214.08333333333334	4.5	216.2433333333333			-2	158.54666666666668	-2	170.26666666666665	-2	216.30666666666664																																																																																													-2	82.22	-2	75.3													-2	79.65	-2	71.89													-2	51.14	-2	55.739999999999995
95	EoE	Eoe			4.8	98.06666666666668					-2	212.08333333333334	-2	214.2433333333333			4.8	163.3466666666667	4.8	175.06666666666666	4.8	221.10666666666665																																																																																											-2	89.73			-2	73.3									-2	89.79	-2	85.18	-2	77.65	-2	69.89									-2	83.58	-2	84.45	-2	49.14	-2	53.739999999999995
97	OyO	Ouo			4.666666666666667	102.73333333333335	4.666666666666667	136.42999999999998	4.666666666666667	194.52999999999994	4.666666666666667	216.75	4.666666666666667	218.90999999999997					-2	173.06666666666666	-2	219.10666666666665											-2	91.99	-2	91.1	-2	85.78											-2	83.7	-2	77.75	-2	71.76											-2	80.65	-2	57.879999999999995	-2	56.42											-2	77.23	-2	38.099999999999994	-2	46.00999999999999																																																																
98	au	Au	6.0	153.63333333333338	0	102.73333333333335			-2	192.52999999999994	-2	214.75	-2	216.90999999999997							6.0	225.10666666666665																													-2	75.75	-2	69.76													-2	55.879999999999995	-2	54.42													-2	36.099999999999994	-2	44.00999999999999																																																																
99	yiy	uiu	2.0	155.63333333333338	0	102.73333333333335			2.0	194.52999999999994	2.0	216.75	2.0	218.90999999999997							-2	223.10666666666665																																																													-2	34.099999999999994	-2	42.00999999999999																																																													-2	47.14	-2	51.739999999999995
100	AAA	aaa	0.4	156.0333333333334	0	102.73333333333335			0.4	194.92999999999995	0.4	217.15	0.4	219.30999999999997							-2	221.10666666666665																																																																																																																																
101	AOA	aoa	0.6666666666666666	156.70000000000005	0	102.73333333333335	0.6666666666666666	137.09666666666664	0.6666666666666666	195.5966666666666	0.6666666666666666	217.81666666666666	0.6666666666666666	219.97666666666663					-2	171.06666666666666	-2	219.10666666666665																																																																																																																																
102	uEE	yee	1.2	157.90000000000003	0	102.73333333333335			-2	193.5966666666666	-2	215.81666666666666	-2	217.97666666666663			1.2	164.54666666666668	1.2	172.26666666666665	1.2	220.30666666666664																																																																																																																																
103	oE	Oe	1.6	159.50000000000003	0	102.73333333333335	-2	135.09666666666664	-2	191.5966666666666	-2	213.81666666666666	-2	215.97666666666663			1.6	166.14666666666668	1.6	173.86666666666665	1.6	221.90666666666664																																																																																																																																
104	OA	oa	0.6666666666666666	160.16666666666669	0	102.73333333333335	0.6666666666666666	135.7633333333333	0.6666666666666666	192.26333333333326	0.6666666666666666	214.48333333333332	0.6666666666666666	216.6433333333333					-2	171.86666666666665	-2	219.90666666666664																																																																																																																																
105	Ay	au	0.4	160.5666666666667	0	102.73333333333335			0.4	192.66333333333327	0.4	214.88333333333333	0.4	217.0433333333333							-2	217.90666666666664																																																																																																																																
106	oI	oi			1.6666666666666667	104.40000000000002							-2	215.0433333333333	1.6666666666666667	151.33333333333337	1.6666666666666667	167.81333333333333	1.6666666666666667	173.5333333333333	1.6666666666666667	219.5733333333333																																																																																																													-2	75.65	-2	67.89													-2	45.14	-2	49.739999999999995
107	yO	uo	0.6666666666666666	161.23333333333335	0	104.40000000000002	0.6666666666666666	136.42999999999995	0.6666666666666666	193.32999999999993	0.6666666666666666	215.54999999999998	0.6666666666666666	215.70999999999995					-2	171.5333333333333	-2	217.5733333333333																																																																																																																																
108	yiA	yia			2.0	106.40000000000002			2.0	195.32999999999993	2.0	217.54999999999998	2.0	217.70999999999995							-2	215.5733333333333																															-2	67.76															-2	52.42													-2	32.099999999999994	-2	40.00999999999999																																																																
109	aEI	aei			2.0	108.40000000000002					-2	215.54999999999998	-2	215.70999999999995	2.0	153.33333333333337	2.0	169.81333333333333	2.0	173.5333333333333	2.0	217.5733333333333																																																																																																																									-2	81.58	-2	82.45	-2	43.14	-2	47.739999999999995
110	eye	eue			3.6	112.00000000000001			3.6	198.92999999999992	3.6	219.14999999999998	3.6	219.30999999999995							-2	215.5733333333333																																													-2	53.879999999999995	-2	50.42													-2	30.099999999999994	-2	38.00999999999999																																																									-2	79.58	-2	80.45	-2	41.14	-2	45.739999999999995
111	uIE	yie	1.0	162.23333333333335	0	112.00000000000001			-2	196.92999999999992	-2	217.14999999999998	-2	217.30999999999995	1.0	154.33333333333337	1.0	170.81333333333333	1.0	174.5333333333333	1.0	216.5733333333333																																																																																																																																
112	uuI	yui	3.6666666666666665	165.9	0	112.00000000000001			-2	194.92999999999992	-2	215.14999999999998	-2	215.30999999999995	3.6666666666666665	158.00000000000003	3.6666666666666665	174.48	3.6666666666666665	178.19999999999996	3.6666666666666665	220.23999999999995																													-2	73.75	-2	65.76													-2	51.879999999999995	-2	48.42													-2	28.099999999999994	-2	36.00999999999999																																																													-2	39.14	-2	43.739999999999995
113	AAy	Aau			2.8	114.80000000000001			2.8	197.72999999999993	2.8	217.95	2.8	218.10999999999996							-2	218.23999999999995																													-2	71.75	-2	63.760000000000005													-2	49.879999999999995	-2	46.42													-2	26.099999999999994	-2	34.00999999999999																																																																
114	AOO	aoo	0.6666666666666666	166.56666666666666	0	114.80000000000001	0.6666666666666666	137.0966666666666	0.6666666666666666	198.3966666666666	0.6666666666666666	218.61666666666665	0.6666666666666666	218.7766666666666					-2	176.19999999999996	-2	216.23999999999995																																																																																																																																
115	EuI	Eui			1.6666666666666667	116.46666666666668							-2	216.7766666666666	1.6666666666666667	159.66666666666669	1.6666666666666667	176.14666666666665	1.6666666666666667	177.86666666666662	1.6666666666666667	217.9066666666666																																																																																															-2	71.3															-2	65.89													-2	37.14	-2	41.739999999999995
116	ooo	Ooo	10.0	176.56666666666666	0	116.46666666666668	-2	135.0966666666666	-2	196.3966666666666	-2	216.61666666666665	-2	214.7766666666666					10.0	187.86666666666662	10.0	227.9066666666666									-2	95.04	-2	89.99	-2	89.1	-2	83.78									-2	91.15	-2	81.7	-2	69.75	-2	61.760000000000005									-2	85.87	-2	78.65	-2	47.879999999999995	-2	44.42									-2	80.65	-2	75.23	-2	24.099999999999994	-2	32.00999999999999																																																																
117	AAy	Aau			2.8	119.26666666666668			2.8	199.1966666666666	2.8	219.41666666666666	2.8	217.57666666666663							-2	225.9066666666666																													-2	67.75	-2	59.760000000000005													-2	45.879999999999995	-2	42.42													-2	22.099999999999994	-2	30.00999999999999																																																																
118	Oey	oeu	4.666666666666667	181.23333333333332	0	119.26666666666668	4.666666666666667	139.76333333333326	4.666666666666667	203.86333333333326	4.666666666666667	224.08333333333331	4.666666666666667	222.24333333333328					-2	185.86666666666662	-2	223.9066666666666																																													-2	43.879999999999995	-2	40.42													-2	20.099999999999994	-2	28.00999999999999																																									-2	87.79	-2	83.18	-2	73.65	-2	63.89									-2	77.58	-2	78.45	-2	35.14	-2	39.739999999999995
120	eiO	Eio	4.333333333333333	185.56666666666666	0	119.26666666666668	4.333333333333333	144.0966666666666	4.333333333333333	208.1966666666666	4.333333333333333	228.41666666666666	4.333333333333333	226.57666666666663			-2	174.14666666666665	-2	183.86666666666662	-2	221.9066666666666																																																									-2	78.65	-2	73.23	-2	18.099999999999994	-2	26.00999999999999																													-2	80.22	-2	69.3													-2	71.65	-2	61.89													-2	33.14	-2	37.739999999999995
121	EI	Ei			2.3333333333333335	121.60000000000001							-2	224.57666666666663	2.3333333333333335	162.00000000000003	2.3333333333333335	176.48	2.3333333333333335	186.19999999999996	2.3333333333333335	224.23999999999995																																																																																													-2	78.22	-2	67.3													-2	69.65	-2	59.89													-2	31.14	-2	35.739999999999995
122	oaI	Oai	4.666666666666667	190.23333333333332	0	121.60000000000001	-2	142.0966666666666	-2	206.1966666666666	-2	226.41666666666666	-2	222.57666666666663	4.666666666666667	166.66666666666669	4.666666666666667	181.14666666666665	4.666666666666667	190.86666666666662	4.666666666666667	228.9066666666666													-2	87.1	-2	81.78													-2	65.75	-2	57.760000000000005													-2	41.879999999999995	-2	38.42													-2	16.099999999999994	-2	24.00999999999999																																																													-2	29.14	-2	33.739999999999995
123	AyO	Auo			3.6666666666666665	125.26666666666668	3.6666666666666665	145.76333333333326	3.6666666666666665	209.86333333333326	3.6666666666666665	230.08333333333331	3.6666666666666665	226.24333333333328					-2	188.86666666666662	-2	226.9066666666666																											-2	79.7	-2	63.75	-2	55.760000000000005											-2	76.65	-2	39.879999999999995	-2	36.42											-2	71.23	-2	14.099999999999994	-2	22.00999999999999																																																																
124	Oyi	oui	1.6666666666666667	191.89999999999998	0	125.26666666666668	1.6666666666666667	147.42999999999992	1.6666666666666667	211.52999999999992	1.6666666666666667	231.74999999999997	1.6666666666666667	227.90999999999994					-2	186.86666666666662	-2	224.9066666666666																																																																																																															-2	57.89													-2	27.14	-2	31.739999999999995
126	aEa	Aea	3.2	195.09999999999997	0	125.26666666666668			-2	209.52999999999992	-2	229.74999999999997	-2	225.90999999999994			3.2	184.34666666666664	3.2	190.0666666666666	3.2	228.1066666666666																															-2	53.760000000000005													-2	37.879999999999995	-2	34.42													-2	12.099999999999994	-2	20.00999999999999																																																																
127	uua	yua	6.0	201.09999999999997	0	125.26666666666668			-2	207.52999999999992	-2	227.74999999999997	-2	223.90999999999994							6.0	234.1066666666666																													-2	61.75	-2	51.760000000000005													-2	35.879999999999995	-2	32.42													-2	10.099999999999994	-2	18.00999999999999																																																																
128	OAO	Oao			4.666666666666667	129.93333333333334	4.666666666666667	152.09666666666658	4.666666666666667	212.19666666666657	4.666666666666667	232.41666666666663	4.666666666666667	228.5766666666666					-2	188.0666666666666	-2	232.1066666666666											-2	87.99	-2	85.1	-2	79.78											-2	77.7	-2	59.75	-2	49.760000000000005											-2	74.65	-2	33.879999999999995	-2	30.42											-2	69.23	-2	8.099999999999994	-2	16.00999999999999																																																																
129	oEu	oeu			5.6	135.53333333333333					-2	230.41666666666663	-2	226.5766666666666			5.6	189.94666666666663	5.6	193.6666666666666	5.6	237.7066666666666																																													-2	31.879999999999995	-2	28.42													-2	6.099999999999994	-2	14.009999999999991																																									-2	85.79	-2	81.18	-2	67.65	-2	55.89									-2	75.58	-2	76.45	-2	25.14	-2	29.739999999999995
130	Ae	ae	2.0	203.09999999999997	0	135.53333333333333			2.0	214.19666666666657	2.0	232.41666666666663	2.0	228.5766666666666							-2	235.7066666666666																																																																																																																									-2	73.58	-2	74.45	-2	23.14	-2	27.739999999999995
131	yOO	uoo	0.6666666666666666	203.76666666666662	0	135.53333333333333	0.6666666666666666	152.76333333333324	0.6666666666666666	214.86333333333323	0.6666666666666666	233.0833333333333	0.6666666666666666	229.24333333333325					-2	191.6666666666666	-2	233.7066666666666																																																																																																																																
133	eye	eue			3.6	139.13333333333333			3.6	218.46333333333322	3.6	236.68333333333328	3.6	232.84333333333325							-2	231.7066666666666																																													-2	29.879999999999995	-2	26.42													-2	4.099999999999994	-2	12.009999999999991																																																									-2	71.58	-2	72.45	-2	21.14	-2	25.739999999999995
134	aiE	aie			0.5454545454545454	139.67878787878786					-2	234.68333333333328	-2	230.84333333333325			0.5454545454545454	190.49212121212116	0.5454545454545454	192.21212121212113	0.5454545454545454	232.25212121212112																																																					0.5454545454545454	100.54545454545455	0.5454545454545454	100.54545454545455	0.5454545454545454	79.19545454545455	0.5454545454545454	69.77545454545455	0.5454545454545454	4.645454545454539	0.5454545454545454	12.555454545454536																																																											-2	70.45				
135	AA	Aa			2.8	142.47878787878787			2.8	221.26333333333324	2.8	237.4833333333333	2.8	233.64333333333326							-2	230.25212121212112																													-2	57.75	-2	47.760000000000005													-2	27.879999999999995	-2	24.42													-2	2.6454545454545393	-2	10.555454545454536																																																																
136	IEI	iei	0.6666666666666666	204.43333333333328	0	142.47878787878787					-2	235.4833333333333	-2	231.64333333333326	0.6666666666666666	167.33333333333334	0.6666666666666666	191.15878787878782	0.6666666666666666	192.8787878787878	0.6666666666666666	230.91878787878778																																																																																																																																
137	AAy	aau	0.4	204.8333333333333	0	142.47878787878787			0.4	221.66333333333324	0.4	235.8833333333333	0.4	232.04333333333327							-2	228.91878787878778																																																																																																																																
139	oaE	oae			3.2	145.67878787878786					-2	233.8833333333333	-2	230.04333333333327			3.2	194.3587878787878	3.2	196.07878787878778	3.2	232.11878787878777																																																																																																											-2	79.18			-2	53.89									-2	69.58	-2	68.45	-2	19.14	-2	23.739999999999995
140	oui	Oui	4.0	208.8333333333333	0	145.67878787878786	-2	150.76333333333324	-2	219.66333333333324	-2	231.8833333333333	-2	228.04333333333327					4.0	200.07878787878778	4.0	236.11878787878777													-2	83.1	-2	77.78													-2	55.75	-2	45.760000000000005													-2	25.879999999999995	-2	22.42													-2	0.6454545454545393	-2	8.555454545454536																																															4.0	57.89															4.0	27.739999999999995
141	OOi	Ooi			7.333333333333333	153.0121212121212	7.333333333333333	158.09666666666658	7.333333333333333	226.99666666666658	7.333333333333333	239.21666666666664	7.333333333333333	235.3766666666666					-2	198.07878787878778	-2	234.11878787878777									-2	93.04	-2	85.99	-2	81.1	-2	75.78									-2	89.15	-2	75.7	-2	53.75	-2	43.760000000000005									-2	83.87	-2	72.65	-2	23.879999999999995	-2	20.42									-2	77.19545454545455	-2	67.77545454545455	-2	0	-2	6.555454545454536																																													-2	65.65	-2	55.89													-2	17.14	-2	25.739999999999995
142	aa	Aa	6.0	214.8333333333333	0	153.0121212121212			-2	224.99666666666658	-2	237.21666666666664	-2	233.3766666666666							6.0	240.11878787878777																													-2	51.75	-2	41.760000000000005													-2	21.879999999999995	-2	18.42													-2	0	-2	4.555454545454536																																																																
143	ye	ue	2.0	216.8333333333333	0	153.0121212121212			2.0	226.99666666666658	2.0	239.21666666666664	2.0	235.3766666666666							-2	238.11878787878777																																																																																																																									-2	67.58	-2	66.45	-2	15.14	-2	23.739999999999995
144	yeA	uea	3.6	220.43333333333328	0	153.0121212121212			3.6	230.59666666666658	3.6	242.81666666666663	3.6	238.9766666666666							-2	236.11878787878777																																													-2	19.879999999999995	-2	16.42													-2	0	-2	2.555454545454536																																																									-2	65.58	-2	64.45	-2	13.14	-2	21.739999999999995
145	uEE	uee			2.4	155.4121212121212					-2	240.81666666666663	-2	236.9766666666666			2.4	196.7587878787878	2.4	200.47878787878778	2.4	238.51878787878778																																																																																																																									-2	63.58	-2	62.45	-2	11.14	-2	19.739999999999995
146	yiA	uia	2.0	222.43333333333328	0	155.4121212121212			2.0	232.59666666666658	2.0	242.81666666666663	2.0	238.9766666666666							-2	236.51878787878778																																																													-2	0	-2	0.5554545454545359																																																													-2	9.14	-2	17.739999999999995
147	aEE	aee			2.4	157.8121212121212					-2	240.81666666666663	-2	236.9766666666666			2.4	199.15878787878782	2.4	202.8787878787878	2.4	238.91878787878778																																																																																																																									-2	61.58	-2	60.45	-2	7.140000000000001	-2	15.739999999999995
149	aEa	aea			4.0	161.8121212121212					-2	238.81666666666663	-2	234.9766666666666			4.0	203.15878787878782	4.0	206.8787878787878	4.0	242.91878787878778																																													-2	17.879999999999995	-2	14.420000000000002													-2	0	-2	0																																																									-2	59.58	-2	58.45	-2	5.140000000000001	-2	13.739999999999995
150	yiO	uio	2.6666666666666665	225.09999999999994	0	161.8121212121212	2.6666666666666665	160.76333333333324	2.6666666666666665	235.26333333333324	2.6666666666666665	241.4833333333333	2.6666666666666665	237.64333333333326					-2	204.8787878787878	-2	240.91878787878778																																																									-2	75.19545454545455	-2	65.77545454545455	-2	0	-2	0																																																													-2	3.1400000000000006	-2	11.739999999999995
152	uII	yii	1.0	226.09999999999994	0	161.8121212121212			-2	233.26333333333324	-2	239.4833333333333	-2	235.64333333333326	1.0	168.33333333333334	1.0	204.15878787878782	1.0	205.8787878787878	1.0	241.91878787878778																																																																																																																																
153	eO	Eo	1.0	227.09999999999994	0	161.8121212121212	1.0	161.76333333333324	1.0	234.26333333333324	1.0	240.4833333333333	1.0	236.64333333333326			-2	202.15878787878782	-2	203.8787878787878	-2	239.91878787878778																																																																																																																																
154	aoE	aoe			4.0	165.8121212121212					-2	238.4833333333333	-2	234.64333333333326			4.0	206.15878787878782	4.0	207.8787878787878	4.0	243.91878787878778																																																																																																									-2	83.79	-2	77.18	-2	63.650000000000006	-2	53.89									-2	57.58	-2	56.45	-2	1.1400000000000006	-2	9.739999999999995
155	eOO	eoo			3.3333333333333335	169.14545454545456	3.3333333333333335	165.09666666666658	3.3333333333333335	237.59666666666658	3.3333333333333335	241.81666666666663	3.3333333333333335	237.9766666666666					-2	205.8787878787878	-2	241.91878787878778																																									-2	81.87	-2	70.65	-2	15.879999999999995	-2	12.420000000000002									-2	73.19545454545455	-2	63.77545454545455	-2	0	-2	0																																																																
156	aao	Aao	8.0	235.09999999999994	0	169.14545454545456			-2	235.59666666666658	-2	239.81666666666663	-2	235.9766666666666							8.0	249.91878787878778																											-2	73.7	-2	49.75	-2	39.760000000000005											-2	68.65	-2	13.879999999999995	-2	10.420000000000002											-2	61.77545454545455	-2	0	-2	0																																																																
157	eOA	eoa			3.3333333333333335	172.4787878787879	3.3333333333333335	168.42999999999992	3.3333333333333335	238.92999999999992	3.3333333333333335	243.14999999999998	3.3333333333333335	239.30999999999995					-2	203.8787878787878	-2	247.91878787878778																																									-2	79.87	-2	66.65	-2	11.879999999999995	-2	8.420000000000002									-2	71.19545454545455	-2	59.77545454545455	-2	0	-2	0																																																																
158	yOA	yoa			4.666666666666667	177.14545454545456	4.666666666666667	173.09666666666658	4.666666666666667	243.59666666666658	4.666666666666667	247.81666666666663	4.666666666666667	243.9766666666666					-2	201.8787878787878	-2	245.91878787878778																									-2	87.15	-2	71.7	-2	47.75	-2	37.760000000000005									-2	77.87	-2	64.65	-2	9.879999999999995	-2	6.420000000000002									-2	69.19545454545455	-2	57.77545454545455	-2	0	-2	0																																																																
160	uaa	yaa	6.0	241.09999999999994	0	177.14545454545456			-2	241.59666666666658	-2	245.81666666666663	-2	241.9766666666666							6.0	251.91878787878778																													-2	45.75	-2	35.760000000000005													-2	7.8799999999999955	-2	4.420000000000002													-2	0	-2	0																																																																
161	eyO	euo			2.6666666666666665	179.8121212121212	2.6666666666666665	175.76333333333324	2.6666666666666665	244.26333333333324	2.6666666666666665	248.4833333333333	2.6666666666666665	244.64333333333326					-2	199.8787878787878	-2	249.91878787878778																																											-2	62.650000000000006	-2	5.8799999999999955	-2	2.4200000000000017											-2	55.77545454545455	-2	0	-2	0																																																																
162	ey	Eu	1.2	242.29999999999993	0	179.8121212121212			1.2	245.46333333333322	1.2	249.68333333333328	1.2	245.84333333333325			-2	204.15878787878782	-2	197.8787878787878	-2	247.91878787878778																																																																																																																																
164	aau	Aau	6.0	248.29999999999993	0	179.8121212121212			-2	243.46333333333322	-2	247.68333333333328	-2	243.84333333333325							6.0	253.91878787878778																													-2	43.75	-2	33.760000000000005													-2	3.8799999999999955	-2	0.4200000000000017													-2	0	-2	0																																																																
165	yAA	yaa			2.8	182.61212121212122			2.8	246.26333333333324	2.8	250.4833333333333	2.8	246.64333333333326							-2	251.91878787878778																													-2	41.75	-2	31.760000000000005													-2	1.8799999999999955	-2	0													-2	0	-2	0																																																																
167	OAO	oao	0.6666666666666666	248.96666666666658	0	182.61212121212122	0.6666666666666666	176.4299999999999	0.6666666666666666	246.9299999999999	0.6666666666666666	251.14999999999995	0.6666666666666666	247.30999999999992					-2	195.8787878787878	-2	249.91878787878778																																																																																																																																
170	EuI	Eui			1.6666666666666667	184.27878787878788							-2	245.30999999999992	1.6666666666666667	170.0	1.6666666666666667	205.82545454545448	1.6666666666666667	197.54545454545445	1.6666666666666667	251.58545454545444																																																																																															-2	65.3															-2	51.89													-2	0	-2	7.739999999999995
171	Oye	Oue			5.2	189.47878787878787			5.2	252.12999999999988	5.2	256.34999999999997	5.2	250.5099999999999							-2	249.58545454545444													-2	79.1	-2	73.78													-2	39.75	-2	29.760000000000005													-2	0	-2	0													-2	0	-2	0																																																									-2	55.58	-2	54.45	-2	0	-2	5.739999999999995
172	aEE	Aee	1.2	250.16666666666657	0	189.47878787878787			-2	250.12999999999988	-2	254.34999999999997	-2	248.5099999999999			1.2	207.02545454545447	1.2	198.74545454545444	1.2	250.78545454545443																																																																																																																																
173	ioE	ioe			2.5	191.97878787878787					-2	252.34999999999997	-2	246.5099999999999			2.5	209.52545454545447	2.5	201.24545454545444	2.5	253.28545454545443																																																							2.5	103.04545454545455			2.5	58.27545454545455			2.5	2.5																																									-2	81.79	-2	75.18	-2	61.650000000000006	-2	49.89									-2	53.58	-2	52.45	-2	0	-2	3.739999999999995
174	iAy	iau			1.2	193.17878787878786			1.2	251.32999999999987	1.2	253.54999999999995	1.2	247.7099999999999							-2	251.28545454545443																																																													-2	0	-2	0.5																																																																
175	OOi	ooi	2.0	252.16666666666657	0	193.17878787878786	2.0	178.4299999999999	2.0	253.32999999999987	2.0	255.54999999999995	2.0	249.7099999999999					-2	199.24545454545444	-2	249.28545454545443																																																																																																													-2	59.650000000000006	-2	47.89													-2	0	-2	1.7399999999999949
176	aoo	Aoo	10.0	262.1666666666666	0	193.17878787878786			-2	251.32999999999987	-2	253.54999999999995	-2	247.7099999999999							10.0	259.2854545454544																									-2	85.15	-2	69.7	-2	37.75	-2	27.760000000000005									-2	75.87	-2	60.650000000000006	-2	0	-2	0									-2	67.19545454545455	-2	56.27545454545455	-2	0	-2	0																																																																
177	aOA	aoa			0.2857142857142857	193.46450216450214	0.2857142857142857	178.71571428571417	0.2857142857142857	251.61571428571415	0.2857142857142857	253.83571428571423	0.2857142857142857	247.99571428571417					-2	197.24545454545444	-2	257.2854545454544																																																																																																																	0.2857142857142857	100.28571428571429	0.2857142857142857	100.28571428571429	0.2857142857142857	100.28571428571429	0.2857142857142857	100.28571428571429	0.2857142857142857	53.86571428571428	0.2857142857142857	52.73571428571429	0.2857142857142857	0.2857142857142857	0.2857142857142857	2.0257142857142805
178	AyO	auo	0.6666666666666666	262.83333333333326	0	193.46450216450214	0.6666666666666666	179.38238095238083	0.6666666666666666	252.2823809523808	0.6666666666666666	254.5023809523809	0.6666666666666666	248.66238095238083					-2	195.24545454545444	-2	255.2854545454544																																																																																																																																
180	OAe	Oae			5.2	198.66450216450212			5.2	257.4823809523808	5.2	259.7023809523809	5.2	253.86238095238082							-2	253.2854545454544													-2	77.1	-2	71.78													-2	35.75	-2	25.760000000000005													-2	0	-2	0													-2	0	-2	0																																																									-2	51.86571428571428	-2	50.73571428571429	-2	0	-2	0.02571428571428047
183	uaa	yaa	6.0	268.83333333333326	0	198.66450216450212			-2	255.48238095238082	-2	257.7023809523809	-2	251.86238095238082							6.0	259.2854545454544																													-2	33.75	-2	23.760000000000005													-2	0	-2	0													-2	0	-2	0																																																																
184	AAA	Aaa			2.8	201.46450216450214			2.8	258.28238095238083	2.8	260.5023809523809	2.8	254.66238095238083							-2	257.2854545454544																													-2	31.75	-2	21.760000000000005													-2	0	-2	0													-2	0	-2	0																																																																
187	iIa	iia			0.15384615384615385	201.6183483183483							-2	252.66238095238083	0.15384615384615385	170.15384615384616	0.15384615384615385	209.67930069930063	0.15384615384615385	195.3993006993006	0.15384615384615385	257.43930069930053																																																	0.15384615384615385	100.15384615384616	0.15384615384615385	100.15384615384616	0.15384615384615385	100.69930069930071	0.15384615384615385	103.19930069930071	0.15384615384615385	67.34930069930071	0.15384615384615385	56.429300699300704			0.15384615384615385	0.15384615384615385																																																																
188	iEi	iei			0.23529411764705882	201.85364243599537					-2	258.5023809523809	-2	250.66238095238083			0.23529411764705882	209.9145948169477	0.23529411764705882	195.63459481694767	0.23529411764705882	257.6745948169476																																																					0.23529411764705882	100.93459481694777	0.23529411764705882	103.43459481694777	0.23529411764705882	67.58459481694777	0.23529411764705882	56.66459481694776	0.23529411764705882	0.23529411764705882	0.23529411764705882	0.3891402714932127																													0.23529411764705882	78.45529411764706	0.23529411764705882	65.53529411764706													0.23529411764705882	59.885294117647064	0.23529411764705882	48.12529411764706													0.23529411764705882	0.23529411764705882	0.23529411764705882	0.2610084033613393
194	uuI	uui			1.0	202.85364243599537							-2	248.66238095238083	1.0	171.15384615384616	1.0	210.9145948169477	1.0	196.63459481694767	1.0	258.6745948169476																																																																																																																													-2	0	-2	0
195	iAy	iau			1.2	204.05364243599536			1.2	259.4823809523808	1.2	259.7023809523809	1.2	249.86238095238082							-2	256.6745948169476																																																													-2	0	-2	0																																																																
198	yiE	yie			0.23529411764705882	204.28893655364243					-2	257.7023809523809	-2	247.86238095238082			0.23529411764705882	211.14988893459477	0.23529411764705882	196.86988893459474	0.23529411764705882	256.9098889345947																							0.23529411764705882	100.23529411764706			0.23529411764705882	69.93529411764706			0.23529411764705882	21.995294117647063							0.23529411764705882	100.23529411764706			0.23529411764705882	60.885294117647064			0.23529411764705882	0.23529411764705882					0.23529411764705882	101.16988893459482	0.23529411764705882	103.66988893459482	0.23529411764705882	67.81988893459483	0.23529411764705882	56.89988893459482	0.23529411764705882	0.23529411764705882	0.23529411764705882	0.23529411764705882																																																																
199	iiE	iie			0.36363636363636365	204.6525729172788					-2	255.7023809523809	-2	245.86238095238082			0.36363636363636365	211.51352529823114	0.36363636363636365	197.23352529823111	0.36363636363636365	257.27352529823105																																																					0.36363636363636365	101.53352529823118	0.36363636363636365	104.03352529823118	0.36363636363636365	68.18352529823119	0.36363636363636365	57.26352529823119	0.36363636363636365	0.5989304812834224	0.36363636363636365	0.5989304812834224																																																																
206	yy	yu			2.8	207.45257291727881			2.8	262.28238095238083	2.8	258.5023809523809	2.8	248.66238095238083							-2	255.27352529823105																													-2	29.75	-2	19.995294117647063													-2	0	-2	0													-2	0	-2	0																																																																
207	iE	ie			0.36363636363636365	207.8162092809152					-2	256.5023809523809	-2	246.66238095238083			0.36363636363636365	211.87716166186752	0.36363636363636365	197.5971616618675	0.36363636363636365	255.63716166186742																																																					0.36363636363636365	101.89716166186754	0.36363636363636365	104.39716166186754	0.36363636363636365	68.54716166186755	0.36363636363636365	57.627161661867554	0.36363636363636365	0.36363636363636365	0.36363636363636365	0.36363636363636365																																																																
209	oEE	oee			4.0	211.8162092809152					-2	254.50238095238092	-2	244.66238095238083			4.0	215.87716166186752	4.0	201.5971616618675	4.0	259.6371616618674																																																																																																									-2	79.79	-2	73.18	-2	57.885294117647064	-2	46.12529411764706									-2	49.86571428571428	-2	48.73571428571429	-2	0	-2	0
210	OAO	Oao			4.666666666666667	216.48287594758185	4.666666666666667	184.04904761904749	4.666666666666667	266.9490476190475	4.666666666666667	259.1690476190476	4.666666666666667	249.3290476190475					-2	199.5971616618675	-2	257.6371616618674											-2	83.99	-2	75.1	-2	69.78											-2	67.93529411764706	-2	27.75	-2	17.995294117647063											-2	58.885294117647064	-2	0	-2	0											-2	55.627161661867554	-2	0	-2	0																																																																
211	aE	Ae	1.2	270.03333333333325	0	216.48287594758185			-2	264.9490476190475	-2	257.1690476190476	-2	247.3290476190475			1.2	217.0771616618675	1.2	200.79716166186748	1.2	258.8371616618674																																																																																																																																
216	yoE	yoe			1.4285714285714286	217.91144737615326					-2	255.1690476190476	-2	245.3290476190475			1.4285714285714286	218.50573309043892	1.4285714285714286	202.2257330904389	1.4285714285714286	260.26573309043886																							1.4285714285714286	101.66386554621849			1.4285714285714286	69.36386554621849			1.4285714285714286	19.42386554621849							1.4285714285714286	101.66386554621849			1.4285714285714286	60.313865546218494			1.4285714285714286	1.4285714285714286							1.4285714285714286	105.82573309043897			1.4285714285714286	57.055733090438984			1.4285714285714286	1.4285714285714286																																									-2	77.79	-2	71.18	-2	55.885294117647064	-2	44.12529411764706									-2	47.86571428571428	-2	46.73571428571429	-2	0	-2	0
230	oai	Oai	4.0	274.03333333333325	0	217.91144737615326	-2	182.04904761904749	-2	262.9490476190475	-2	253.1690476190476	-2	243.3290476190475					4.0	206.2257330904389	4.0	264.26573309043886													-2	73.1	-2	67.78													-2	25.75	-2	17.42386554621849													-2	0	-2	0													-2	0	-2	0																																															4.0	48.12529411764706															4.0	4.0
231	AyO	Auo			3.6666666666666665	221.57811404281992	3.6666666666666665	185.71571428571414	3.6666666666666665	266.6157142857142	3.6666666666666665	256.8357142857143	3.6666666666666665	246.99571428571414					-2	204.2257330904389	-2	262.26573309043886																											-2	67.36386554621849	-2	23.75	-2	15.42386554621849											-2	58.313865546218494	-2	0	-2	0											-2	55.055733090438984	-2	0	-2	0																																																																
271	OiA	Oia			2.4	223.97811404281993			2.4	269.0157142857142	2.4	259.23571428571427	2.4	249.39571428571415							-2	260.26573309043886															-2	65.78															-2	13.42386554621849															-2	0													-2	0	-2	0																																																																
281	yE	ye			0.17391304347826086	224.15202708629818					-2	257.23571428571427	-2	247.39571428571415			0.17391304347826086	218.67964613391717	0.17391304347826086	204.39964613391714	0.17391304347826086	260.4396461339171																					0.17391304347826086	100.17391304347827	0.17391304347826086	101.83777858969675	0.17391304347826086	85.32391304347827	0.17391304347826086	67.53777858969676	0.17391304347826086	23.92391304347826	0.17391304347826086	13.597778589696752					0.17391304347826086	100.17391304347827	0.17391304347826086	101.83777858969675	0.17391304347826086	76.04391304347827	0.17391304347826086	58.48777858969675	0.17391304347826086	0.17391304347826086	0.17391304347826086	0.17391304347826086					0.17391304347826086	102.07107470534581	0.17391304347826086	105.99964613391724	0.17391304347826086	68.72107470534581	0.17391304347826086	55.22964613391724	0.17391304347826086	0.17391304347826086	0.17391304347826086	0.17391304347826086																																																																
295	AE	Ae			0.17391304347826086	224.32594012977643					-2	255.23571428571427	-2	245.39571428571415			0.17391304347826086	218.85355917739543	0.17391304347826086	204.5735591773954	0.17391304347826086	260.61355917739536																					0.17391304347826086	100.34782608695653	0.17391304347826086	102.01169163317502	0.17391304347826086	85.49782608695654	0.17391304347826086	67.71169163317502	0.17391304347826086	24.097826086956523	0.17391304347826086	13.771691633175013					0.17391304347826086	100.34782608695653	0.17391304347826086	102.01169163317502	0.17391304347826086	76.21782608695653	0.17391304347826086	58.66169163317501	0.17391304347826086	0.34782608695652173	0.17391304347826086	0.34782608695652173					0.17391304347826086	102.24498774882407	0.17391304347826086	106.1735591773955	0.17391304347826086	68.89498774882408	0.17391304347826086	55.4035591773955	0.17391304347826086	0.34782608695652173	0.17391304347826086	0.34782608695652173																																																																
336	eEu	eeu			0.26666666666666666	224.5926067964431					-2	253.23571428571427	-2	243.39571428571415			0.26666666666666666	219.1202258440621	0.26666666666666666	204.84022584406208	0.26666666666666666	260.880225844062																																					0.26666666666666666	100.6144927536232	0.26666666666666666	102.27835829984168	0.26666666666666666	76.4844927536232	0.26666666666666666	58.928358299841676			0.26666666666666666	0.6144927536231883					0.26666666666666666	102.51165441549074	0.26666666666666666	106.44022584406217	0.26666666666666666	69.16165441549074	0.26666666666666666	55.670225844062166			0.26666666666666666	0.6144927536231883																																																																
438	oaa	Oaa	6.0	280.03333333333325	0	224.5926067964431	-2	183.71571428571414	-2	267.0157142857142	-2	251.23571428571427	-2	241.39571428571415					6.0	210.84022584406208	6.0	266.880225844062													-2	71.1	-2	63.78													-2	22.097826086956523	-2	11.771691633175013													-2	0	-2	0													-2	0	-2	0																																																																
441	iO	io			2.0	226.5926067964431	2.0	185.71571428571414	2.0	269.0157142857142	2.0	253.23571428571427	2.0	243.39571428571415					-2	208.84022584406208	-2	264.880225844062																																																									-2	67.16165441549074	-2	53.670225844062166	-2	0	-2	0																																																																
451	aOO	aoo			0.2857142857142857	226.87832108215738	0.2857142857142857	186.00142857142842	0.2857142857142857	269.30142857142846	0.2857142857142857	253.52142857142854	0.2857142857142857	243.68142857142843					-2	206.84022584406208	-2	262.880225844062																																																																																																																	0.2857142857142857	100.57142857142858	0.2857142857142857	100.57142857142858	0.2857142857142857	100.57142857142858	0.2857142857142857	100.57142857142858	0.2857142857142857	48.15142857142857	0.2857142857142857	47.02142857142857	0.2857142857142857	0.2857142857142857	0.2857142857142857	4.285714285714286
575	aOO	aoo			0.2857142857142857	227.16403536787166	0.2857142857142857	186.2871428571427	0.2857142857142857	269.58714285714274	0.2857142857142857	253.80714285714282	0.2857142857142857	243.9671428571427					-2	204.84022584406208	-2	260.880225844062																																																																																																																	0.2857142857142857	100.85714285714288	0.2857142857142857	100.85714285714288	0.2857142857142857	100.85714285714288	0.2857142857142857	100.85714285714288	0.2857142857142857	48.43714285714285	0.2857142857142857	47.30714285714286	0.2857142857142857	0.5714285714285714	0.2857142857142857	4.571428571428571
770	uyO	uuo			0.3076923076923077	227.47172767556398	0.3076923076923077	186.59483516483502	0.3076923076923077	269.89483516483506	0.3076923076923077	254.11483516483514	0.3076923076923077	244.27483516483503					-2	202.84022584406208	-2	258.880225844062																																																																																																																			0.3076923076923077	101.16483516483518	0.3076923076923077	101.16483516483518	0.3076923076923077	101.16483516483518	0.3076923076923077	48.74483516483516	0.3076923076923077	47.61483516483516	0.3076923076923077	0.8791208791208791	0.3076923076923077	4.879120879120879
866	aEu	aeu			4.0	231.47172767556398					-2	252.11483516483514	-2	242.27483516483503			4.0	223.1202258440621	4.0	206.84022584406208	4.0	262.880225844062																																													-2	0	-2	0													-2	0	-2	0																																																									-2	46.74483516483516	-2	45.61483516483516	-2	0	-2	2.8791208791208787
999	uOe	uoe			1.6	233.07172767556398	1.6	188.194835164835	1.6	271.4948351648351	1.6	253.71483516483514	1.6	243.87483516483502					-2	204.84022584406208	-2	260.880225844062																																																																																																									-2	75.79	-2	69.18	-2	53.885294117647064	-2	46.12529411764706	1.6	102.45714285714287	1.6	102.76483516483518	1.6	102.76483516483518	1.6	102.76483516483518			-2	43.61483516483516			-2	0.8791208791208787
1801	iEo	ieo			1.3333333333333333	234.40506100889732					-2	251.71483516483514	-2	241.87483516483502			1.3333333333333333	224.45355917739545	1.3333333333333333	206.17355917739542	1.3333333333333333	262.2135591773953																																									-2	74.4844927536232	-2	56.928358299841676	-2	0	-2	0					1.3333333333333333	103.84498774882407	1.3333333333333333	107.7735591773955			1.3333333333333333	55.0035591773955			1.3333333333333333	1.3333333333333333																																																																
5247	oi	Oi	0.1	280.13333333333327	0	234.40506100889732	-0.2	187.99483516483502	-0.2	271.2948351648351	-0.2	251.51483516483515	-0.2	241.67483516483503					0.1	206.2735591773954	0.1	262.31355917739535																																																																																																													0.1	53.985294117647065	0.1	46.22529411764706													0.1	0.1	0.1	0.9791208791208786
6500	ouu	Ouu	0.6000000000000001	280.7333333333333	0	234.40506100889732	-0.2	187.79483516483504	-0.2	271.0948351648351	-0.2	251.31483516483516	-0.2	241.47483516483504					0.6000000000000001	206.8735591773954	0.6000000000000001	262.91355917739537													-0.2	70.89999999999999	-0.2	63.58													-0.2	21.897826086956524	-0.2	11.571691633175014													-0.2	0	-0.2	0													-0.2	0	-0.2	1.1333333333333333																																																																
6631	OeO	Oeo			0.46666666666666673	234.871727675564	0.46666666666666673	188.2615018315017	0.46666666666666673	271.56150183150174	0.46666666666666673	251.78150183150183	0.46666666666666673	241.9415018315017					-0.2	206.67355917739542	-0.2	262.7135591773954											-0.2	83.78999999999999			-0.2	63.379999999999995											-0.2	67.51169163317502			-0.2	11.371691633175015									-0.2	74.2844927536232	-0.2	56.72835829984167	-0.2	0	-0.2	0									-0.2	66.96165441549074	-0.2	54.8035591773955	-0.2	0	-0.2	0.9333333333333333																																																																
7831	oey	oeu			0.14285714285714288	235.01458481842113			0.14285714285714288	271.7043589743589	0.14285714285714288	251.92435897435897	0.14285714285714288	242.08435897435885							-0.2	262.5135591773954																																													-0.2	0	-0.2	0													-0.2	0	-0.2	0.7333333333333334																																							0.14285714285714288	100.14285714285714															0.14285714285714288	102.90769230769232								
11850	aio	Aio	0.027999999999999997	280.7613333333333	0	235.01458481842113			-0.02	271.68435897435893	-0.02	251.90435897435896	-0.02	242.06435897435884							0.027999999999999997	262.5415591773954																											-0.02	67.49169163317502			-0.02	11.351691633175015											-0.02	56.70835829984167			-0.02	0																																																																													0.027999999999999997	0.128	0.027999999999999997	1.0071208791208786
12353	EeO	Eeo			0.016666666666666666	235.0312514850878	0.016666666666666666	188.27816849816838	0.016666666666666666	271.7010256410256	0.016666666666666666	251.92102564102564	0.016666666666666666	242.08102564102552					-0.02	206.6535591773954	-0.02	262.52155917739543																																									-0.02	74.2644927536232	-0.02	56.68835829984167	-0.02	0	-0.02	0									-0.02	66.94165441549075	-0.02	54.783559177395496	-0.02	0	-0.02	0.7133333333333334																			0.016666666666666666	100.01666666666667			0.016666666666666666	100.01666666666667											0.016666666666666666	100.01666666666667			0.016666666666666666	100.1595238095238											0.016666666666666666	102.78150183150184			0.016666666666666666	102.92435897435898								
13136	aeo	Aeo	0.014285714285714287	280.77561904761905	0	235.0312514850878			-0.02	271.6810256410256	-0.02	251.90102564102563	-0.02	242.0610256410255							0.014285714285714287	262.53584489168117																											-0.02	67.47169163317503			-0.02	11.331691633175016																																																																																									0.014285714285714287	46.75912087912087	0.014285714285714287	43.629120879120876	0.014285714285714287	0.1422857142857143	0.014285714285714287	1.0214065934065928
13321	uoi	yoi	0.075	280.85061904761903	0	235.0312514850878			-0.02	271.6610256410256	-0.02	251.88102564102562	-0.02	242.0410256410255							0.075	262.61084489168115																									-0.02	85.47782608695654	-0.02	67.45169163317503	-0.02	21.877826086956524	-0.02	11.311691633175016									-0.02	74.2444927536232	-0.02	56.668358299841664	-0.02	0	-0.02	0									-0.02	66.92165441549075	-0.02	54.76355917739549	-0.02	0	-0.02	0.6933333333333334																																																															0.075	1.0964065934065927
13533	Eiy	Eiu			0.005454545454545454	235.03670603054235			0.005454545454545454	271.66648018648016	0.005454545454545454	251.88648018648016	0.005454545454545454	242.04648018648004							-0.02	262.5908448916812																																																													-0.02	0	-0.02	0.6733333333333333																							0.005454545454545454	100.0221212121212			0.005454545454545454	89.73545454545454											0.005454545454545454	100.16497835497835			0.005454545454545454	69.18545454545455											0.005454545454545454	102.92981351981352			0.005454545454545454	43.634575424575424				
14881	AAe	Aae			0.044000000000000004	235.08070603054236			0.044000000000000004	271.71048018648014	0.044000000000000004	251.93048018648017	0.044000000000000004	242.09048018648005							-0.02	262.5708448916812																													-0.02	21.857826086956525	-0.02	11.291691633175017													-0.02	0	-0.02	0													-0.02	0	-0.02	0.6533333333333333																																																									-0.02	46.73912087912087	-0.02	43.61457542457542	-0.02	0.12228571428571429	-0.02	1.0764065934065927
19857	oio	Oio	0.0025	280.85311904761903	0	235.08070603054236	-0.002	188.27616849816837	-0.002	271.70848018648013	-0.002	251.92848018648016	-0.002	242.08848018648004					0.0025	206.6560591773954	0.0025	262.5733448916812											-0.002	83.788			-0.002	63.37799999999999											-0.002	67.44969163317504			-0.002	11.289691633175016											-0.002	56.66635829984166			-0.002	0																																																													0.0025	53.98779411764706	0.0025	46.22779411764706													0.0025	0.12478571428571429	0.0025	1.0789065934065927
TOTAL				280.85311904761903		235.08070603054236		188.27616849816837		271.70848018648013		251.92848018648016		242.08848018648004		171.15384615384616		224.45355917739545		206.6560591773954		262.5733448916812		100.0		100.0		100.0		100.0		93.04		83.788		70.89999999999999		63.37799999999999		100.0		100.0		100.34782608695653		102.01169163317502		85.47782608695654		67.44969163317504		21.857826086956525		11.289691633175016		100.0		100.0		100.6144927536232		102.27835829984168		74.2444927536232		56.66635829984166		0		0		100.15384615384616		100.15384615384616		103.84498774882407		107.7735591773955		66.92165441549075		54.76355917739549		0		0.6533333333333333		100.0		100.0		100.0		100.0		100.0		100.0		100.0		100.0		100.0		100.01666666666667		100.0		100.0221212121212		95.15		89.73545454545454		78.45529411764706		65.53529411764706		100.0		100.01666666666667		100.0		100.16497835497835		75.79		69.18545454545455		53.98779411764706		46.22779411764706		102.45714285714287		102.78150183150184		102.76483516483518		102.92981351981352		46.73912087912087		43.61457542457542		0.12478571428571429		1.0789065934065927
