trialnum	Generated	Heard	Id(Bk)Syl1	now	Id(Bk)	now	*F1	now	*F3	now	*F4	now	*F5	now	*B1	now	*B2	now	*B3	now	*B5	now	*F1_B1	now	*F1..._B1	now	*F1_B2	now	*F1..._B2	now	*F1_B3	now	*F1..._B3	now	*F1_B5	now	*F1..._B5	now	*F3_B1	now	*F3..._B1	now	*F3_B2	now	*F3..._B2	now	*F3_B3	now	*F3..._B3	now	*F3_B5	now	*F3..._B5	now	*F4_B1	now	*F4..._B1	now	*F4_B2	now	*F4..._B2	now	*F4_B3	now	*F4..._B3	now	*F4_B5	now	*F4..._B5	now	*F5_B1	now	*F5..._B1	now	*F5_B2	now	*F5..._B2	now	*F5_B3	now	*F5..._B3	now	*F5_B5	now	*F5..._B5	now	*_B1F1	now	*_B1...F1	now	*_B1F3	now	*_B1...F3	now	*_B1F4	now	*_B1...F4	now	*_B1F5	now	*_B1...F5	now	*_B2F1	now	*_B2...F1	now	*_B2F3	now	*_B2...F3	now	*_B2F4	now	*_B2...F4	now	*_B2F5	now	*_B2...F5	now	*_B3F1	now	*_B3...F1	now	*_B3F3	now	*_B3...F3	now	*_B3F4	now	*_B3...F4	now	*_B3F5	now	*_B3...F5	now	*_B5F1	now	*_B5...F1	now	*_B5F3	now	*_B5...F3	now	*_B5F4	now	*_B5...F4	now	*_B5F5	now	*_B5...F5	now
				0		0		300		300		300		300		300		300		300		300		300		300		300		300		300		300		300		300		300		300		300		300		300		300		300		300		300		300		300		300		300		300		300		300		300		300		300		300		300		300		300		300		300		300		300		300		300		300		300		300		300		300		300		300		300		300		300		300		300		300		300		300		300		300		300		300		300		300		300		300		300		300		300		300
0	Apriori	Id(Bk)Syl1>>Id(Bk)	30	30																																																																																																																																																		
1	oaE	oae			2	2					-2	298	-2	298			2	302	2	302	2	302																																																																																																											-2	298			-2	298									-2	298	-2	298	-2	298	-2	298
1	Apriori	Id(Bk)Syl1>>Id(Bk)	2	32																																																																																																																																																			
3	Aie	aie	2	34	0	2			2	302	2	300	2	300							-2	300																																																																																																																											-2	296	-2	296	-2	296
5	ou	Oy	2	36	0	2	-2	298	-2	300	-2	298	-2	298					2	304	2	302																																																																																																																																
7	yyA	uua	2	38	0	2			2	302	2	300	2	300							-2	300																																																																																																																																
9	aey	aeu			2	4			2	304	2	302	2	302							-2	298																																													-2	298	-2	298													-2	298	-2	298																																																							2	302								
10	aea	AeA	2	40	0	4			-2	302	-2	300	-2	300							2	300																																													2	300	2	300													2	300	2	300																																																									2	300	2	298	2	298	2	298
13	oE	Oe	2	42	0	4	-2	296	-2	300	-2	298	-2	298			2	304	2	306	2	302																																																																																																																																
14	yAy	uau	2	44	0	4			2	302	2	300	2	300							-2	300																																																																																																																																
15	eae	eAe			2	6			-2	300	-2	298	-2	298							2	302																																													2	302	2	302													2	302	2	302																																																									2	302	2	300	2	300	2	300
17	AOA	aoa	2	46	0	6	2	298	2	302	2	300	2	300					-2	304	-2	300																																																																																																																																
18	uiA	uia			2	8			2	304	2	302	2	302							-2	298																																																													-2	300	-2	300																																																							2	304			2	302				
19	Oi	oi	2	48	0	8	2	300	2	306	2	304	2	304					-2	302	-2	296																																																																																																													-2	298	-2	296													-2	298	-2	298
20	ae	Ae	2	50	0	8			-2	304	-2	302	-2	302							2	298																																																																																																																									2	304	2	304	2	300	2	300
22	oEo	oeo			2	10					-2	300	-2	300			2	306	2	304	2	300																																									-2	298	-2	298	-2	300	-2	300									-2	298	-2	298	-2	298	-2	298																																									-2	298	-2	296	-2	296	-2	294									-2	302	-2	302	-2	298	-2	298
23	ioa	iOA			2	12	-2	298	-2	302	-2	298	-2	298					2	306	2	302																																																									2	300	2	300	2	300	2	300																																																																
24	aue	Aye	2	52	0	12			-2	300	-2	296	-2	296							2	304																																																																																																																									2	304	2	304	2	300	2	300
25	iA	ia			2	14			2	302	2	298	2	298							-2	302																																																													-2	298	-2	298																																																																
32	eaa	eAA			2	16			-2	300	-2	296	-2	296							2	304																																													2	302	2	302													2	300	2	300																																																																
35	Aie	aie	2	54	0	16			2	302	2	298	2	298							-2	302																																																																																																																											-2	302	-2	298	-2	298
36	iAi	iai			2	18			2	304	2	300	2	300							-2	300																																																													-2	298	-2	298																																																													-2	296	-2	296
38	oai	OAi	2	56	0	18	-2	296	-2	302	-2	298	-2	298					2	308	2	302																																																																																																															2	296													2	298	2	298
41	OAe	oae	2	58	0	18	2	298	2	304	2	300	2	300					-2	306	-2	300																																																																																																											-2	294			-2	294									-2	302	-2	300	-2	296	-2	296
43	iiO	iio			2	20	2	300	2	306	2	302	2	302					-2	304	-2	298																																																									-2	298	-2	298	-2	296	-2	296																																																																
44	aie	Aie	2	60	0	20			-2	304	-2	300	-2	300							2	300																																																																																																																											2	302	2	298	2	298
47	iiO	iio			2	22	2	302	2	306	2	302	2	302					-2	302	-2	298																																																									-2	296	-2	296	-2	294	-2	294																																																																
48	aeu	Aey	2	62	0	22			-2	304	-2	300	-2	300							2	300																																													2	304	2	304													2	296	2	296																																																									2	304	2	304	2	300	2	300
53	oou	OOy	2	64	0	22	-2	300	-2	302	-2	298	-2	298					2	304	2	302																																																																																																																																
54	eOi	eoi			2	24	2	302	2	304	2	300	2	300					-2	302	-2	300																																									-2	296	-2	296	-2	302	-2	302									-2	294	-2	294	-2	294	-2	294																																													-2	294	-2	292													-2	298	-2	298
56	uua	yyA	2	66	0	24			-2	302	-2	298	-2	298							2	302																																																																																																																																
58	iOO	ioo			2	26	2	304	2	304	2	300	2	300					-2	300	-2	300																																																									-2	292	-2	292	-2	292	-2	292																																																																
60	oii	Oii	2	68	0	26	-2	302	-2	302	-2	298	-2	298					2	302	2	302																																																																																																													2	296	2	294													2	300	2	300
61	Aii	aii	2	70	0	26			2	304	2	300	2	300							-2	300																																																																																																																													-2	298	-2	298
62	iOO	ioo			2	28	2	304	2	306	2	302	2	302					-2	300	-2	298																																																									-2	290	-2	290	-2	290	-2	290																																																																
63	oeu	Oey	2	72	0	28	-2	302	-2	304	-2	300	-2	300					2	302	2	300																																													2	304	2	304													2	292	2	292																																									2	300	2	296	2	298	2	296									2	306	2	306	2	300	2	300
64	yye	uue	2	74	0	28			2	306	2	302	2	302							-2	298																																																																																																																									-2	304	-2	304	-2	298	-2	298
67	iou	iOy			2	30	-2	300	-2	304	-2	300	-2	300					2	304	2	300																																																									2	292	2	292	2	294	2	294																																																																
68	uoa	yOA	2	76	0	30	-2	298	-2	302	-2	298	-2	298					2	306	2	302																																																																																																																																
76	Oe	oe	2	78	0	30	2	300	2	304	2	300	2	300					-2	304	-2	300																																																																																																									-2	298	-2	294	-2	296	-2	294									-2	302	-2	302	-2	296	-2	296
80	uui	yyi	2	80	0	30			-2	302	-2	298	-2	298							2	302																																																																																																																													2	298	2	298
84	AeA	aea	2	82	0	30			2	304	2	300	2	300							-2	300																																													-2	302	-2	302													-2	292	-2	292																																																									-2	300	-2	300	-2	296	-2	296
85	ouo	OyO	2	84	0	30	-2	298	-2	302	-2	298	-2	298					2	306	2	302																																																																																																																																
86	eA	ea			2	32			2	304	2	300	2	300							-2	300																																													-2	300	-2	300													-2	290	-2	290																																																																
88	aiO	aio			2	34	2	300	2	306	2	302	2	302					-2	304	-2	298																																																									-2	290	-2	290	-2	288	-2	288																																																			2	302			2	306			2	302				
89	uuo	yyO	2	86	0	34	-2	298	-2	304	-2	300	-2	300					2	306	2	300																																																																																																																																
90	aua	AyA	2	88	0	34			-2	302	-2	298	-2	298							2	302																																																																																																																																
92	uiu	yiy	2	90	0	34			-2	300	-2	296	-2	296							2	304																																																													2	290	2	290																																																													2	298	2	298
94	yii	uii	2	92	0	34			2	302	2	298	2	298							-2	302																																																																																																																													-2	296	-2	296
96	Oya	OyA			2	36			-2	300	-2	296	-2	296							2	304															2	302													2	302	2	302													2	302	2	302													2	292	2	292																																																																
98	Ai	ai	2	94	0	36			2	302	2	298	2	298							-2	302																																																																																																																													-2	294	-2	294
99	OA	oa	2	96	0	36	2	300	2	304	2	300	2	300					-2	304	-2	300																																																																																																																																
100	eO	eo			2	38	2	302	2	306	2	302	2	302					-2	302	-2	298																																									-2	294	-2	294	-2	300	-2	300									-2	288	-2	288	-2	290	-2	290																																																																
101	oio	OiO	2	98	0	38	-2	300	-2	304	-2	300	-2	300					2	304	2	300																																																									2	290	2	290	2	292	2	292																																													2	298	2	296													2	296	2	296
105	OAA	oaa	2	100	0	38	2	302	2	306	2	302	2	302					-2	302	-2	298																																																																																																																																
107	ioe	iOe			2	40	-2	300	-2	304	-2	300	-2	300					2	304	2	300																																																									2	292	2	292	2	294	2	294																																									2	300	2	296	2	300	2	298									2	302	2	304	2	298	2	298
109	AOe	aoe	2	102	0	40	2	302	2	306	2	302	2	302					-2	302	-2	298																																																																																																									-2	298	-2	294	-2	298	-2	296									-2	300	-2	302	-2	296	-2	296
112	ui	yi	2	104	0	40			-2	304	-2	300	-2	300							2	300																																																																																																																													2	298	2	298
113	uiu	yiy	2	106	0	40			-2	302	-2	298	-2	298							2	302																																																													2	296	2	296																																																													2	300	2	300
114	aeo	AeO	2	108	0	40	-2	300	-2	300	-2	296	-2	296					2	304	2	304																																									2	296	2	296	2	302	2	302									2	294	2	294	2	298	2	298																																																									2	302	2	304	2	302	2	302
118	eye	eue			2	42			2	302	2	298	2	298							-2	302																																													-2	300	-2	300													-2	296	-2	296																																																									-2	300	-2	302	-2	300	-2	300
121	Oei	oei	2	110	0	42	2	302	2	304	2	300	2	300					-2	302	-2	300																																																																																																									-2	296	-2	292	-2	296	-2	294									-2	298	-2	300	-2	298	-2	298
122	eia	eiA			2	44			-2	302	-2	298	-2	298							2	302																																															2	302													2	298	2	298																																																																
125	eyO	euo			2	46	2	304	2	304	2	300	2	300					-2	300	-2	300																																											-2	294	-2	298	-2	300											-2	292	-2	296	-2	296																																																																
126	aoo	AOO	2	112	0	46	-2	302	-2	302	-2	298	-2	298					2	302	2	302																																																																																																																																
128	yyy	uuu	2	114	0	46			2	304	2	300	2	300							-2	300																																																																																																																																
134	ioa	iOA			2	48	-2	300	-2	302	-2	298	-2	298					2	304	2	302																																																									2	296	2	294	2	298	2	298																																																																
139	iyi	iui			2	50			2	304	2	300	2	300							-2	300																																																													-2	296	-2	296																																																													-2	296	-2	296
144	yO	uo	2	116	0	50	2	302	2	306	2	302	2	302					-2	302	-2	298																																																																																																																																
145	uae	yAe	2	118	0	50			-2	304	-2	300	-2	300							2	300																																																																																																																									2	300	2	302	2	298	2	298
148	oii	Oii	2	120	0	50	-2	300	-2	302	-2	298	-2	298					2	304	2	302																																																																																																													2	298	2	296													2	300	2	300
150	yAi	uai	2	122	0	50			2	304	2	300	2	300							-2	300																																																																																																																													-2	298	-2	298
153	AAe	aae	2	124	0	50			2	306	2	302	2	302							-2	298																																																																																																																									-2	298	-2	300	-2	296	-2	296
154	eao	eAO			2	52	-2	298	-2	304	-2	300	-2	300					2	306	2	300																																											2	296	2	300	2	302											2	296	2	298	2	298																																																																
156	aee	Aee	2	126	0	52			-2	302	-2	298	-2	298							2	302																																																																																																																									2	300	2	302	2	298	2	298
157	yOi	uoi	2	128	0	52	2	300	2	304	2	300	2	300					-2	304	-2	300																																																																																																													-2	296	-2	294													-2	296	-2	296
160	iOy	iou			2	54	2	302	2	306	2	302	2	302					-2	302	-2	298																																																									-2	294	-2	294	-2	296	-2	296																																																																
162	aiu	Aiy	2	130	0	54			-2	304	-2	300	-2	300							2	300																																																													2	298	2	298																																																													2	298	2	298
163	oui	Oyi	2	132	0	54	-2	300	-2	302	-2	298	-2	298					2	304	2	302																																																																																																															2	296													2	300	2	300
165	yOu	uou	2	134	0	54	2	302	2	304	2	300	2	300					-2	302	-2	300													2	302	2	304													2	304	2	304													2	302	2	304													2	300	2	300																																																																
167	eOA	eoa			2	56	2	304	2	306	2	302	2	302					-2	300	-2	298																																									-2	294	-2	294	-2	300	-2	302									-2	292	-2	292	-2	298	-2	298																																																																
168	IuI	iui	2	136	0	56							-2	300	2	302	2	308	2	302	2	300																																																													-2	296	-2	296																																																													-2	298	-2	298
171	uie	yie	2	138	0	56			-2	304	-2	300	-2	298							2	302																																																																																																																											2	304	2	300	2	300
172	ooe	OOe	2	140	0	56	-2	302	-2	302	-2	298	-2	296					2	304	2	304																																																																																																									2	298	2	294	2	298	2	298									2	302	2	306	2	302	2	302
179	eAi	eai			2	58			2	304	2	300	2	298							-2	302																																													-2	298	-2	300													-2	294	-2	294																																																													-2	300	-2	300
182	uoo	yOO	2	142	0	58	-2	300	-2	302	-2	298	-2	296					2	306	2	304																																																																																																																																
185	yAO	uao	2	144	0	58	2	302	2	304	2	300	2	298					-2	304	-2	302																																																																																																																																
186	eAi	eai			2	60			2	306	2	302	2	300							-2	300																																													-2	296	-2	298													-2	292	-2	292																																																													-2	298	-2	298
189	uui	yyi	2	146	0	60			-2	304	-2	300	-2	298							2	302																																																																																																																													2	300	2	300
191	eua	eyA			2	62			-2	302	-2	298	-2	296							2	304																																													2	298	2	300													2	294	2	294																																																																
192	aao	AAO	2	148	0	62	-2	300	-2	300	-2	296	-2	294					2	306	2	306																																																																																																																																
193	iAO	iao			2	64	2	302	2	302	2	298	2	296					-2	304	-2	304																																																											-2	290	-2	292	-2	292																																																																
194	Aii	aii	2	150	0	64			2	304	2	300	2	298							-2	302																																																																																																																													-2	298	-2	298
197	eaa	eAA			2	66			-2	302	-2	298	-2	296							2	304																																													2	300	2	302													2	294	2	294																																																																
198	Oye	oue	2	152	0	66	2	304	2	304	2	300	2	298					-2	302	-2	302																																																																																																											-2	292			-2	296									-2	300	-2	304	-2	296	-2	296
199	eAi	eai			2	68			2	306	2	302	2	300							-2	300																																													-2	298	-2	300													-2	292	-2	292																																																													-2	294	-2	294
202	uuo	yyO	2	154	0	68	-2	302	-2	304	-2	300	-2	298					2	304	2	302																																																																																																																																
203	eey	eeu			2	70			2	306	2	302	2	300							-2	300																																													-2	296	-2	298													-2	290	-2	290																																																																
204	aaa	AAA	2	156	0	70			-2	304	-2	300	-2	298							2	302																																																																																																																																
208	Oyy	ouu	2	158	0	70	2	304	2	306	2	302	2	300					-2	302	-2	300																																																																																																																																
211	euo	eyO			2	72	-2	302	-2	304	-2	300	-2	298					2	304	2	302																																											2	296	2	298	2	300											2	292	2	292	2	292																																																																
219	euo	eyO			2	74	-2	300	-2	302	-2	298	-2	296					2	306	2	304																																											2	298	2	300	2	302											2	294	2	294	2	294																																																																
221	iAO	iao			2	76	2	302	2	304	2	300	2	298					-2	304	-2	302																																																											-2	292	-2	292	-2	292																																																																
222	uoe	yOe	2	160	0	76	-2	300	-2	302	-2	298	-2	296					2	306	2	304																																																																																																									2	300	2	294	2	300	2	298									2	302	2	306	2	296	2	296
225	ey	eu			2	78			2	304	2	300	2	298							-2	302																																													-2	298	-2	300													-2	290	-2	290																																																																
231	eua	eyA			2	80			-2	302	-2	298	-2	296							2	304																																													2	300	2	302													2	292	2	292																																																																
234	eOA	eoa			2	82	2	302	2	304	2	300	2	298					-2	304	-2	302																																									-2	292	-2	296	-2	298	-2	300									-2	290	-2	290	-2	290	-2	290																																																																
235	yie	uie	2	162	0	82			2	306	2	302	2	300							-2	300																																																																																																																											-2	304	-2	294	-2	294
238	eyO	euo			2	84	2	304	2	308	2	304	2	302					-2	302	-2	298																																											-2	294	-2	296	-2	298											-2	288	-2	288	-2	288																																																																
239	iio	iiO			2	86	-2	302	-2	306	-2	302	-2	300					2	304	2	300																																																									2	292	2	290	2	290	2	290																																																																
241	iae	iAe			2	88			-2	304	-2	300	-2	298							2	302																																																													2	292	2	292																																																									2	304	2	306	2	296	2	296
242	uai	yAi	2	164	0	88			-2	302	-2	298	-2	296							2	304																																																																																																																													2	298	2	298
246	iAO	iao			2	90	2	304	2	304	2	300	2	298					-2	302	-2	302																																																											-2	288	-2	290	-2	290																																																																
247	uoa	yOA	2	166	0	90	-2	302	-2	302	-2	298	-2	296					2	304	2	304																																																																																																																																
248	iiy	iiu			2	92			2	304	2	300	2	298							-2	302																																																													-2	288	-2	288																																																																
249	iey	ieu			2	94			2	306	2	302	2	300							-2	300																																													-2	294	-2	296													-2	286	-2	286																																																																
250	au	Ay	2	168	0	94			-2	304	-2	300	-2	298							2	302																																																																																																																																
254	AOe	aoe	2	170	0	94	2	304	2	306	2	302	2	300					-2	302	-2	300																																																																																																									-2	298	-2	292	-2	298	-2	296									-2	302	-2	304	-2	296	-2	296
259	uau	yAy	2	172	0	94			-2	304	-2	300	-2	298							2	302																																																																																																																																
260	uao	yAO	2	174	0	94	-2	302	-2	302	-2	298	-2	296					2	304	2	304																																																																																																																																
261	Aeo	aeo	2	176	0	94			2	304	2	300	2	298							-2	302																											2	302			2	306																																																																																									-2	300	-2	302	-2	294	-2	294
265	ae	Ae	2	178	0	94			-2	302	-2	298	-2	296							2	304																																																																																																																									2	302	2	304	2	296	2	296
267	OiA	oia	2	180	0	94	2	304	2	304	2	300	2	298					-2	302	-2	302																																																													-2	284	-2	284																																													-2	296	-2	294													-2	294	-2	294
268	Aie	aie	2	182	0	94			2	306	2	302	2	300							-2	300																																																																																																																											-2	302	-2	292	-2	292
269	aeu	Aey	2	184	0	94			-2	304	-2	300	-2	298							2	302																																													2	296	2	298													2	286	2	286																																																									2	304	2	304	2	294	2	294
273	Oee	oee	2	186	0	94	2	306	2	306	2	302	2	300					-2	300	-2	300																																																																																																									-2	296	-2	290	-2	294	-2	292									-2	302	-2	302	-2	292	-2	292
276	iyy	iuu			2	96			2	308	2	304	2	302							-2	298																																																													-2	284	-2	284																																																																
278	ia	iA			2	98			-2	306	-2	302	-2	300							2	300																																																													2	286	2	286																																																																
282	uou	yOy	2	188	0	98	-2	304	-2	304	-2	300	-2	298					2	302	2	302																																																																																																																																
283	uoe	yOe	2	190	0	98	-2	302	-2	302	-2	298	-2	296					2	304	2	304																																																																																																									2	298	2	292	2	296	2	294									2	304	2	304	2	294	2	294
284	iyi	iui			2	100			2	304	2	300	2	298							-2	302																																																													-2	284	-2	284																																																													-2	292	-2	292
286	uii	yii	2	192	0	100			-2	302	-2	298	-2	296							2	304																																																																																																																													2	294	2	294
287	AAO	aao	2	194	0	100	2	304	2	304	2	300	2	298					-2	302	-2	302																																																																																																																																
289	Aei	aei	2	196	0	100			2	306	2	302	2	300							-2	300																																																																																																																									-2	302	-2	302	-2	292	-2	292
290	iaa	iAA			2	102			-2	304	-2	300	-2	298							2	302																																																													2	286	2	286																																																																
292	auu	Ayy	2	198	0	102			-2	302	-2	298	-2	296							2	304																																																																																																																																
294	AOy	aou	2	200	0	102	2	306	2	304	2	300	2	298					-2	300	-2	302																																																																																																																																
296	eaa	eAA			2	104			-2	302	-2	298	-2	296							2	304																																													2	298	2	300													2	288	2	288																																																																
299	oai	OAi	2	202	0	104	-2	304	-2	300	-2	296	-2	294					2	302	2	306																																																																																																															2	296													2	294	2	294
301	Oe	oe	2	204	0	104	2	306	2	302	2	298	2	296					-2	300	-2	304																																																																																																									-2	296	-2	290	-2	294	-2	294									-2	300	-2	300	-2	292	-2	292
302	yAy	uau	2	206	0	104			2	304	2	300	2	298							-2	302																																																																																																																																
303	iiO	iio			2	106	2	308	2	306	2	302	2	300					-2	298	-2	300																																																									-2	290	-2	286	-2	286	-2	286																																																																
305	iuo	iyO			2	108	-2	306	-2	304	-2	300	-2	298					2	300	2	302																																																											2	288	2	288	2	288																																																																
307	yey	ueu	2	208	0	108			2	306	2	302	2	300							-2	300																																													-2	296	-2	298													-2	286	-2	286																																																									-2	298	-2	298	-2	290	-2	290
308	eeu	eey			2	110			-2	304	-2	300	-2	298							2	302																																													2	298	2	300													2	288	2	288																																																																
310	oai	OAi	2	210	0	110	-2	304	-2	302	-2	298	-2	296					2	302	2	304																																																																																																															2	296													2	292	2	292
312	yeO	ueo	2	212	0	110	2	306	2	304	2	300	2	298					-2	300	-2	302																																									-2	290	-2	292	-2	296	-2	298									-2	288	-2	286	-2	286	-2	286																																																									-2	296	-2	296	-2	290	-2	290
313	oiu	Oiy	2	214	0	110	-2	304	-2	302	-2	298	-2	296					2	302	2	304																																																													2	288	2	288																																													2	296	2	298													2	292	2	292
314	uoe	yOe	2	216	0	110	-2	302	-2	300	-2	296	-2	294					2	304	2	306																																																																																																									2	298	2	292	2	298	2	300									2	298	2	298	2	294	2	294
317	oia	OiA	2	218	0	110	-2	300	-2	298	-2	294	-2	292					2	306	2	308																																																													2	290	2	290																																													2	300	2	302													2	296	2	296
319	iAA	iaa			2	112			2	300	2	296	2	294							-2	306																																																													-2	288	-2	288																																																																
321	OAi	oai	2	220	0	112	2	302	2	302	2	298	2	296					-2	304	-2	304																																																																																																															-2	300													-2	294	-2	294
322	iey	ieu			2	114			2	304	2	300	2	298							-2	302																																													-2	294	-2	296													-2	286	-2	286																																																																
323	uai	yAi	2	222	0	114			-2	302	-2	298	-2	296							2	304																																																																																																																													2	296	2	296
325	OAy	oau	2	224	0	114	2	304	2	304	2	300	2	298					-2	302	-2	302																																																																																																																																
326	ue	ye	2	226	0	114			-2	302	-2	298	-2	296							2	304																																																																																																																									2	300	2	300	2	298	2	298
327	iyi	iui			2	116			2	304	2	300	2	298							-2	302																																																													-2	284	-2	284																																																													-2	296	-2	296
329	yiy	uiu	2	228	0	116			2	306	2	302	2	300							-2	300																																																													-2	282	-2	282																																																													-2	294	-2	294
330	iau	iAy			2	118			-2	304	-2	300	-2	298							2	302																																																													2	284	2	284																																																																
332	ao	AO	2	230	0	118	-2	302	-2	302	-2	298	-2	296					2	304	2	304																																																																																																																																
335	OiA	oia	2	232	0	118	2	304	2	304	2	300	2	298					-2	302	-2	302																																																													-2	282	-2	282																																													-2	298	-2	298													-2	292	-2	292
338	eiu	eiy			2	120			-2	302	-2	298	-2	296							2	304																																															2	298													2	284	2	284																																																																
339	iue	iye			2	122			-2	300	-2	296	-2	294							2	306																																																													2	286	2	286																																																									2	302	2	302	2	294	2	294
342	ueo	yeO	2	234	0	122	-2	302	-2	298	-2	294	-2	292					2	304	2	308																																									2	292	2	294	2	296	2	300									2	290	2	288	2	288	2	288																																																									2	304	2	304	2	296	2	296
344	Ae	ae	2	236	0	122			2	300	2	296	2	294							-2	306																																																																																																																									-2	302	-2	302	-2	294	-2	294
347	yiA	uia	2	238	0	122			2	302	2	298	2	296							-2	304																																																													-2	286	-2	286																																																													-2	292	-2	292
349	yiy	uiu	2	240	0	122			2	304	2	300	2	298							-2	302																																																													-2	284	-2	284																																																													-2	290	-2	290
351	oao	OAO	2	242	0	122	-2	300	-2	302	-2	298	-2	296					2	306	2	304																																																																																																																																
352	Aye	aue	2	244	0	122			2	304	2	300	2	298							-2	302																																																																																																																									-2	300	-2	300	-2	288	-2	288
353	Ou	ou	2	246	0	122	2	302	2	306	2	302	2	300					-2	304	-2	300													2	304	2	306													2	306	2	308													2	298	2	302													2	286	2	286																																																																
357	ao	AO	2	248	0	122	-2	300	-2	304	-2	300	-2	298					2	306	2	302																																																																																																																																
359	Aie	aie	2	250	0	122			2	306	2	302	2	300							-2	300																																																																																																																											-2	298	-2	286	-2	286
360	eeO	eeo			2	124	2	302	2	308	2	304	2	302					-2	304	-2	298																																									-2	290	-2	292	-2	296	-2	300									-2	288	-2	286	-2	284	-2	284																																																																
361	iia	iiA			2	126			-2	306	-2	302	-2	300							2	300																																																													2	286	2	286																																																																
362	aai	AAi	2	252	0	126			-2	304	-2	300	-2	298							2	302																																																																																																																													2	288	2	288
370	uaa	yAA	2	254	0	126			-2	302	-2	298	-2	296							2	304																																																																																																																																
374	OAe	oae	2	256	0	126	2	304	2	304	2	300	2	298					-2	302	-2	302																																																																																																											-2	290			-2	296									-2	298	-2	296	-2	286	-2	286
375	aio	AiO	2	258	0	126	-2	302	-2	302	-2	298	-2	296					2	304	2	304																																																									2	290	2	288	2	288	2	288																																																													2	288	2	288
377	eoa	eOA			2	128	-2	300	-2	300	-2	296	-2	294					2	306	2	306																																									2	292	2	294	2	298	2	302									2	292	2	290	2	290	2	290																																																																
378	yi	ui	2	260	0	128			2	302	2	298	2	296							-2	304																																																																																																																													-2	286	-2	286
380	iAi	iai			2	130			2	304	2	300	2	298							-2	302																																																													-2	288	-2	288																																																													-2	284	-2	284
383	OAi	oai	2	262	0	130	2	302	2	306	2	302	2	300					-2	304	-2	300																																																																																																															-2	294													-2	282	-2	282
385	uee	yee	2	264	0	130			-2	304	-2	300	-2	298							2	302																																																																																																																									2	300	2	298	2	284	2	284
390	ui	yi	2	266	0	130			-2	302	-2	298	-2	296							2	304																																																																																																																													2	286	2	286
392	AAi	aai	2	268	0	130			2	304	2	300	2	298							-2	302																																																																																																																													-2	284	-2	284
393	iea	ieA			2	132			-2	302	-2	298	-2	296							2	304																																													2	300	2	304													2	290	2	290																																																																
395	AeO	aeo	2	270	0	132	2	304	2	304	2	300	2	298					-2	302	-2	302																																									-2	290	-2	292	-2	298	-2	302									-2	290	-2	288	-2	288	-2	288																																																									-2	298	-2	296	-2	282	-2	282
396	uoo	yOO	2	272	0	132	-2	302	-2	302	-2	298	-2	296					2	304	2	304																																																																																																																																
397	OOO	ooo	2	274	0	132	2	304	2	304	2	300	2	298					-2	302	-2	302																																																																																																																																
398	ooa	OOA	2	276	0	132	-2	302	-2	302	-2	298	-2	296					2	304	2	304																																																																																																																																
399	yOO	uoo	2	278	0	132	2	304	2	304	2	300	2	298					-2	302	-2	302																																																																																																																																
400	oeu	Oey	2	280	0	132	-2	302	-2	302	-2	298	-2	296					2	304	2	304																																													2	300	2	304													2	290	2	290																																									2	300	2	292	2	300	2	296									2	300	2	298	2	284	2	284
401	eOy	eou			2	134	2	304	2	304	2	300	2	298					-2	302	-2	302																																									-2	288	-2	290	-2	298	-2	302									-2	288	-2	286	-2	288	-2	288																																																																
403	iao	iAO			2	136	-2	302	-2	302	-2	298	-2	296					2	304	2	304																																																											2	288	2	290	2	290																																																																
404	Ae	ae	2	282	0	136			2	304	2	300	2	298							-2	302																																																																																																																									-2	298	-2	296	-2	282	-2	282
405	oee	Oee	2	284	0	136	-2	300	-2	302	-2	298	-2	296					2	306	2	304																																																																																																									2	302	2	294	2	302	2	298									2	300	2	298	2	284	2	284
408	Oey	oeu	2	286	0	136	2	302	2	304	2	300	2	298					-2	304	-2	302																																													-2	296	-2	300													-2	288	-2	288																																									-2	300	-2	292	-2	300	-2	296									-2	298	-2	296	-2	282	-2	282
411	Oey	oeu	2	288	0	136	2	304	2	306	2	302	2	300					-2	302	-2	300																																													-2	294	-2	298													-2	286	-2	286																																									-2	298	-2	290	-2	298	-2	294									-2	296	-2	294	-2	280	-2	280
412	uia	yiA	2	290	0	136			-2	304	-2	300	-2	298							2	302																																																													2	288	2	288																																																													2	282	2	282
415	oiu	Oiy	2	292	0	136	-2	302	-2	302	-2	298	-2	296					2	304	2	304																																																													2	290	2	290																																													2	300	2	296													2	284	2	284
418	AiO	aio	2	294	0	136	2	304	2	304	2	300	2	298					-2	302	-2	302																																																									-2	286	-2	286	-2	288	-2	288																																																													-2	282	-2	282
420	Oiy	oiu	2	296	0	136	2	306	2	306	2	302	2	300					-2	300	-2	300																																																													-2	286	-2	286																																													-2	298	-2	294													-2	280	-2	280
421	ooe	OOe	2	298	0	136	-2	304	-2	304	-2	300	-2	298					2	302	2	302																																																																																																									2	300	2	292	2	300	2	296									2	298	2	296	2	282	2	282
424	iea	ieA			2	138			-2	302	-2	298	-2	296							2	304																																													2	296	2	300													2	288	2	288																																																																
428	uio	yiO	2	300	0	138	-2	302	-2	300	-2	296	-2	294					2	304	2	306																																																									2	288	2	288	2	290	2	290																																																													2	284	2	284
432	yiA	uia	2	302	0	138			2	302	2	298	2	296							-2	304																																																													-2	288	-2	288																																																													-2	282	-2	282
433	aeu	Aey	2	304	0	138			-2	300	-2	296	-2	294							2	306																																													2	298	2	302													2	290	2	290																																																									2	300	2	298	2	284	2	284
434	yOy	uou	2	306	0	138	2	304	2	302	2	298	2	296					-2	302	-2	304																																																																																																																																
439	aye	aue			2	140			2	304	2	300	2	298							-2	302																																																																																																																					2	302	2	308			-2	296			-2	282
440	iOO	ioo			2	142	2	306	2	306	2	302	2	300					-2	300	-2	300																																																									-2	286	-2	286	-2	288	-2	288																																																																
454	ou	Oy	2	308	0	142	-2	304	-2	304	-2	300	-2	298					2	302	2	302																																																																																																																																
455	ioi	iOi			2	144	-2	302	-2	302	-2	298	-2	296					2	304	2	304																																																									2	288	2	288	2	290	2	290																																													2	302	2	298													2	286	2	284
458	aOy	aou			2	146	2	304	2	304	2	300	2	298					-2	302	-2	302																																																																																																																	2	302	2	304	2	304	2	310	2	302	2	298	2	288	2	286
459	eyA	eua			2	148			2	306	2	302	2	300							-2	300																																													-2	296	-2	300													-2	288	-2	288																																																																
461	eau	eAy			2	150			-2	304	-2	300	-2	298							2	302																																													2	298	2	302													2	290	2	290																																																																
464	iiA	iia			2	152			2	306	2	302	2	300							-2	300																																																													-2	288	-2	288																																																																
465	iio	iiO			2	154	-2	302	-2	304	-2	300	-2	298					2	304	2	302																																																									2	290	2	290	2	290	2	290																																																																
472	au	Ay	2	310	0	154			-2	302	-2	298	-2	296							2	304																																																																																																																																
476	eAO	eao			2	156	2	304	2	304	2	300	2	298					-2	302	-2	302																																											-2	288	-2	296	-2	300											-2	288	-2	288	-2	288																																																																
479	eoe	eOe			2	158	-2	302	-2	302	-2	298	-2	296					2	304	2	304																																									2	290	2	290	2	298	2	302									2	292	2	290	2	290	2	290																																									2	302	2	294	2	304	2	300									2	304	2	300	2	290	2	288
480	eAA	eaa			2	160			2	304	2	300	2	298							-2	302																																													-2	296	-2	300													-2	288	-2	288																																																																
482	Oei	oei	2	312	0	160	2	304	2	306	2	302	2	300					-2	302	-2	300																																																																																																									-2	300	-2	292	-2	302	-2	298									-2	302	-2	298	-2	288	-2	286
484	eoa	eOA			2	162	-2	302	-2	304	-2	300	-2	298					2	304	2	302																																									2	292	2	292	2	298	2	302									2	294	2	292	2	290	2	290																																																																
490	yaa	yAA			2	164			-2	302	-2	298	-2	296							2	304																													2	308	2	310													2	300	2	304													2	292	2	292																																																																
496	iao	iAO			2	166	-2	300	-2	300	-2	296	-2	294					2	306	2	306																																																											2	294	2	294	2	294																																																																
501	iOO	ioo			2	168	2	302	2	302	2	298	2	296					-2	304	-2	304																																																									-2	292	-2	292	-2	292	-2	292																																																																
503	OOA	ooa	2	314	0	168	2	304	2	304	2	300	2	298					-2	302	-2	302																																																																																																																																
506	iu	iy			2	170			-2	302	-2	298	-2	296							2	304																																																													2	294	2	294																																																																
508	eua	eyA			2	172			-2	300	-2	296	-2	294							2	306																																													2	302	2	306													2	296	2	296																																																																
516	iyA	iua			2	174			2	302	2	298	2	296							-2	304																																																													-2	294	-2	294																																																																
519	iyA	iua			2	176			2	304	2	300	2	298							-2	302																																																													-2	292	-2	292																																																																
521	io	iO			2	178	-2	302	-2	302	-2	298	-2	296					2	304	2	304																																																									2	294	2	294	2	294	2	294																																																																
522	eOi	eoi			2	180	2	304	2	304	2	300	2	298					-2	302	-2	302																																									-2	290	-2	290	-2	300	-2	304									-2	292	-2	292	-2	292	-2	292																																													-2	300	-2	296													-2	286	-2	284
525	ey	eu			2	182			2	306	2	302	2	300							-2	300																																													-2	298	-2	302													-2	290	-2	290																																																																
526	iaa	iAA			2	184			-2	304	-2	300	-2	298							2	302																																																													2	292	2	292																																																																
527	ioe	iOe			2	186	-2	302	-2	302	-2	298	-2	296					2	304	2	304																																																									2	294	2	294	2	294	2	294																																									2	302	2	294	2	302	2	298									2	304	2	300	2	288	2	286
532	iAA	iaa			2	188			2	304	2	300	2	298							-2	302																																																													-2	292	-2	292																																																																
533	iao	iAO			2	190	-2	300	-2	302	-2	298	-2	296					2	306	2	304																																																											2	296	2	294	2	294																																																																
545	iye	iue			2	192			2	304	2	300	2	298							-2	302																																																													-2	292	-2	292																																																									-2	302	-2	298	-2	286	-2	284
551	eoi	eOi			2	194	-2	298	-2	302	-2	298	-2	296					2	308	2	304																																									2	292	2	292	2	300	2	304									2	296	2	298	2	294	2	294																																													2	304	2	300													2	288	2	286
561	eOe	eoe			2	196	2	300	2	304	2	300	2	298					-2	306	-2	302																																									-2	290	-2	290	-2	298	-2	302									-2	294	-2	296	-2	292	-2	292																																									-2	300	-2	292	-2	302	-2	298									-2	300	-2	296	-2	286	-2	284
567	eyA	eua			2	198			2	306	2	302	2	300							-2	300																																													-2	296	-2	300													-2	290	-2	290																																																																
575	ea	eA			2	200			-2	304	-2	300	-2	298							2	302																																													2	298	2	302													2	292	2	292																																																																
577	eOe	eoe			2	202	2	302	2	306	2	302	2	300					-2	304	-2	300																																									-2	288	-2	288	-2	296	-2	300									-2	292	-2	294	-2	290	-2	290																																									-2	298	-2	290	-2	300	-2	296									-2	298	-2	294	-2	284	-2	282
583	ia	iA			2	204			-2	304	-2	300	-2	298							2	302																																																													2	292	2	292																																																																
584	Oia	OiA			2	206			-2	302	-2	298	-2	296							2	304															2	308															2	312															2	302													2	294	2	294																																																																
587	iae	iAe			2	208			-2	300	-2	296	-2	294							2	306																																																													2	296	2	296																																																									2	300	2	296	2	286	2	284
592	eO	eo			2	210	2	304	2	302	2	298	2	296					-2	302	-2	304																																									-2	286	-2	286	-2	294	-2	300									-2	290	-2	292	-2	294	-2	294																																																																
593	ioo	iOO			2	212	-2	302	-2	300	-2	296	-2	294					2	304	2	306																																																									2	292	2	294	2	296	2	296																																																																
597	eAy	eau			2	214			2	302	2	298	2	296							-2	304																																													-2	292	-2	298													-2	294	-2	294																																																																
599	eoi	eOi			2	216	-2	300	-2	300	-2	296	-2	294					2	306	2	306																																									2	288	2	288	2	294	2	300									2	294	2	296	2	296	2	296																																													2	302	2	298													2	288	2	286
600	iyy	iuu			2	218			2	302	2	298	2	296							-2	304																																																													-2	294	-2	294																																																																
602	iAO	iao			2	220	2	302	2	304	2	300	2	298					-2	304	-2	302																																																											-2	294	-2	292	-2	292																																																																
605	iOO	ioo			2	222	2	304	2	306	2	302	2	300					-2	302	-2	300																																																									-2	292	-2	292	-2	290	-2	290																																																																
608	ieu	iey			2	224			-2	304	-2	300	-2	298							2	302																																													2	296	2	302													2	292	2	292																																																																
632	iyi	iui			2	226			2	306	2	302	2	300							-2	300																																																													-2	290	-2	290																																																													-2	286	-2	284
638	iiu	iiy			2	228			-2	304	-2	300	-2	298							2	302																																																													2	292	2	292																																																																
640	eio	eiO			2	230	-2	302	-2	302	-2	298	-2	296					2	304	2	304																																											2	290			2	304									2	294	2	294	2	294	2	294																																																																
648	iy	iu			2	232			2	304	2	300	2	298							-2	302																																																													-2	292	-2	292																																																																
662	ioa	iOA			2	234	-2	300	-2	302	-2	298	-2	296					2	306	2	304																																																									2	296	2	296	2	294	2	294																																																																
684	oyi	oui			2	236			2	304	2	300	2	298							-2	302																																																																																																					2	302	2	302	2	300	2	292	2	304							2	306	2	312	2	302	2	298			-2	282
696	iiy	iiu			2	238			2	306	2	302	2	300							-2	300																																																													-2	292	-2	292																																																																
701	eo	eO			2	240	-2	298	-2	304	-2	300	-2	298					2	308	2	302																																									2	290	2	292	2	298	2	306									2	298	2	298	2	294	2	294																																																																
705	iEo	ieO			2	242	-2	296	-2	302	-2	298	-2	296			2	310	2	310	2	304																																																					2	302	2	302	2	300	2	300	2	296	2	296																																																																
708	eAy	eau			2	244			2	304	2	300	2	298							-2	302																																													-2	296	-2	304													-2	294	-2	294																																																																
712	eyA	eua			2	246			2	306	2	302	2	300							-2	300																																													-2	294	-2	302													-2	292	-2	292																																																																
715	eOe	eoe			2	248	2	298	2	308	2	304	2	302					-2	308	-2	298																																									-2	288	-2	290	-2	292	-2	300									-2	298	-2	298	-2	290	-2	290																																									-2	298	-2	290	-2	302	-2	296									-2	300	-2	296	-2	284	-2	280
719	io	iO			2	250	-2	296	-2	306	-2	302	-2	300					2	310	2	300																																																									2	300	2	300	2	292	2	292																																																																
724	eyO	euo			2	252	2	298	2	308	2	304	2	302					-2	308	-2	298																																											-2	288	-2	290	-2	298											-2	298	-2	290	-2	290																																																																
738	eOA	eoa			2	254	2	300	2	310	2	306	2	304					-2	306	-2	296																																									-2	286	-2	286	-2	288	-2	296									-2	298	-2	296	-2	288	-2	288																																																																
739	uuu	yyy	2	316	0	254			-2	308	-2	304	-2	302							2	298																																																																																																																																
741	ioi	iOi			2	256	-2	298	-2	306	-2	302	-2	300					2	308	2	300																																																									2	300	2	298	2	290	2	290																																													2	304	2	298													2	286	2	282
749	ieu	iey			2	258			-2	304	-2	300	-2	298							2	302																																													2	290	2	298													2	292	2	292																																																																
757	iOy	iou			2	260	2	300	2	306	2	302	2	300					-2	306	-2	300																																																									-2	298	-2	296	-2	290	-2	290																																																																
768	ieu	iey			2	262			-2	304	-2	300	-2	298							2	302																																													2	292	2	300													2	292	2	292																																																																
773	iO	io			2	264	2	302	2	306	2	302	2	300					-2	304	-2	300																																																									-2	296	-2	294	-2	290	-2	290																																																																
781	eea	eeA			2	266			-2	304	-2	300	-2	298							2	302																																													2	294	2	302													2	292	2	292																																																																
800	ieo	ieO			2	268	-2	300	-2	302	-2	298	-2	296					2	306	2	304																																									2	288	2	288	2	296	2	304									2	298	2	296	2	294	2	294																																																																
802	eAA	eaa			2	270			2	304	2	300	2	298							-2	302																																													-2	294	-2	302													-2	292	-2	292																																																																
804	iiy	iiu			2	272			2	306	2	302	2	300							-2	300																																																													-2	290	-2	290																																																																
805	ioe	iOe			2	274	-2	298	-2	304	-2	300	-2	298					2	308	2	302																																																									2	300	2	298	2	292	2	292																																									2	300	2	292	2	306	2	300									2	302	2	298	2	288	2	284
811	eOe	eoe			2	276	2	300	2	306	2	302	2	300					-2	306	-2	300																																									-2	286	-2	286	-2	292	-2	300									-2	298	-2	296	-2	290	-2	290																																									-2	298	-2	290	-2	304	-2	298									-2	300	-2	296	-2	286	-2	282
812	eau	eAy			2	278			-2	304	-2	300	-2	298							2	302																																													2	294	2	302													2	292	2	292																																																																
818	eOi	eoi			2	280	2	302	2	306	2	302	2	300					-2	304	-2	300																																									-2	284	-2	284	-2	292	-2	300									-2	296	-2	294	-2	290	-2	290																																													-2	302	-2	296													-2	284	-2	280
826	eu	ey			2	282			-2	304	-2	300	-2	298							2	302																																													2	294	2	302													2	292	2	292																																																																
832	eAy	eau			2	284			2	306	2	302	2	300							-2	300																																													-2	292	-2	300													-2	290	-2	290																																																																
833	iue	iye			2	286			-2	304	-2	300	-2	298							2	302																																																													2	292	2	292																																																									2	302	2	298	2	286	2	282
838	euo	eyO			2	288	-2	300	-2	302	-2	298	-2	296					2	306	2	304																																											2	286	2	294	2	302											2	296	2	294	2	294																																																																
838	Apriori	Id(Bk)Syl1>>Id(Bk)	2	318																																																																																																																																																			
839	iA	ia			2	290			2	304	2	300	2	298							-2	302																																																													-2	292	-2	292																																																																
839	Apriori	Id(Bk)Syl1>>Id(Bk)	2	320																																																																																																																																																			
870	eue	eye			2	292			-2	302	-2	298	-2	296							2	304																																													2	296	2	304													2	294	2	294																																																									2	304	2	300	2	288	2	284
870	Apriori	Id(Bk)Syl1>>Id(Bk)	2	322																																																																																																																																																			
880	iye	iue			2	294			2	304	2	300	2	298							-2	302																																																													-2	292	-2	292																																																									-2	302	-2	298	-2	286	-2	282
880	Apriori	Id(Bk)Syl1>>Id(Bk)	2	324																																																																																																																																																			
888	iio	iiO			2	296	-2	298	-2	302	-2	298	-2	296					2	308	2	304																																																									2	298	2	298	2	294	2	294																																																																
888	Apriori	Id(Bk)Syl1>>Id(Bk)	2	326																																																																																																																																																			
906	eea	eeA			2	298			-2	300	-2	296	-2	294							2	306																																													2	298	2	306													2	296	2	296																																																																
906	Apriori	Id(Bk)Syl1>>Id(Bk)	2	328																																																																																																																																																			
909	iOA	ioa			2	300	2	300	2	302	2	298	2	296					-2	306	-2	304																																																									-2	296	-2	296	-2	294	-2	294																																																																
909	Apriori	Id(Bk)Syl1>>Id(Bk)	2	330																																																																																																																																																			
911	eAy	eau			2	302			2	304	2	300	2	298							-2	302																																													-2	296	-2	304													-2	292	-2	292																																																																
911	Apriori	Id(Bk)Syl1>>Id(Bk)	2	332																																																																																																																																																			
923	uEa	uea			2	304					-2	298	-2	296			2	312	2	308	2	304																																													-2	294	-2	302													-2	290	-2	290																																																									-2	300	-2	296	-2	284	-2	280
923	Apriori	Id(Bk)Syl1>>Id(Bk)	2	334																																																																																																																																																			
924	iau	iAy			2	306			-2	302	-2	296	-2	294							2	306																																																													2	292	2	292																																																																
924	Apriori	Id(Bk)Syl1>>Id(Bk)	2	336																																																																																																																																																			
945	iOy	iou			2	308	2	302	2	304	2	298	2	296					-2	306	-2	304																																																									-2	294	-2	294	-2	290	-2	290																																																																
945	Apriori	Id(Bk)Syl1>>Id(Bk)	2	338																																																																																																																																																			
961	eo	eO			2	310	-2	300	-2	302	-2	296	-2	294					2	308	2	306																																									2	286	2	288	2	296	2	304									2	296	2	296	2	292	2	292																																																																
961	Apriori	Id(Bk)Syl1>>Id(Bk)	2	340																																																																																																																																																			
963	eAi	eai			2	312			2	304	2	298	2	296							-2	304																																													-2	294	-2	302													-2	290	-2	290																																																													-2	282	-2	278
963	Apriori	Id(Bk)Syl1>>Id(Bk)	2	342																																																																																																																																																			
983	iOA	ioa			2	314	2	302	2	306	2	300	2	298					-2	306	-2	302																																																									-2	294	-2	294	-2	288	-2	288																																																																
983	Apriori	Id(Bk)Syl1>>Id(Bk)	2	344																																																																																																																																																			
1087	eOi	eoi			2	316	2	304	2	308	2	302	2	300					-2	304	-2	300																																									-2	284	-2	286	-2	292	-2	300									-2	292	-2	292	-2	286	-2	286																																													-2	300	-2	294													-2	280	-2	276
1087	Apriori	Id(Bk)Syl1>>Id(Bk)	2	346																																																																																																																																																			
1166	iea	ieA			2	318			-2	306	-2	300	-2	298							2	302																																													2	294	2	302													2	288	2	288																																																																
1166	Apriori	Id(Bk)Syl1>>Id(Bk)	2	348																																																																																																																																																			
TOTAL				348		318		304		306		300		298		302		312		304		302		300		300		300		300		300		300		304		308		300		300		300		300		300		302		308		312		300		300		300		300		284		286		294		302		300		300		302		302		292		292		288		288		300		300		300		300		300		300		300		300		300		300		300		300		300		300		300		300		300		300		302		302		298		290		300		294		302		304		306		312		300		296		280		276
