trialnum	Generated	Heard	Id(Bk)Syl1	now	Id(Bk)	now	*F1	now	*F3	now	*F4	now	*F5	now	*B1	now	*B2	now	*B3	now	*B5	now	*F1_B1	now	*F1..._B1	now	*F1_B2	now	*F1..._B2	now	*F1_B3	now	*F1..._B3	now	*F1_B5	now	*F1..._B5	now	*F3_B1	now	*F3..._B1	now	*F3_B2	now	*F3..._B2	now	*F3_B3	now	*F3..._B3	now	*F3_B5	now	*F3..._B5	now	*F4_B1	now	*F4..._B1	now	*F4_B2	now	*F4..._B2	now	*F4_B3	now	*F4..._B3	now	*F4_B5	now	*F4..._B5	now	*F5_B1	now	*F5..._B1	now	*F5_B2	now	*F5..._B2	now	*F5_B3	now	*F5..._B3	now	*F5_B5	now	*F5..._B5	now	*_B1F1	now	*_B1...F1	now	*_B1F3	now	*_B1...F3	now	*_B1F4	now	*_B1...F4	now	*_B1F5	now	*_B1...F5	now	*_B2F1	now	*_B2...F1	now	*_B2F3	now	*_B2...F3	now	*_B2F4	now	*_B2...F4	now	*_B2F5	now	*_B2...F5	now	*_B3F1	now	*_B3...F1	now	*_B3F3	now	*_B3...F3	now	*_B3F4	now	*_B3...F4	now	*_B3F5	now	*_B3...F5	now	*_B5F1	now	*_B5...F1	now	*_B5F3	now	*_B5...F3	now	*_B5F4	now	*_B5...F4	now	*_B5F5	now	*_B5...F5	now
				0		0		100		100		100		100		100		100		100		100		100		100		100		100		100		100		100		100		100		100		100		100		100		100		100		100		100		100		100		100		100		100		100		100		100		100		100		100		100		100		100		100		100		100		100		100		100		100		100		100		100		100		100		100		100		100		100		100		100		100		100		100		100		100		100		100		100		100		100		100		100		100		100		100
1	ooE	ooe			0.5	0.5					-2	98	-2	98			0.5	100.5	0.5	100.5	0.5	100.5																																																																																																									-2	98	-2	98	-2	98	-2	98									-2	98	-2	98	-2	98	-2	98
2	aa	Aa	0.6666666666666666	0.6666666666666666	0.6666666666666666	1.1666666666666665			-2	98	-2	96	-2	96							0.6666666666666666	101.16666666666667																													-2	98	-2	98													-2	98	-2	98													-2	98	-2	98																																																																
3	Ae	ae	0.4	1.0666666666666667	0.4	1.5666666666666664			0.4	98.4	0.4	96.4	0.4	96.4							-2	99.16666666666667																																																																																																																									-2	96	-2	96	-2	96	-2	96
6	aOO	aoo			0.15384615384615385	1.7205128205128202	0.15384615384615385	100.15384615384616	0.15384615384615385	98.55384615384617	0.15384615384615385	96.55384615384617	0.15384615384615385	96.55384615384617					-2	98.5	-2	97.16666666666667																																																																																																																	0.15384615384615385	100.15384615384616	0.15384615384615385	100.15384615384616	0.15384615384615385	100.15384615384616	0.15384615384615385	100.15384615384616	0.15384615384615385	96.15384615384616	0.15384615384615385	96.15384615384616	0.15384615384615385	96.15384615384616	0.15384615384615385	96.15384615384616
7	aEu	Aeu	0.4	1.4666666666666668	0.4	2.12051282051282			-2	96.55384615384617	-2	94.55384615384617	-2	94.55384615384617			0.4	100.9	0.4	98.9	0.4	97.56666666666668																															-2	96													-2	96	-2	96													-2	96	-2	96																																																																
8	aia	Aia	0.4	1.8666666666666667	0.4	2.52051282051282			-2	94.55384615384617	-2	92.55384615384617	-2	92.55384615384617							0.4	97.96666666666668																															-2	94															-2	94																																																																													0.4	96.55384615384617	0.4	96.55384615384617
9	eAi	Eai	0.4	2.2666666666666666	0.4	2.92051282051282			0.4	94.95384615384617	0.4	92.95384615384617	0.4	92.95384615384617			-2	98.9	-2	96.9	-2	95.96666666666668																																																																																															-2	98															-2	96													-2	94.55384615384617	-2	94.55384615384617
10	eeA	eea			0.5	3.42051282051282			0.5	95.45384615384617	0.5	93.45384615384617	0.5	93.45384615384617							-2	93.96666666666668																																													-2	94	-2	92													-2	94	-2	94																																																																
11	Aia	aia	0.2857142857142857	2.552380952380952	0.2857142857142857	3.7062271062271055			0.2857142857142857	95.73956043956046	0.2857142857142857	93.73956043956046	0.2857142857142857	93.73956043956046							-2	91.96666666666668																															0.2857142857142857	94.28571428571429															0.2857142857142857	92.28571428571429																																																																													-2	92.55384615384617	-2	92.55384615384617
13	eiA	Eia	0.4	2.952380952380952	0.4	4.106227106227106			0.4	96.13956043956047	0.4	94.13956043956047	0.4	94.13956043956047			-2	96.9	-2	94.9	-2	89.96666666666668																																																													-2	92	-2	92																													-2	98	-2	96													-2	96	-2	94													-2	90.55384615384617	-2	90.55384615384617
15	aai	Aai	0.5	3.452380952380952	0.5	4.606227106227106			-2	94.13956043956047	-2	92.13956043956047	-2	92.13956043956047							0.5	90.46666666666668																													-2	96	-2	92.28571428571429													-2	92	-2	90.28571428571429													-2	90	-2	90																																																															0.5	91.05384615384617
17	eOe	eoe			0.4	5.006227106227106	0.4	100.55384615384617	0.4	94.53956043956047	0.4	92.53956043956047	0.4	92.53956043956047					-2	92.9	-2	88.46666666666668																																									-2	98	-2	98	-2	90	-2	88.28571428571429									-2	98	-2	98	-2	88	-2	88																																									-2	96	-2	96	-2	94	-2	92									-2	94.15384615384616	-2	94.15384615384616	-2	88.55384615384617	-2	89.05384615384617
19	Eou	eou	0.4	3.852380952380952	0.4	5.406227106227107					-2	90.53956043956047	-2	90.53956043956047			0.4	97.30000000000001	0.4	93.30000000000001	0.4	88.86666666666669																																									-2	96	-2	96	-2	88	-2	86.28571428571429									-2	96	-2	96	-2	86	-2	86																																																																
22	yAe	yae			0.5	5.906227106227107			0.5	95.03956043956047	0.5	91.03956043956047	0.5	91.03956043956047							-2	86.86666666666669																													-2	94	-2	90.28571428571429													-2	86	-2	84.28571428571429													-2	84	-2	84																																																									-2	92.15384615384616	-2	92.15384615384616	-2	86.55384615384617	-2	87.05384615384617
23	aae	Aae	0.4	4.252380952380952	0.4	6.306227106227107			-2	93.03956043956047	-2	89.03956043956047	-2	89.03956043956047							0.4	87.2666666666667																													-2	92	-2	88.28571428571429													-2	84	-2	82.28571428571429													-2	82	-2	82																																																											0.4	92.55384615384617			0.4	87.45384615384617
25	uuu	yuu	0.6666666666666666	4.919047619047619	0.6666666666666666	6.972893772893774			-2	91.03956043956047	-2	87.03956043956047	-2	87.03956043956047							0.6666666666666666	87.93333333333337																													-2	90	-2	86.28571428571429													-2	82	-2	80.28571428571429													-2	80	-2	80																																																																
28	oo	Oo	0.5	5.419047619047619	0.5	7.472893772893774	-2	98.55384615384617	-2	89.03956043956047	-2	85.03956043956047	-2	85.03956043956047					0.5	93.80000000000001	0.5	88.43333333333337									-2	98	-2	98	-2	98	-2	98									-2	98	-2	98	-2	88	-2	84.28571428571429									-2	94	-2	94	-2	80	-2	78.28571428571429									-2	94	-2	94	-2	78	-2	78																																																																
30	Aee	aee	0.4	5.81904761904762	0.4	7.872893772893774			0.4	89.43956043956048	0.4	85.43956043956048	0.4	85.43956043956048							-2	86.43333333333337																																																																																																																									-2	90.15384615384616	-2	90.55384615384617	-2	84.55384615384617	-2	85.45384615384617
32	eaa	Eaa	0.25	6.06904761904762	0.25	8.122893772893775					0.25	85.68956043956048	0.25	85.68956043956048			-2	95.30000000000001	-2	91.80000000000001	-2	84.43333333333337																																													0.25	80.25	0.25	78.53571428571429													0.25	78.25	0.25	78.25																																																																
33	uua	yua	0.6666666666666666	6.735714285714287	0.6666666666666666	8.789560439560441			-2	87.43956043956048	-2	83.68956043956048	-2	83.68956043956048							0.6666666666666666	85.10000000000004																													-2	86	-2	82.28571428571429													-2	78.25	-2	76.53571428571429													-2	76.25	-2	76.25																																																																
35	yye	uue	0.4	7.135714285714287	0.4	9.189560439560442			0.4	87.83956043956049	0.4	84.08956043956049	0.4	84.08956043956049							-2	83.10000000000004																																																																																																																									-2	88.15384615384616	-2	88.55384615384617	-2	82.55384615384617	-2	83.45384615384617
36	eou	Eou	0.16666666666666666	7.302380952380954	0.16666666666666666	9.356227106227108					0.16666666666666666	84.25622710622716	0.16666666666666666	84.25622710622716			-2	93.30000000000001	-2	89.80000000000001	-2	81.10000000000004																																									0.16666666666666666	94.16666666666667	0.16666666666666666	94.16666666666667	0.16666666666666666	78.41666666666667	0.16666666666666666	76.70238095238096									0.16666666666666666	94.16666666666667	0.16666666666666666	94.16666666666667	0.16666666666666666	76.41666666666667	0.16666666666666666	76.41666666666667																																																																
37	uui	yui	0.5	7.802380952380954	0.5	9.856227106227108			-2	85.83956043956049	-2	82.25622710622716	-2	82.25622710622716							0.5	81.60000000000004																													-2	84	-2	80.28571428571429													-2	76.41666666666667	-2	74.70238095238096													-2	74.41666666666667	-2	74.41666666666667																																																															0.5	83.95384615384617
41	ooo	Ooo	0.5	8.302380952380954	0.5	10.356227106227108	-2	96.55384615384617	-2	83.83956043956049	-2	80.25622710622716	-2	80.25622710622716					0.5	90.30000000000001	0.5	82.10000000000004									-2	96	-2	96	-2	96	-2	96									-2	96	-2	96	-2	82	-2	78.28571428571429									-2	92.16666666666667	-2	92.16666666666667	-2	74.41666666666667	-2	72.70238095238096									-2	92.16666666666667	-2	92.16666666666667	-2	72.41666666666667	-2	72.41666666666667																																																																
42	eii	Eii	0.5	8.802380952380954	0.5	10.856227106227108					0.5	80.75622710622716	0.5	80.75622710622716			-2	91.30000000000001	-2	88.30000000000001	-2	80.10000000000004																																																																																													-2	96	-2	94													-2	92	-2	90													-2	80.55384615384617	-2	81.95384615384617
45	oii	Oii	0.25	9.052380952380954	0.25	11.106227106227108	-2	94.55384615384617	-2	81.83956043956049	-2	78.75622710622716	-2	78.75622710622716					0.25	88.55000000000001	0.25	80.35000000000004																																																																																																													0.25	92.25	0.25	90.25													0.25	80.80384615384617	0.25	82.20384615384617
46	Eoo	eoo	0.4	9.452380952380954	0.4	11.506227106227108					-2	76.75622710622716	-2	76.75622710622716			0.4	91.70000000000002	0.4	88.95000000000002	0.4	80.75000000000004																																									-2	90.16666666666667	-2	90.16666666666667	-2	72.41666666666667	-2	70.70238095238096									-2	90.16666666666667	-2	90.16666666666667	-2	70.41666666666667	-2	70.41666666666667																																																																
47	yiA	uia	0.4	9.852380952380955	0.4	11.906227106227108			0.4	82.23956043956049	0.4	77.15622710622716	0.4	77.15622710622716							-2	78.75000000000004																																																													-2	68.41666666666667	-2	68.41666666666667																																																													-2	78.80384615384617	-2	80.20384615384617
48	uaa	yaa	0.6666666666666666	10.51904761904762	0.6666666666666666	12.572893772893774			-2	80.23956043956049	-2	75.15622710622716	-2	75.15622710622716							0.6666666666666666	79.41666666666671																													-2	80	-2	76.28571428571429													-2	70.41666666666667	-2	68.70238095238096													-2	66.41666666666667	-2	66.41666666666667																																																																
49	yA	ya			0.5	13.072893772893774			0.5	80.73956043956049	0.5	75.65622710622716	0.5	75.65622710622716							-2	77.41666666666671																													-2	78	-2	74.28571428571429													-2	68.41666666666667	-2	66.70238095238096													-2	64.41666666666667	-2	64.41666666666667																																																																
50	iAi	iai			0.5	13.572893772893774			0.5	81.23956043956049	0.5	76.15622710622716	0.5	76.15622710622716							-2	75.41666666666671																																																													-2	62.41666666666667	-2	62.41666666666667																																																													-2	76.80384615384617	-2	78.20384615384617
52	aii	Aii	0.4	10.919047619047621	0.4	13.972893772893775			-2	79.23956043956049	-2	74.15622710622716	-2	74.15622710622716							0.4	75.81666666666672																																																																																																																													0.4	77.20384615384617	0.4	78.60384615384618
53	ai	Ai	0.4	11.319047619047621	0.4	14.372893772893775			-2	77.23956043956049	-2	72.15622710622716	-2	72.15622710622716							0.4	76.21666666666673																																																																																																																													0.4	77.60384615384618	0.4	79.00384615384618
54	OiA	oia	0.3333333333333333	11.652380952380955	0.3333333333333333	14.706227106227109	0.3333333333333333	94.8871794871795	0.3333333333333333	77.57289377289382	0.3333333333333333	72.48956043956049	0.3333333333333333	72.48956043956049					-2	86.95000000000002	-2	74.21666666666673																																																													-2	60.41666666666667	-2	60.41666666666667																																													-2	90.25	-2	88.25													-2	75.60384615384618	-2	77.00384615384618
56	Aye	Aue			0.5	15.206227106227109			0.5	78.07289377289382	0.5	72.98956043956049	0.5	72.98956043956049							-2	72.21666666666673																													-2	76	-2	72.28571428571429													-2	66.41666666666667	-2	64.70238095238096													-2	58.41666666666667	-2	58.41666666666667																																																									-2	86.15384615384616	-2	86.55384615384617	-2	73.60384615384618	-2	75.00384615384618
57	aua	Aua	0.6666666666666666	12.319047619047621	0.6666666666666666	15.872893772893775			-2	76.07289377289382	-2	70.98956043956049	-2	70.98956043956049							0.6666666666666666	72.8833333333334																													-2	74	-2	70.28571428571429													-2	64.41666666666667	-2	62.70238095238096													-2	56.41666666666667	-2	56.41666666666667																																																																
59	oio	Oio	0.25	12.569047619047621	0.25	16.122893772893775	-2	92.8871794871795	-2	74.07289377289382	-2	68.98956043956049	-2	68.98956043956049					0.25	87.20000000000002	0.25	73.1333333333334											-2	94			-2	94											-2	94			-2	68.28571428571429											-2	88.16666666666667			-2	60.70238095238096																																																													0.25	90.5	0.25	88.5													0.25	73.85384615384618	0.25	75.25384615384618
60	EEo	Eeo			0.5	16.622893772893775					-2	66.98956043956049	-2	66.98956043956049			0.5	92.20000000000002	0.5	87.70000000000002	0.5	73.6333333333334																																									-2	88.16666666666667	-2	86.16666666666667	-2	62.41666666666667	-2	58.70238095238096									-2	88.16666666666667	-2	88.16666666666667	-2	54.41666666666667	-2	54.41666666666667																									-2	98	-2	98	-2	94	-2	92									-2	94	-2	94	-2	88.5	-2	86.5									-2	84.15384615384616	-2	84.55384615384617	-2	71.85384615384618	-2	73.25384615384618
63	iy	iu			0.5	17.122893772893775			0.5	74.57289377289382	0.5	67.48956043956049	0.5	67.48956043956049							-2	71.6333333333334																																																													-2	52.41666666666667	-2	52.41666666666667																																																																
65	uua	yua	0.6666666666666666	13.235714285714288	0.6666666666666666	17.789560439560443			-2	72.57289377289382	-2	65.48956043956049	-2	65.48956043956049							0.6666666666666666	72.30000000000007																													-2	72	-2	66.28571428571429													-2	60.41666666666667	-2	56.70238095238096													-2	50.41666666666667	-2	50.41666666666667																																																																
68	oia	Oia	0.25	13.485714285714288	0.25	18.039560439560443	-2	90.8871794871795	-2	70.57289377289382	-2	63.48956043956049	-2	63.48956043956049					0.25	87.95000000000002	0.25	72.55000000000007															-2	92															-2	64.28571428571429															-2	54.70238095238096																																																													0.25	88.75	0.25	86.75													0.25	72.10384615384618	0.25	73.50384615384618
69	eeo	Eeo	0.5	13.985714285714288	0.5	18.539560439560443					0.5	63.98956043956049	0.5	63.98956043956049			-2	90.20000000000002	-2	85.95000000000002	-2	70.55000000000007																																																																																									-2	96	-2	96	-2	92	-2	90									-2	92	-2	92	-2	86.75	-2	84.75									-2	82.15384615384616	-2	82.55384615384617	-2	70.10384615384618	-2	71.50384615384618
70	ueo	yeo	0.2857142857142857	14.271428571428574	0.2857142857142857	18.825274725274728			-2	68.57289377289382	-2	61.98956043956049	-2	61.98956043956049							0.2857142857142857	70.83571428571436																											-2	92			-2	62.28571428571429																																																																																									0.2857142857142857	82.43956043956045	0.2857142857142857	82.83956043956046	0.2857142857142857	70.38956043956047	0.2857142857142857	71.78956043956047
71	eAA	Eaa	0.4	14.671428571428574	0.4	19.225274725274726			0.4	68.97289377289383	0.4	62.38956043956049	0.4	62.38956043956049			-2	88.20000000000002	-2	83.95000000000002	-2	68.83571428571436																																																																																																																																
72	EoE	eoe	0.4	15.071428571428575	0.4	19.625274725274725					-2	60.38956043956049	-2	60.38956043956049			0.4	88.60000000000002	0.4	84.35000000000002	0.4	69.23571428571437																																									-2	86.16666666666667	-2	84.16666666666667	-2	58.41666666666667	-2	52.70238095238096									-2	86.16666666666667	-2	86.16666666666667	-2	48.41666666666667	-2	48.41666666666667																																									-2	90	-2	90	-2	84.75	-2	82.75									-2	80.43956043956045	-2	80.83956043956046	-2	68.38956043956047	-2	69.78956043956047
73	yei	uei	0.4	15.471428571428575	0.4	20.025274725274723			0.4	69.37289377289383	0.4	60.78956043956049	0.4	60.78956043956049							-2	67.23571428571437																																																																																																																									-2	78.43956043956045	-2	78.83956043956046	-2	66.38956043956047	-2	67.78956043956047
76	ey	eu			0.5	20.525274725274723			0.5	69.87289377289383	0.5	61.28956043956049	0.5	61.28956043956049							-2	65.23571428571437																																													-2	56.41666666666667	-2	50.70238095238096													-2	46.41666666666667	-2	46.41666666666667																																																																
79	yeu	ueu	0.3333333333333333	15.804761904761909	0.3333333333333333	20.858608058608056			0.3333333333333333	70.20622710622716	0.3333333333333333	61.622893772893825	0.3333333333333333	61.622893772893825							-2	63.235714285714366																															0.3333333333333333	62.61904761904763																																																																																									-2	76.43956043956045	-2	76.83956043956046	-2	64.38956043956047	-2	65.78956043956047
81	eye	eue			0.5	21.358608058608056			0.5	70.70622710622716	0.5	62.122893772893825	0.5	62.122893772893825							-2	61.235714285714366																																													-2	54.41666666666667	-2	48.70238095238096													-2	44.41666666666667	-2	44.41666666666667																																																									-2	74.43956043956045	-2	74.83956043956046	-2	62.38956043956047	-2	63.789560439560475
82	oa	Oa	0.5	16.30476190476191	0.5	21.858608058608056	-2	88.8871794871795	-2	68.70622710622716	-2	60.122893772893825	-2	60.122893772893825					0.5	84.85000000000002	0.5	61.735714285714366													-2	94	-2	90													-2	70	-2	60.61904761904763													-2	52.41666666666667	-2	46.70238095238096													-2	42.41666666666667	-2	42.41666666666667																																																																
84	uu	yu	0.6666666666666666	16.97142857142858	0.6666666666666666	22.525274725274723			-2	66.70622710622716	-2	58.122893772893825	-2	58.122893772893825							0.6666666666666666	62.40238095238103																													-2	68	-2	58.61904761904763													-2	50.41666666666667	-2	44.70238095238096													-2	40.41666666666667	-2	40.41666666666667																																																																
88	OeO	oeo	0.3333333333333333	17.30476190476191	0.3333333333333333	22.858608058608056	0.3333333333333333	89.22051282051282	0.3333333333333333	67.03956043956049	0.3333333333333333	58.45622710622716	0.3333333333333333	58.45622710622716					-2	82.85000000000002	-2	60.40238095238103																																									-2	84.16666666666667	-2	82.16666666666667	-2	48.41666666666667	-2	42.70238095238096									-2	84.16666666666667	-2	84.16666666666667	-2	38.41666666666667	-2	38.41666666666667																																									-2	88	-2	88	-2	82.75	-2	80.75									-2	72.43956043956045	-2	72.83956043956046	-2	60.38956043956047	-2	61.789560439560475
92	uii	yii	0.4	17.70476190476191	0.4	23.258608058608054			-2	65.03956043956049	-2	56.45622710622716	-2	56.45622710622716							0.4	60.80238095238103																																																																																																																													0.4	60.78956043956047	0.4	62.18956043956047
93	aoa	Aoa	0.6666666666666666	18.371428571428577	0.6666666666666666	23.925274725274722			-2	63.03956043956049	-2	54.45622710622716	-2	54.45622710622716							0.6666666666666666	61.46904761904769																									-2	94	-2	90	-2	66	-2	56.61904761904763									-2	82.16666666666667	-2	80.16666666666667	-2	46.41666666666667	-2	40.70238095238096									-2	82.16666666666667	-2	82.16666666666667	-2	36.41666666666667	-2	36.41666666666667																																																																
95	ouo	Ouo	0.5	18.871428571428577	0.5	24.425274725274722	-2	87.22051282051282	-2	61.03956043956049	-2	52.45622710622716	-2	52.45622710622716					0.5	83.35000000000002	0.5	61.96904761904769											-2	92	-2	92	-2	88											-2	88	-2	64	-2	54.61904761904763											-2	78.16666666666667	-2	44.41666666666667	-2	38.70238095238096											-2	80.16666666666667	-2	34.41666666666667	-2	34.41666666666667																																																																
98	oa	Oa	0.5	19.371428571428577	0.5	24.925274725274722	-2	85.22051282051282	-2	59.03956043956049	-2	50.45622710622716	-2	50.45622710622716					0.5	83.85000000000002	0.5	62.46904761904769													-2	90	-2	86													-2	62	-2	52.61904761904763													-2	42.41666666666667	-2	36.70238095238096													-2	32.41666666666667	-2	32.41666666666667																																																																
99	aoa	Aoa	0.6666666666666666	20.038095238095245	0.6666666666666666	25.59194139194139			-2	57.03956043956049	-2	48.45622710622716	-2	48.45622710622716							0.6666666666666666	63.13571428571436																									-2	92	-2	86	-2	60	-2	50.61904761904763									-2	80.16666666666667	-2	76.16666666666667	-2	40.41666666666667	-2	34.70238095238096									-2	80.16666666666667	-2	78.16666666666667	-2	30.41666666666667	-2	30.41666666666667																																																																
100	yyy	uuu	0.4	20.438095238095244	0.4	25.99194139194139			0.4	57.43956043956049	0.4	48.85622710622716	0.4	48.85622710622716							-2	61.13571428571436																																																																																																																																
101	iAA	iaa			0.5	26.49194139194139			0.5	57.93956043956049	0.5	49.35622710622716	0.5	49.35622710622716							-2	59.13571428571436																																																													-2	28.41666666666667	-2	28.41666666666667																																																																
102	eey	eeu			0.5	26.99194139194139			0.5	58.43956043956049	0.5	49.85622710622716	0.5	49.85622710622716							-2	57.13571428571436																																													-2	38.41666666666667	-2	32.70238095238096													-2	26.41666666666667	-2	26.41666666666667																																																																
103	eie	Eie	0.5	20.938095238095244	0.5	27.49194139194139					0.5	50.35622710622716	0.5	50.35622710622716			-2	86.60000000000002	-2	81.85000000000002	-2	55.13571428571436																																																																																											-2	94	-2	90	-2	88											-2	86	-2	80.75	-2	78.75											-2	70.83956043956046	-2	58.78956043956047	-2	60.18956043956047
104	ao	Ao	0.6666666666666666	21.60476190476191	0.6666666666666666	28.158608058608056			-2	56.43956043956049	-2	48.35622710622716	-2	48.35622710622716							0.6666666666666666	55.80238095238102																									-2	90	-2	84	-2	58	-2	48.61904761904763									-2	78.16666666666667	-2	74.16666666666667	-2	36.41666666666667	-2	30.702380952380963									-2	78.16666666666667	-2	76.16666666666667	-2	24.41666666666667	-2	24.41666666666667																																																																
105	ou	Ou	0.5	22.10476190476191	0.5	28.658608058608056	-2	83.22051282051282	-2	54.43956043956049	-2	46.35622710622716	-2	46.35622710622716					0.5	82.35000000000002	0.5	56.30238095238102													-2	88	-2	84													-2	56	-2	46.61904761904763													-2	34.41666666666667	-2	28.702380952380963													-2	22.41666666666667	-2	22.41666666666667																																																																
106	Aye	Aue			0.5	29.158608058608056			0.5	54.93956043956049	0.5	46.85622710622716	0.5	46.85622710622716							-2	54.30238095238102																													-2	54	-2	44.61904761904763													-2	32.41666666666667	-2	26.702380952380963													-2	20.41666666666667	-2	20.41666666666667																																																									-2	70.43956043956045	-2	68.83956043956046	-2	56.78956043956047	-2	58.18956043956047
108	uuu	yuu	0.6666666666666666	22.77142857142858	0.6666666666666666	29.825274725274724			-2	52.93956043956049	-2	44.85622710622716	-2	44.85622710622716							0.6666666666666666	54.969047619047686																													-2	52	-2	42.61904761904763													-2	30.41666666666667	-2	24.702380952380963													-2	18.41666666666667	-2	18.41666666666667																																																																
110	eOi	eoi			0.4	30.225274725274723	0.4	83.62051282051283	0.4	53.339560439560486	0.4	45.25622710622716	0.4	45.25622710622716					-2	80.35000000000002	-2	52.969047619047686																																									-2	76.16666666666667	-2	72.16666666666667	-2	28.41666666666667	-2	22.702380952380963									-2	76.16666666666667	-2	74.16666666666667	-2	16.41666666666667	-2	16.41666666666667																																													-2	78.75	-2	76.75													-2	54.78956043956047	-2	56.18956043956047
112	eu	Eu	0.25	23.02142857142858	0.25	30.475274725274723					0.25	45.50622710622716	0.25	45.50622710622716			-2	84.60000000000002	-2	78.35000000000002	-2	50.969047619047686																																													0.25	28.66666666666667	0.25	22.952380952380963													0.25	16.66666666666667	0.25	16.66666666666667																																																																
117	OeA	Oea			0.5	30.975274725274723			0.5	53.839560439560486	0.5	46.00622710622716	0.5	46.00622710622716							-2	48.969047619047686															-2	82															-2	40.61904761904763													-2	26.66666666666667	-2	20.952380952380963													-2	14.666666666666671	-2	14.666666666666671																																																																
119	ei	Ei	0.5	23.52142857142858	0.5	31.475274725274723					0.5	46.50622710622716	0.5	46.50622710622716			-2	82.60000000000002	-2	76.35000000000002	-2	46.969047619047686																																																																																													-2	88	-2	86													-2	76.75	-2	74.75													-2	52.78956043956047	-2	54.18956043956047
121	Aie	aie	0.4	23.921428571428578	0.4	31.87527472527472			0.4	54.239560439560485	0.4	46.906227106227156	0.4	46.906227106227156							-2	44.969047619047686																																																																																																																											-2	66.83956043956046	-2	50.78956043956047	-2	52.18956043956047
122	aui	Aui	0.5	24.421428571428578	0.5	32.37527472527472			-2	52.239560439560485	-2	44.906227106227156	-2	44.906227106227156							0.5	45.469047619047686																													-2	50	-2	38.61904761904763													-2	24.66666666666667	-2	18.952380952380963													-2	12.666666666666671	-2	12.666666666666671																																																															0.5	52.68956043956047
124	Aee	aee	0.4	24.821428571428577	0.4	32.77527472527472			0.4	52.63956043956048	0.4	45.306227106227155	0.4	45.306227106227155							-2	43.469047619047686																																																																																																																									-2	68.43956043956045	-2	64.83956043956046	-2	48.78956043956047	-2	50.68956043956047
127	ao	Ao	0.6666666666666666	25.488095238095244	0.6666666666666666	33.441941391941384			-2	50.63956043956048	-2	43.306227106227155	-2	43.306227106227155							0.6666666666666666	44.13571428571435																									-2	88	-2	82	-2	48	-2	36.61904761904763									-2	74.16666666666667	-2	70.16666666666667	-2	22.66666666666667	-2	16.952380952380963									-2	74.16666666666667	-2	72.16666666666667	-2	10.666666666666671	-2	10.666666666666671																																																																
128	oia	Oia	0.25	25.738095238095244	0.25	33.691941391941384	-2	81.62051282051283	-2	48.63956043956048	-2	41.306227106227155	-2	41.306227106227155					0.25	76.60000000000002	0.25	44.38571428571435															-2	80															-2	34.61904761904763															-2	14.952380952380963																																																													0.25	77.0	0.25	75.0													0.25	49.03956043956047	0.25	50.93956043956047
129	oio	Oio	0.25	25.988095238095244	0.25	33.941941391941384	-2	79.62051282051283	-2	46.63956043956048	-2	39.306227106227155	-2	39.306227106227155					0.25	76.85000000000002	0.25	44.63571428571435											-2	90			-2	78											-2	80			-2	32.61904761904763											-2	68.16666666666667			-2	12.952380952380963																																																													0.25	77.25	0.25	75.25													0.25	49.28956043956047	0.25	51.18956043956047
131	aua	Aua	0.6666666666666666	26.654761904761912	0.6666666666666666	34.60860805860805			-2	44.63956043956048	-2	37.306227106227155	-2	37.306227106227155							0.6666666666666666	45.302380952381014																													-2	46	-2	30.619047619047628													-2	20.66666666666667	-2	10.952380952380963													-2	8.666666666666671	-2	8.666666666666671																																																																
134	OOe	ooe	0.3333333333333333	26.988095238095244	0.3333333333333333	34.941941391941384	0.3333333333333333	79.95384615384616	0.3333333333333333	44.97289377289382	0.3333333333333333	37.63956043956049	0.3333333333333333	37.63956043956049					-2	74.85000000000002	-2	43.302380952381014																																																																																																									-2	86	-2	84	-2	75.25	-2	73.25									-2	66.43956043956045	-2	62.83956043956046	-2	47.28956043956047	-2	49.18956043956047
135	Ay	Au			0.5	35.441941391941384			0.5	45.47289377289382	0.5	38.13956043956049	0.5	38.13956043956049							-2	41.302380952381014																													-2	44	-2	28.619047619047628													-2	18.66666666666667	-2	8.952380952380963													-2	6.666666666666671	-2	6.666666666666671																																																																
136	Oee	oee	0.3333333333333333	27.321428571428577	0.3333333333333333	35.77527472527472	0.3333333333333333	80.28717948717949	0.3333333333333333	45.806227106227155	0.3333333333333333	38.472893772893826	0.3333333333333333	38.472893772893826					-2	72.85000000000002	-2	39.302380952381014																																																																																																									-2	84	-2	82	-2	73.25	-2	71.25									-2	64.43956043956045	-2	60.83956043956046	-2	45.28956043956047	-2	47.18956043956047
138	oia	Oia	0.25	27.571428571428577	0.25	36.02527472527472	-2	78.28717948717949	-2	43.806227106227155	-2	36.472893772893826	-2	36.472893772893826					0.25	73.10000000000002	0.25	39.552380952381014															-2	76															-2	26.619047619047628															-2	6.952380952380963																																																													0.25	73.5	0.25	71.5													0.25	45.53956043956047	0.25	47.43956043956047
140	oou	Oou	0.5	28.071428571428577	0.5	36.52527472527472	-2	76.28717948717949	-2	41.806227106227155	-2	34.472893772893826	-2	34.472893772893826					0.5	73.60000000000002	0.5	40.052380952381014									-2	94	-2	88	-2	86	-2	74									-2	86	-2	78	-2	42	-2	24.619047619047628									-2	72.16666666666667	-2	66.16666666666667	-2	16.66666666666667	-2	4.952380952380963									-2	72.16666666666667	-2	70.16666666666667	-2	4.666666666666671	-2	4.666666666666671																																																																
141	yA	ya			0.5	37.02527472527472			0.5	42.306227106227155	0.5	34.972893772893826	0.5	34.972893772893826							-2	38.052380952381014																													-2	40	-2	22.619047619047628													-2	14.666666666666671	-2	2.952380952380963													-2	2.6666666666666714	-2	2.6666666666666714																																																																
142	aoo	Aoo	0.6666666666666666	28.738095238095244	0.6666666666666666	37.691941391941384			-2	40.306227106227155	-2	32.972893772893826	-2	32.972893772893826							0.6666666666666666	38.71904761904768																									-2	84	-2	76	-2	38	-2	20.619047619047628									-2	70.16666666666667	-2	64.16666666666667	-2	12.666666666666671	-2	0.9523809523809632									-2	70.16666666666667	-2	68.16666666666667	-2	0.6666666666666714	-2	0.6666666666666714																																																																
143	Oe	oe	0.3333333333333333	29.071428571428577	0.3333333333333333	38.02527472527472	0.3333333333333333	76.62051282051281	0.3333333333333333	40.63956043956049	0.3333333333333333	33.30622710622716	0.3333333333333333	33.30622710622716					-2	71.60000000000002	-2	36.71904761904768																																																																																																									-2	82	-2	80	-2	71.5	-2	69.5									-2	62.43956043956045	-2	58.83956043956046	-2	43.53956043956047	-2	45.43956043956047
144	yyi	yui			0.5	38.52527472527472			0.5	41.13956043956049	0.5	33.80622710622716	0.5	33.80622710622716							-2	34.71904761904768																													-2	36	-2	18.619047619047628													-2	10.666666666666671	-2	-1.0476190476190368													-2	-1.3333333333333286	-2	-1.3333333333333286																																																													-2	41.53956043956047	-2	43.43956043956047
145	EoE	eoe	0.4	29.471428571428575	0.4	38.92527472527472					-2	31.806227106227162	-2	31.806227106227162			0.4	83.00000000000003	0.4	72.00000000000003	0.4	35.11904761904768																																									-2	68.16666666666667	-2	62.16666666666667	-2	8.666666666666671	-2	-3.047619047619037									-2	68.16666666666667	-2	66.16666666666667	-2	-3.3333333333333286	-2	-3.3333333333333286																																									-2	80	-2	78	-2	69.5	-2	67.5									-2	60.43956043956045	-2	56.83956043956046	-2	39.53956043956047	-2	41.43956043956047
146	eee	Eee	0.5	29.971428571428575	0.5	39.42527472527472					0.5	32.30622710622716	0.5	32.30622710622716			-2	81.00000000000003	-2	70.00000000000003	-2	33.11904761904768																																																																																									-2	94	-2	92	-2	86	-2	84									-2	78	-2	76	-2	67.5	-2	65.5									-2	58.43956043956045	-2	54.83956043956046	-2	37.53956043956047	-2	39.43956043956047
149	eia	Eia	0.4	30.371428571428574	0.4	39.82527472527472					0.4	32.70622710622716	0.4	32.70622710622716			-2	79.00000000000003	-2	68.00000000000003	-2	31.119047619047677																																															0.4	-2.647619047619037																																													-2	84	-2	82													-2	65.5	-2	63.5													-2	35.53956043956047	-2	37.43956043956047
160	eui	Eui	0.25	30.621428571428574	0.25	40.07527472527472					0.25	32.95622710622716	0.25	32.95622710622716			-2	77.00000000000003	-2	66.00000000000003	-2	29.119047619047677																																													0.25	8.916666666666671	0.25	-2.397619047619037													0.25	-3.0833333333333286	0.25	-3.0833333333333286																															-2	80															-2	61.5															-2	35.43956043956047
165	eAe	Eae	0.4	31.021428571428572	0.4	40.475274725274716			0.4	41.53956043956049	0.4	33.35622710622716	0.4	33.35622710622716			-2	75.00000000000003	-2	64.00000000000003	-2	27.119047619047677																																																																																											-2	90			-2	78											-2	74			-2	59.5									-2	56.43956043956045	-2	52.83956043956046	-2	33.53956043956047	-2	33.43956043956047
167	eye	Eue	0.4	31.42142857142857	0.4	40.875274725274714			0.4	41.93956043956049	0.4	33.75622710622716	0.4	33.75622710622716			-2	73.00000000000003	-2	62.00000000000003	-2	25.119047619047677																																																																																											-2	88			-2	76											-2	72			-2	57.5									-2	54.43956043956045	-2	50.83956043956046	-2	31.539560439560468	-2	31.439560439560474
172	ooE	ooe			0.5	41.375274725274714					-2	31.756227106227158	-2	31.756227106227158			0.5	73.50000000000003	0.5	62.50000000000003	0.5	25.619047619047677																																																																																																									-2	76	-2	70	-2	63.5	-2	55.5									-2	52.43956043956045	-2	48.83956043956046	-2	29.539560439560468	-2	29.439560439560474
174	ueo	yeo	0.2857142857142857	31.707142857142856	0.2857142857142857	41.660989010989			-2	39.93956043956049	-2	29.756227106227158	-2	29.756227106227158							0.2857142857142857	25.904761904761962																											-2	74			-2	16.619047619047628																																																																																									0.2857142857142857	52.72527472527474	0.2857142857142857	49.12527472527474	0.2857142857142857	29.825274725274753	0.2857142857142857	29.72527472527476
175	oi	Oi	0.25	31.957142857142856	0.25	41.910989010989	-2	74.62051282051281	-2	37.93956043956049	-2	27.756227106227158	-2	27.756227106227158					0.25	62.75000000000003	0.25	26.154761904761962																																																																																																													0.25	63.75	0.25	55.75													0.25	30.075274725274753	0.25	29.97527472527476
176	eu	Eu	0.25	32.207142857142856	0.25	42.160989010989					0.25	28.006227106227158	0.25	28.006227106227158			-2	71.50000000000003	-2	60.75000000000003	-2	24.154761904761962																																													0.25	9.166666666666671	0.25	-2.147619047619037													0.25	-2.8333333333333286	0.25	-2.8333333333333286																																																																
177	eiu	Eiu	0.4	32.607142857142854	0.4	42.560989010989					0.4	28.406227106227156	0.4	28.406227106227156			-2	69.50000000000003	-2	58.75000000000003	-2	22.154761904761962																																															0.4	-1.747619047619037																																													-2	82	-2	74													-2	61.75	-2	53.75													-2	28.075274725274753	-2	27.97527472527476
179	Aye	Aue			0.5	43.060989010989			0.5	38.43956043956049	0.5	28.906227106227156	0.5	28.906227106227156							-2	20.154761904761962																													-2	34	-2	14.619047619047628													-2	7.166666666666671	-2	-3.747619047619037													-2	-4.833333333333329	-2	-4.833333333333329																																																									-2	50.72527472527474	-2	47.12527472527474	-2	26.075274725274753	-2	25.97527472527476
187	oEE	Oee	0.4	33.00714285714285	0.4	43.460989010988996	-2	72.62051282051281	-2	36.43956043956049	-2	26.906227106227156	-2	26.906227106227156			0.4	69.90000000000003	0.4	59.15000000000003	0.4	20.55476190476196																																																																																																																																
188	uEo	ueo			0.5	43.960989010988996					-2	24.906227106227156	-2	24.906227106227156			0.5	70.40000000000003	0.5	59.65000000000003	0.5	21.05476190476196																																									-2	66.16666666666667	-2	60.16666666666667	-2	5.166666666666671	-2	-5.747619047619037									-2	66.16666666666667	-2	64.16666666666667	-2	-6.833333333333329	-2	-6.833333333333329																																																									-2	48.72527472527474	-2	45.12527472527474	-2	24.075274725274753	-2	23.97527472527476
191	uio	yio	0.4	33.40714285714285	0.4	44.360989010988995			-2	34.43956043956049	-2	22.906227106227156	-2	22.906227106227156							0.4	21.45476190476196																											-2	72			-2	12.619047619047628											-2	58.16666666666667			-2	-7.747619047619037																																																																													0.4	24.47527472527475	0.4	24.375274725274757
194	eao	Eao	0.2	33.607142857142854	0.2	44.560989010989					0.2	23.106227106227156	0.2	23.106227106227156			-2	68.40000000000003	-2	57.65000000000003	-2	19.45476190476196																																											0.2	58.366666666666674	0.2	5.366666666666672	0.2	-7.547619047619037											0.2	64.36666666666667	0.2	-6.633333333333328	0.2	-6.633333333333328																																																																
196	eei	Eei	0.5	34.107142857142854	0.5	45.060989010989					0.5	23.606227106227156	0.5	23.606227106227156			-2	66.40000000000003	-2	55.65000000000003	-2	17.45476190476196																																																																																									-2	92	-2	86	-2	80	-2	72									-2	74	-2	68	-2	59.75	-2	51.75									-2	46.72527472527474	-2	43.12527472527474	-2	22.47527472527475	-2	22.375274725274757
201	ouE	oue			0.5	45.560989010989					-2	21.606227106227156	-2	21.606227106227156			0.5	66.90000000000003	0.5	56.15000000000003	0.5	17.95476190476196																																																																																																											-2	66			-2	49.75									-2	44.72527472527474	-2	41.12527472527474	-2	20.47527472527475	-2	20.375274725274757
203	oEa	oea			0.5	46.060989010989					-2	19.606227106227156	-2	19.606227106227156			0.5	67.40000000000003	0.5	56.65000000000003	0.5	18.45476190476196																																													-2	3.3666666666666716	-2	-9.547619047619037													-2	-8.63333333333333	-2	-8.63333333333333																																									-2	72	-2	64	-2	57.75	-2	47.75									-2	42.72527472527474	-2	39.12527472527474	-2	18.47527472527475	-2	18.375274725274757
209	uoi	yoi	0.5	34.607142857142854	0.5	46.560989010989			-2	32.43956043956049	-2	17.606227106227156	-2	17.606227106227156							0.5	18.95476190476196																									-2	82	-2	70	-2	32	-2	10.619047619047628									-2	64.16666666666667	-2	56.366666666666674	-2	1.3666666666666716	-2	-11.547619047619037									-2	64.16666666666667	-2	62.366666666666674	-2	-10.63333333333333	-2	-10.63333333333333																																																															0.5	18.875274725274757
213	aio	Aio	0.4	35.00714285714285	0.4	46.960989010988996			-2	30.439560439560488	-2	15.606227106227156	-2	15.606227106227156							0.4	19.354761904761958																											-2	68			-2	8.619047619047628											-2	54.366666666666674			-2	-13.547619047619037																																																																													0.4	18.87527472527475	0.4	19.275274725274755
218	uo	yo	0.6666666666666666	35.67380952380952	0.6666666666666666	47.62765567765566			-2	28.439560439560488	-2	13.606227106227156	-2	13.606227106227156							0.6666666666666666	20.021428571428626																									-2	80	-2	66	-2	30	-2	6.6190476190476275									-2	62.16666666666667	-2	52.366666666666674	-2	-0.6333333333333284	-2	-15.547619047619037									-2	62.16666666666667	-2	60.366666666666674	-2	-12.63333333333333	-2	-12.63333333333333																																																																
220	oa	Oa	0.5	36.17380952380952	0.5	48.12765567765566	-2	70.62051282051281	-2	26.439560439560488	-2	11.606227106227156	-2	11.606227106227156					0.5	57.15000000000003	0.5	20.521428571428626													-2	84	-2	72													-2	28	-2	4.6190476190476275													-2	-2.6333333333333284	-2	-17.547619047619037													-2	-14.63333333333333	-2	-14.63333333333333																																																																
223	oE	oe			0.5	48.62765567765566					-2	9.606227106227156	-2	9.606227106227156			0.5	67.90000000000003	0.5	57.65000000000003	0.5	21.021428571428626																																																																																																									-2	70	-2	62	-2	55.75	-2	45.75									-2	40.72527472527474	-2	37.12527472527474	-2	16.87527472527475	-2	17.275274725274755
224	oia	Oia	0.25	36.42380952380952	0.25	48.87765567765566	-2	68.62051282051281	-2	24.439560439560488	-2	7.606227106227156	-2	7.606227106227156					0.25	57.90000000000003	0.25	21.271428571428626															-2	70															-2	2.6190476190476275															-2	-19.547619047619037																																																													0.25	56.0	0.25	46.0													0.25	17.12527472527475	0.25	17.525274725274755
225	eau	Eau	0.25	36.67380952380952	0.25	49.12765567765566					0.25	7.856227106227156	0.25	7.856227106227156			-2	65.90000000000003	-2	55.90000000000003	-2	19.271428571428626																																													0.25	-2.3833333333333284	0.25	-19.297619047619037													0.25	-14.38333333333333	0.25	-14.38333333333333																																																																
227	eiu	Eiu	0.4	37.073809523809516	0.4	49.52765567765566					0.4	8.256227106227156	0.4	8.256227106227156			-2	63.900000000000034	-2	53.90000000000003	-2	17.271428571428626																																															0.4	-18.897619047619038																																													-2	78	-2	70													-2	54.0	-2	44.0													-2	15.12527472527475	-2	15.525274725274755
228	oE	Oe	0.4	37.473809523809514	0.4	49.92765567765566	-2	66.62051282051281	-2	22.439560439560488	-2	6.256227106227156	-2	6.256227106227156			0.4	64.30000000000004	0.4	54.300000000000026	0.4	17.671428571428624																																																																																																																																
230	oao	Oao	0.5	37.973809523809514	0.5	50.42765567765566	-2	64.62051282051281	-2	20.439560439560488	-2	4.256227106227156	-2	4.256227106227156					0.5	54.800000000000026	0.5	18.171428571428624											-2	86	-2	82	-2	68											-2	64	-2	26	-2	0.6190476190476275											-2	50.366666666666674	-2	-4.383333333333328	-2	-20.897619047619038											-2	58.366666666666674	-2	-16.38333333333333	-2	-16.38333333333333																																																																
235	uoo	yoo	0.6666666666666666	38.64047619047618	0.6666666666666666	51.09432234432232			-2	18.439560439560488	-2	2.256227106227156	-2	2.256227106227156							0.6666666666666666	18.838095238095292																									-2	78	-2	62	-2	24	-2	-1.3809523809523725									-2	60.16666666666667	-2	48.366666666666674	-2	-6.383333333333328	-2	-22.897619047619038									-2	60.16666666666667	-2	56.366666666666674	-2	-18.38333333333333	-2	-18.38333333333333																																																																
236	oio	Oio	0.25	38.89047619047618	0.25	51.34432234432232	-2	62.620512820512815	-2	16.439560439560488	-2	0.25622710622715594	-2	0.25622710622715594					0.25	55.050000000000026	0.25	19.088095238095292											-2	84			-2	66											-2	60			-2	-3.3809523809523725											-2	46.366666666666674			-2	-24.897619047619038																																																													0.25	54.25	0.25	44.25													0.25	15.37527472527475	0.25	15.775274725274755
240	oae	Oae	0.25	39.14047619047618	0.25	51.59432234432232	-2	60.620512820512815	-2	14.439560439560488	-2	-1.743772893772844	-2	-1.743772893772844					0.25	55.300000000000026	0.25	19.338095238095292													-2	80	-2	64													-2	22	-2	-5.3809523809523725													-2	-8.38333333333333	-2	-26.897619047619038													-2	-20.38333333333333	-2	-20.38333333333333																																											0.25	62.25			0.25	44.5											0.25	37.37527472527474			0.25	16.025274725274755
242	iOe	ioe			0.4	51.99432234432232	0.4	61.02051282051281	0.4	14.839560439560488	0.4	-1.3437728937728441	0.4	-1.3437728937728441					-2	53.300000000000026	-2	17.338095238095292																																																									-2	58.16666666666667	-2	54.366666666666674	-2	-22.38333333333333	-2	-22.38333333333333																																									-2	68	-2	60.25	-2	52.25	-2	42.5									-2	38.72527472527474	-2	35.37527472527474	-2	13.37527472527475	-2	14.025274725274755
243	uao	yao	0.6666666666666666	39.80714285714284	0.6666666666666666	52.660989010988985			-2	12.839560439560488	-2	-3.343772893772844	-2	-3.343772893772844							0.6666666666666666	18.00476190476196																											-2	58	-2	20	-2	-7.3809523809523725											-2	44.366666666666674	-2	-10.38333333333333	-2	-28.897619047619038											-2	52.366666666666674	-2	-24.38333333333333	-2	-24.38333333333333																																																																
244	oo	Oo	0.5	40.30714285714284	0.5	53.160989010988985	-2	59.02051282051281	-2	10.839560439560488	-2	-5.343772893772844	-2	-5.343772893772844					0.5	53.800000000000026	0.5	18.50476190476196									-2	92	-2	82	-2	78	-2	62									-2	76	-2	56	-2	18	-2	-9.380952380952372									-2	58.16666666666667	-2	42.366666666666674	-2	-12.38333333333333	-2	-30.897619047619038									-2	56.16666666666667	-2	50.366666666666674	-2	-26.38333333333333	-2	-26.38333333333333																																																																
245	Oee	oee	0.3333333333333333	40.64047619047618	0.3333333333333333	53.49432234432232	0.3333333333333333	59.35384615384615	0.3333333333333333	11.172893772893822	0.3333333333333333	-5.010439560439511	0.3333333333333333	-5.010439560439511					-2	51.800000000000026	-2	16.50476190476196																																																																																																									-2	66	-2	58.25	-2	50.25	-2	40.5									-2	36.72527472527474	-2	33.37527472527474	-2	11.37527472527475	-2	12.025274725274755
246	eOe	Eoe	0.3333333333333333	40.973809523809514	0.3333333333333333	53.827655677655656	0.3333333333333333	59.687179487179485	0.3333333333333333	11.506227106227156	0.3333333333333333	-4.677106227106178	0.3333333333333333	-4.677106227106178			-2	62.30000000000004	-2	49.800000000000026	-2	14.50476190476196																																																																																											-2	84			-2	68									-2	64	-2	56.25	-2	48.25	-2	38.5									-2	34.72527472527474	-2	31.375274725274743	-2	9.37527472527475	-2	10.025274725274755
251	OOe	ooe	0.3333333333333333	41.30714285714285	0.3333333333333333	54.16098901098899	0.3333333333333333	60.02051282051282	0.3333333333333333	11.83956043956049	0.3333333333333333	-4.343772893772845	0.3333333333333333	-4.343772893772845					-2	47.800000000000026	-2	12.50476190476196																																																																																																									-2	62	-2	54.25	-2	46.25	-2	36.5									-2	32.72527472527474	-2	29.375274725274743	-2	7.37527472527475	-2	8.025274725274755
252	ieO	ieo			0.4	54.56098901098899	0.4	60.42051282051282	0.4	12.23956043956049	0.4	-3.9437728937728447	0.4	-3.9437728937728447					-2	45.800000000000026	-2	10.50476190476196																																									-2	56.16666666666667	-2	40.366666666666674	-2	-14.38333333333333	-2	-32.89761904761904									-2	54.16666666666667	-2	48.366666666666674	-2	-28.38333333333333	-2	-28.38333333333333																																																																
256	oaa	Oaa	0.5	41.80714285714285	0.5	55.06098901098899	-2	58.42051282051282	-2	10.23956043956049	-2	-5.943772893772845	-2	-5.943772893772845					0.5	46.300000000000026	0.5	11.00476190476196													-2	76	-2	60													-2	16	-2	-11.380952380952372													-2	-16.38333333333333	-2	-34.89761904761904													-2	-30.38333333333333	-2	-30.38333333333333																																																																
258	uio	yio	0.4	42.20714285714285	0.4	55.46098901098899			-2	8.23956043956049	-2	-7.943772893772845	-2	-7.943772893772845							0.4	11.40476190476196																											-2	54			-2	-13.380952380952372											-2	38.366666666666674			-2	-36.89761904761904																																																																													0.4	7.77527472527475	0.4	8.425274725274756
260	ea	Ea	0.25	42.45714285714285	0.25	55.71098901098899					0.25	-7.693772893772845	0.25	-7.693772893772845			-2	60.30000000000004	-2	44.300000000000026	-2	9.40476190476196																																													0.25	-16.13333333333333	0.25	-36.64761904761904													0.25	-30.13333333333333	0.25	-30.13333333333333																																																																
262	eOy	Eou	0.3333333333333333	42.790476190476184	0.3333333333333333	56.044322344322325	0.3333333333333333	58.753846153846155	0.3333333333333333	8.572893772893824	0.3333333333333333	-7.360439560439512	0.3333333333333333	-7.360439560439512			-2	58.30000000000004	-2	42.300000000000026	-2	7.40476190476196																																																																																																																																
265	aoi	Aoi	0.5	43.290476190476184	0.5	56.544322344322325			-2	6.572893772893824	-2	-9.360439560439513	-2	-9.360439560439513							0.5	7.90476190476196																									-2	74	-2	52	-2	14	-2	-15.380952380952372									-2	54.16666666666667	-2	36.366666666666674	-2	-18.13333333333333	-2	-38.64761904761904									-2	52.16666666666667	-2	46.366666666666674	-2	-32.133333333333326	-2	-32.133333333333326																																																															0.5	8.925274725274756
266	oa	Oa	0.5	43.790476190476184	0.5	57.044322344322325	-2	56.753846153846155	-2	4.572893772893824	-2	-11.360439560439513	-2	-11.360439560439513					0.5	42.800000000000026	0.5	8.40476190476196													-2	74	-2	58													-2	12	-2	-17.380952380952372													-2	-20.13333333333333	-2	-40.64761904761904													-2	-34.133333333333326	-2	-34.133333333333326																																																																
270	eoa	Eoa	0.16666666666666666	43.95714285714285	0.16666666666666666	57.21098901098899					0.16666666666666666	-11.193772893772847	0.16666666666666666	-11.193772893772847			-2	56.30000000000004	-2	40.800000000000026	-2	6.40476190476196																																									0.16666666666666666	54.333333333333336	0.16666666666666666	36.53333333333334	0.16666666666666666	-19.96666666666666	0.16666666666666666	-40.480952380952374									0.16666666666666666	52.333333333333336	0.16666666666666666	46.53333333333334	0.16666666666666666	-33.96666666666666	0.16666666666666666	-33.96666666666666																																																																
271	iOO	ioo			0.4	57.61098901098899	0.4	57.15384615384615	0.4	4.9728937728938245	0.4	-10.793772893772847	0.4	-10.793772893772847					-2	38.800000000000026	-2	4.40476190476196																																																									-2	50.333333333333336	-2	44.53333333333334	-2	-35.96666666666666	-2	-35.96666666666666																																																																
272	yOe	yoe			0.4	58.010989010988986	0.4	57.55384615384615	0.4	5.372893772893825	0.4	-10.393772893772846	0.4	-10.393772893772846					-2	36.800000000000026	-2	2.40476190476196																									-2	72	-2	50	-2	10	-2	-19.380952380952372									-2	52.333333333333336	-2	34.53333333333334	-2	-21.96666666666666	-2	-42.480952380952374									-2	48.333333333333336	-2	42.53333333333334	-2	-37.96666666666666	-2	-37.96666666666666																																									-2	60	-2	52.25	-2	44.25	-2	34.5									-2	30.725274725274737	-2	27.375274725274743	-2	5.77527472527475	-2	6.925274725274756
275	uo	yo	0.6666666666666666	44.62380952380951	0.6666666666666666	58.67765567765565			-2	3.372893772893825	-2	-12.393772893772846	-2	-12.393772893772846							0.6666666666666666	3.0714285714286267																									-2	70	-2	48	-2	8	-2	-21.380952380952372									-2	50.333333333333336	-2	32.53333333333334	-2	-23.96666666666666	-2	-44.480952380952374									-2	46.333333333333336	-2	40.53333333333334	-2	-39.96666666666666	-2	-39.96666666666666																																																																
277	aoa	Aoa	0.6666666666666666	45.29047619047618	0.6666666666666666	59.344322344322315			-2	1.3728937728938249	-2	-14.393772893772846	-2	-14.393772893772846							0.6666666666666666	3.738095238095293																									-2	68	-2	46	-2	6	-2	-23.380952380952372									-2	48.333333333333336	-2	30.53333333333334	-2	-25.96666666666666	-2	-46.480952380952374									-2	44.333333333333336	-2	38.53333333333334	-2	-41.96666666666666	-2	-41.96666666666666																																																																
278	ao	Ao	0.6666666666666666	45.95714285714284	0.6666666666666666	60.01098901098898			-2	-0.6271062271061751	-2	-16.393772893772848	-2	-16.393772893772848							0.6666666666666666	4.40476190476196																									-2	66	-2	44	-2	4	-2	-25.380952380952372									-2	46.333333333333336	-2	28.53333333333334	-2	-27.96666666666666	-2	-48.480952380952374									-2	42.333333333333336	-2	36.53333333333334	-2	-43.96666666666666	-2	-43.96666666666666																																																																
284	oa	Oa	0.5	46.45714285714284	0.5	60.51098901098898	-2	55.55384615384615	-2	-2.627106227106175	-2	-18.393772893772848	-2	-18.393772893772848					0.5	37.300000000000026	0.5	4.90476190476196													-2	72	-2	56													-2	2	-2	-27.380952380952372													-2	-29.96666666666666	-2	-50.480952380952374													-2	-45.96666666666666	-2	-45.96666666666666																																																																
287	eea	Eea	0.5	46.95714285714284	0.5	61.01098901098898					0.5	-17.893772893772848	0.5	-17.893772893772848			-2	54.30000000000004	-2	35.300000000000026	-2	2.90476190476196																																																																																									-2	90	-2	82	-2	76	-2	66									-2	58	-2	50.25	-2	42.25	-2	32.5									-2	28.725274725274737	-2	25.375274725274743	-2	3.77527472527475	-2	4.925274725274756
290	ooa	Ooa	0.5	47.45714285714284	0.5	61.51098901098898	-2	53.55384615384615	-2	-4.627106227106175	-2	-19.893772893772848	-2	-19.893772893772848					0.5	35.800000000000026	0.5	3.40476190476196									-2	90	-2	80	-2	70	-2	54									-2	64	-2	42	-2	0	-2	-29.380952380952372									-2	44.333333333333336	-2	26.53333333333334	-2	-31.96666666666666	-2	-52.480952380952374									-2	40.333333333333336	-2	34.53333333333334	-2	-47.96666666666666	-2	-47.96666666666666																																																																
291	oao	Oao	0.5	47.95714285714284	0.5	62.01098901098898	-2	51.55384615384615	-2	-6.627106227106175	-2	-21.893772893772848	-2	-21.893772893772848					0.5	36.300000000000026	0.5	3.90476190476196											-2	78	-2	68	-2	52											-2	40	-2	-2	-2	-31.380952380952372											-2	24.53333333333334	-2	-33.96666666666666	-2	-54.480952380952374											-2	32.53333333333334	-2	-49.96666666666666	-2	-49.96666666666666																																																																
295	oai	Oai	0.3333333333333333	48.29047619047618	0.3333333333333333	62.344322344322315	-2	49.55384615384615	-2	-8.627106227106175	-2	-23.893772893772848	-2	-23.893772893772848					0.3333333333333333	36.63333333333336	0.3333333333333333	4.238095238095293													-2	66	-2	50													-2	-4	-2	-33.38095238095237													-2	-35.96666666666666	-2	-56.480952380952374													-2	-51.96666666666666	-2	-51.96666666666666																																															0.3333333333333333	32.833333333333336															0.3333333333333333	5.258608058608089
301	oae	Oae	0.25	48.54047619047618	0.25	62.594322344322315	-2	47.55384615384615	-2	-10.627106227106175	-2	-25.893772893772848	-2	-25.893772893772848					0.25	36.88333333333336	0.25	4.488095238095293													-2	64	-2	48													-2	-6	-2	-35.38095238095237													-2	-37.96666666666666	-2	-58.480952380952374													-2	-53.96666666666666	-2	-53.96666666666666																																											0.25	50.5			0.25	33.083333333333336											0.25	25.625274725274743			0.25	5.508608058608089
305	oou	Oou	0.5	49.04047619047618	0.5	63.094322344322315	-2	45.55384615384615	-2	-12.627106227106175	-2	-27.893772893772848	-2	-27.893772893772848					0.5	37.38333333333336	0.5	4.988095238095293									-2	88	-2	76	-2	62	-2	46									-2	62	-2	38	-2	-8	-2	-37.38095238095237									-2	42.333333333333336	-2	22.53333333333334	-2	-39.96666666666666	-2	-60.480952380952374									-2	38.333333333333336	-2	30.53333333333334	-2	-55.96666666666666	-2	-55.96666666666666																																																																
306	ouo	Ouo	0.5	49.54047619047618	0.5	63.594322344322315	-2	43.55384615384615	-2	-14.627106227106175	-2	-29.893772893772848	-2	-29.893772893772848					0.5	37.88333333333336	0.5	5.488095238095293											-2	74	-2	60	-2	44											-2	36	-2	-10	-2	-39.38095238095237											-2	20.53333333333334	-2	-41.96666666666666	-2	-62.480952380952374											-2	28.53333333333334	-2	-57.96666666666666	-2	-57.96666666666666																																																																
313	OOe	Ooe			0.4	63.99432234432231	0.4	43.95384615384615	0.4	-14.227106227106175	0.4	-29.49377289377285	0.4	-29.49377289377285					-2	35.88333333333336	-2	3.488095238095293									-2	86	-2	72	-2	58	-2	42									-2	60	-2	34	-2	-12	-2	-41.38095238095237									-2	40.333333333333336	-2	18.53333333333334	-2	-43.96666666666666	-2	-64.48095238095237									-2	36.333333333333336	-2	26.53333333333334	-2	-59.96666666666666	-2	-59.96666666666666																																									-2	56	-2	48.5	-2	40.25	-2	31.083333333333336									-2	26.725274725274737	-2	23.625274725274743	-2	1.77527472527475	-2	3.5086080586080888
316	OeO	Oeo			0.4	64.39432234432232	0.4	44.35384615384615	0.4	-13.827106227106174	0.4	-29.09377289377285	0.4	-29.09377289377285					-2	33.88333333333336	-2	1.4880952380952932											-2	70			-2	40											-2	32			-2	-43.38095238095237									-2	38.333333333333336	-2	16.53333333333334	-2	-45.96666666666666	-2	-66.48095238095237									-2	34.333333333333336	-2	24.53333333333334	-2	-61.96666666666666	-2	-61.96666666666666																																																																
336	eei	Eei	0.5	50.04047619047618	0.5	64.89432234432232					0.5	-28.59377289377285	0.5	-28.59377289377285			-2	52.30000000000004	-2	31.88333333333336	-2	-0.5119047619047068																																																																																									-2	88	-2	80	-2	74	-2	64									-2	54	-2	46.5	-2	38.25	-2	29.083333333333336									-2	24.725274725274737	-2	21.625274725274743	-2	-0.22472527472524995	-2	1.5086080586080888
358	OOi	Ooi			0.4	65.29432234432232	0.4	44.75384615384615	0.4	-13.427106227106174	0.4	-28.193772893772852	0.4	-28.193772893772852					-2	29.88333333333336	-2	-2.511904761904707									-2	84	-2	68	-2	56	-2	38									-2	58	-2	30	-2	-14	-2	-45.38095238095237									-2	36.333333333333336	-2	14.533333333333339	-2	-47.96666666666666	-2	-68.48095238095237									-2	32.333333333333336	-2	22.53333333333334	-2	-63.96666666666666	-2	-63.96666666666666																																													-2	36.25	-2	27.083333333333336													-2	-2.22472527472525	-2	-0.4913919413919112
360	eeo	Eeo	0.5	50.54047619047618	0.5	65.79432234432232					0.5	-27.693772893772852	0.5	-27.693772893772852			-2	50.30000000000004	-2	27.88333333333336	-2	-4.511904761904707																																																																																									-2	86	-2	78	-2	72	-2	62									-2	52	-2	44.5	-2	34.25	-2	25.083333333333336									-2	22.725274725274737	-2	19.625274725274743	-2	-4.22472527472525	-2	-2.4913919413919112
363	ooa	Ooa	0.5	51.04047619047618	0.5	66.29432234432232	-2	42.75384615384615	-2	-15.427106227106174	-2	-29.693772893772852	-2	-29.693772893772852					0.5	28.38333333333336	0.5	-4.011904761904707									-2	82	-2	66	-2	54	-2	36									-2	56	-2	28	-2	-16	-2	-47.38095238095237									-2	34.333333333333336	-2	12.533333333333339	-2	-49.96666666666666	-2	-70.48095238095237									-2	30.333333333333336	-2	20.53333333333334	-2	-65.96666666666667	-2	-65.96666666666667																																																																
373	OOe	Ooe			0.4	66.69432234432233	0.4	43.153846153846146	0.4	-15.027106227106174	0.4	-29.293772893772854	0.4	-29.293772893772854					-2	26.38333333333336	-2	-6.011904761904707									-2	80	-2	64	-2	52	-2	34									-2	54	-2	26	-2	-18	-2	-49.38095238095237									-2	32.333333333333336	-2	10.533333333333339	-2	-51.96666666666666	-2	-72.48095238095237									-2	28.333333333333336	-2	18.53333333333334	-2	-67.96666666666667	-2	-67.96666666666667																																									-2	50	-2	42.5	-2	32.25	-2	23.083333333333336									-2	20.725274725274737	-2	17.625274725274743	-2	-6.22472527472525	-2	-4.491391941391911
375	EuE	Eue			0.5	67.19432234432233					-2	-31.293772893772854	-2	-31.293772893772854			0.5	50.80000000000004	0.5	26.88333333333336	0.5	-5.511904761904707																																																																																											-2	76			-2	60											-2	40.5			-2	21.083333333333336									-2	18.725274725274737	-2	15.625274725274743	-2	-8.22472527472525	-2	-6.491391941391911
377	OOi	Ooi			0.4	67.59432234432234	0.4	43.553846153846145	0.4	-14.627106227106173	0.4	-30.893772893772855	0.4	-30.893772893772855					-2	24.88333333333336	-2	-7.511904761904707									-2	78	-2	62	-2	50	-2	32									-2	52	-2	24	-2	-20	-2	-51.38095238095237									-2	30.333333333333336	-2	8.533333333333339	-2	-53.96666666666666	-2	-74.48095238095237									-2	26.333333333333336	-2	16.53333333333334	-2	-69.96666666666667	-2	-69.96666666666667																																													-2	30.25	-2	19.083333333333336													-2	-10.22472527472525	-2	-8.49139194139191
405	OOu	Oou			0.4	67.99432234432234	0.4	43.95384615384614	0.4	-14.227106227106173	0.4	-30.493772893772856	0.4	-30.493772893772856					-2	22.88333333333336	-2	-9.511904761904706									-2	76	-2	60			-2	30									-2	50	-2	22			-2	-53.38095238095237									-2	28.333333333333336	-2	6.5333333333333385			-2	-76.48095238095237									-2	24.333333333333336	-2	14.533333333333339			-2	-71.96666666666667																																																																
407	OO	Oo			0.4	68.39432234432235	0.4	44.35384615384614	0.4	-13.827106227106173	0.4	-30.093772893772858	0.4	-30.093772893772858					-2	20.88333333333336	-2	-11.511904761904706									-2	74	-2	58	-2	48	-2	28									-2	48	-2	20	-2	-22	-2	-55.38095238095237									-2	26.333333333333336	-2	4.5333333333333385	-2	-55.96666666666666	-2	-78.48095238095237									-2	22.333333333333336	-2	12.533333333333339	-2	-71.96666666666667	-2	-73.96666666666667																																																																
427	eue	Eue	0.25	51.29047619047618	0.25	68.64432234432235					0.25	-29.843772893772858	0.25	-29.843772893772858			-2	48.80000000000004	-2	18.88333333333336	-2	-13.511904761904706																																													0.25	-55.71666666666666	0.25	-78.23095238095237													0.25	-71.71666666666667	0.25	-73.71666666666667																											-2	74			-2	58											-2	38.5			-2	17.083333333333336											-2	13.625274725274743			-2	-10.49139194139191
436	eei	Eei	0.5	51.79047619047618	0.5	69.14432234432235					0.5	-29.343772893772858	0.5	-29.343772893772858			-2	46.80000000000004	-2	16.88333333333336	-2	-15.511904761904706																																																																																									-2	84	-2	72	-2	70	-2	56									-2	48	-2	36.5	-2	28.25	-2	15.083333333333336									-2	16.725274725274737	-2	11.625274725274743	-2	-12.22472527472525	-2	-12.49139194139191
444	ooo	Ooo	0.5	52.29047619047618	0.5	69.64432234432235	-2	42.35384615384614	-2	-15.827106227106173	-2	-31.343772893772858	-2	-31.343772893772858					0.5	17.38333333333336	0.5	-15.011904761904706									-2	72	-2	56	-2	46	-2	26									-2	46	-2	18	-2	-24	-2	-57.38095238095237									-2	24.333333333333336	-2	2.5333333333333385	-2	-57.71666666666666	-2	-80.23095238095237									-2	20.333333333333336	-2	10.533333333333339	-2	-73.71666666666667	-2	-75.71666666666667																																																																
465	EoE	Eoe			0.5	70.14432234432235					-2	-33.34377289377286	-2	-33.34377289377286			0.5	47.30000000000004	0.5	17.88333333333336	0.5	-14.511904761904706																																																																																											-2	70			-2	54									-2	46	-2	34.5	-2	26.25	-2	13.083333333333336									-2	14.725274725274737	-2	9.625274725274743	-2	-14.22472527472525	-2	-14.49139194139191
509	OOa	Ooa			0.4	70.54432234432235	0.4	42.75384615384614	0.4	-15.427106227106172	0.4	-32.94377289377286	0.4	-32.94377289377286					-2	15.883333333333361	-2	-16.511904761904706									-2	70	-2	54			-2	24									-2	44	-2	16			-2	-59.38095238095237									-2	22.333333333333336	-2	0.5333333333333385			-2	-82.23095238095237									-2	18.333333333333336	-2	8.533333333333339			-2	-77.71666666666667																																																																
591	EEo	Eeo			0.5	71.04432234432235					-2	-34.94377289377286	-2	-34.94377289377286			0.5	47.80000000000004	0.5	16.38333333333336	0.5	-16.011904761904706																																									-2	20.333333333333336	-2	-1.4666666666666615	-2	-59.71666666666666	-2	-84.23095238095237									-2	16.333333333333336	-2	6.5333333333333385	-2	-75.71666666666667	-2	-79.71666666666667																									-2	82	-2	68	-2	68	-2	52									-2	44	-2	32.5	-2	24.25	-2	11.083333333333336									-2	12.725274725274737	-2	7.625274725274743	-2	-16.22472527472525	-2	-16.49139194139191
658	OOe	Ooe			0.4	71.44432234432236	0.4	43.15384615384614	0.4	-15.027106227106172	0.4	-34.54377289377286	0.4	-34.54377289377286					-2	14.383333333333361	-2	-18.011904761904706									-2	68	-2	52	-2	44	-2	22									-2	42	-2	14	-2	-26	-2	-61.38095238095237									-2	18.333333333333336	-2	-3.4666666666666615	-2	-61.71666666666666	-2	-86.23095238095237									-2	14.333333333333336	-2	4.5333333333333385	-2	-77.71666666666667	-2	-81.71666666666667																																									-2	42	-2	30.5	-2	22.25	-2	9.083333333333336									-2	10.725274725274737	-2	5.625274725274743	-2	-18.22472527472525	-2	-18.49139194139191
667	EE	Ee			0.5	71.94432234432236					-2	-36.54377289377286	-2	-36.54377289377286			0.5	48.30000000000004	0.5	14.883333333333361	0.5	-17.511904761904706																																																																																									-2	80	-2	66	-2	66	-2	50									-2	40	-2	28.5	-2	20.25	-2	7.083333333333336									-2	8.725274725274737	-2	3.6252747252747426	-2	-20.22472527472525	-2	-20.49139194139191
681	eeo	Eeo	0.5	52.79047619047618	0.5	72.44432234432236					0.5	-36.04377289377286	0.5	-36.04377289377286			-2	46.30000000000004	-2	12.883333333333361	-2	-19.511904761904706																																																																																									-2	78	-2	64	-2	64	-2	48									-2	38	-2	26.5	-2	18.25	-2	5.083333333333336									-2	6.725274725274737	-2	1.6252747252747426	-2	-22.22472527472525	-2	-22.49139194139191
722	EEo	Eeo			0.5	72.94432234432236					-2	-38.04377289377286	-2	-38.04377289377286			0.5	46.80000000000004	0.5	13.383333333333361	0.5	-19.011904761904706																																									-2	16.333333333333336	-2	-5.4666666666666615	-2	-63.71666666666666	-2	-88.23095238095237									-2	12.333333333333336	-2	2.5333333333333385	-2	-79.71666666666667	-2	-83.71666666666667																									-2	76	-2	62	-2	62	-2	46									-2	36	-2	24.5	-2	16.25	-2	3.0833333333333357									-2	4.725274725274737	-2	-0.3747252747252574	-2	-24.22472527472525	-2	-24.49139194139191
770	EEa	Eea			0.5	73.44432234432236					-2	-40.04377289377286	-2	-40.04377289377286			0.5	47.30000000000004	0.5	13.883333333333361	0.5	-18.511904761904706																																													-2	-65.71666666666667	-2	-90.23095238095237													-2	-81.71666666666667	-2	-85.71666666666667																									-2	74	-2	60	-2	60	-2	44									-2	34	-2	22.5	-2	14.25	-2	1.0833333333333357									-2	2.725274725274737	-2	-2.3747252747252574	-2	-26.22472527472525	-2	-26.49139194139191
880	EEo	Eeo			0.5	73.94432234432236					-2	-42.04377289377286	-2	-42.04377289377286			0.5	47.80000000000004	0.5	14.383333333333361	0.5	-18.011904761904706																																									-2	14.333333333333336	-2	-7.4666666666666615	-2	-67.71666666666667	-2	-92.23095238095237									-2	10.333333333333336	-2	0.5333333333333385	-2	-83.71666666666667	-2	-87.71666666666667																									-2	72	-2	58	-2	58	-2	42									-2	32	-2	20.5	-2	12.25	-2	-0.9166666666666643									-2	0.7252747252747369	-2	-4.374725274725257	-2	-28.22472527472525	-2	-28.49139194139191
883	EE	Ee			0.5	74.44432234432236					-2	-44.04377289377286	-2	-44.04377289377286			0.5	48.30000000000004	0.5	14.883333333333361	0.5	-17.511904761904706																																																																																									-2	70	-2	56	-2	56	-2	40									-2	30	-2	18.5	-2	10.25	-2	-2.9166666666666643									-2	-1.274725274725263	-2	-6.374725274725257	-2	-30.22472527472525	-2	-30.49139194139191
2012	EEu	Eeu			0.5	74.94432234432236					-2	-46.04377289377286	-2	-46.04377289377286			0.5	48.80000000000004	0.5	15.383333333333361	0.5	-17.011904761904706																																													-2	-69.71666666666667	-2	-94.23095238095237													-2	-85.71666666666667	-2	-89.71666666666667																									-2	68	-2	54	-2	54	-2	38									-2	28	-2	16.5	-2	8.25	-2	-4.916666666666664									-2	-3.274725274725263	-2	-8.374725274725257	-2	-32.22472527472525	-2	-32.49139194139191
2338	ooo	Ooo	0.5	53.29047619047618	0.5	75.44432234432236	-2	41.15384615384614	-2	-17.027106227106174	-2	-48.04377289377286	-2	-48.04377289377286					0.5	15.883333333333361	0.5	-16.511904761904706									-2	66	-2	50	-2	42	-2	20									-2	40	-2	12	-2	-28	-2	-63.38095238095237									-2	12.333333333333336	-2	-9.466666666666661	-2	-71.71666666666667	-2	-96.23095238095237									-2	8.333333333333336	-2	-1.4666666666666615	-2	-87.71666666666667	-2	-91.71666666666667																																																																
6859	EEa	Eea			0.05	75.49432234432236					-0.2	-48.243772893772864	-0.2	-48.243772893772864			0.05	48.85000000000004	0.05	15.933333333333362	0.05	-16.461904761904705																																													-0.2	-71.91666666666667	-0.2	-96.43095238095238													-0.2	-87.91666666666667	-0.2	-91.91666666666667																									-0.2	67.8	-0.2	53.8	-0.2	53.8	-0.2	37.8									-0.2	27.8	-0.2	16.3	-0.2	8.05	-0.2	-5.1166666666666645									-0.2	-3.4747252747252633	-0.2	-8.574725274725257	-0.2	-32.424725274725255	-0.2	-32.69139194139191
9608	EE	Ee			0.05	75.54432234432235					-0.2	-48.443772893772866	-0.2	-48.443772893772866			0.05	48.900000000000034	0.05	15.983333333333363	0.05	-16.411904761904704																																																																																									-0.2	67.6	-0.2	53.599999999999994	-0.2	53.599999999999994	-0.2	37.599999999999994									-0.2	27.6	-0.2	16.1	-0.2	7.8500000000000005	-0.2	-5.316666666666665									-0.2	-3.6747252747252634	-0.2	-8.774725274725256	-0.2	-32.62472527472526	-0.2	-32.891391941391916
12916	eee	Eee	0.005	53.29547619047618	0.005	75.54932234432235					0.005	-48.438772893772864	0.005	-48.438772893772864			-0.02	48.88000000000003	-0.02	15.963333333333363	-0.02	-16.431904761904704																																																																																									-0.02	67.58	-0.02	53.57999999999999	-0.02	53.57999999999999	-0.02	37.57999999999999									-0.02	27.580000000000002	-0.02	16.080000000000002	-0.02	7.830000000000001	-0.02	-5.336666666666664									-0.02	-3.6947252747252635	-0.02	-8.794725274725256	-0.02	-32.64472527472526	-0.02	-32.91139194139192
TOTAL				53.29547619047618		75.54932234432235		41.15384615384614		-17.027106227106174		-48.438772893772864		-48.438772893772864		100		48.88000000000003		15.963333333333363		-16.431904761904704		100		100		100		100		66		50		42		20		100		100		100		100		40		12		-28		-63.38095238095237		100		100		100		100		12.333333333333336		-9.466666666666661		-71.91666666666667		-96.43095238095238		100		100		100		100		8.333333333333336		-1.4666666666666615		-87.91666666666667		-91.91666666666667		100		100		100		100		100		100		100		100		100		100		100		100		67.58		53.57999999999999		53.57999999999999		37.57999999999999		100		100		100		100		27.580000000000002		16.080000000000002		7.830000000000001		-5.336666666666664		100.15384615384616		100.15384615384616		100.15384615384616		100.15384615384616		-3.6947252747252635		-8.794725274725256		-32.64472527472526		-32.91139194139192
