trialnum	Generated	Heard	Id(Bk)Syl1	now	Id(Bk)	now	*F1	now	*F3	now	*F4	now	*F5	now	*B1	now	*B2	now	*B3	now	*B5	now	*F1_B1	now	*F1..._B1	now	*F1_B2	now	*F1..._B2	now	*F1_B3	now	*F1..._B3	now	*F1_B5	now	*F1..._B5	now	*F3_B1	now	*F3..._B1	now	*F3_B2	now	*F3..._B2	now	*F3_B3	now	*F3..._B3	now	*F3_B5	now	*F3..._B5	now	*F4_B1	now	*F4..._B1	now	*F4_B2	now	*F4..._B2	now	*F4_B3	now	*F4..._B3	now	*F4_B5	now	*F4..._B5	now	*F5_B1	now	*F5..._B1	now	*F5_B2	now	*F5..._B2	now	*F5_B3	now	*F5..._B3	now	*F5_B5	now	*F5..._B5	now	*_B1F1	now	*_B1...F1	now	*_B1F3	now	*_B1...F3	now	*_B1F4	now	*_B1...F4	now	*_B1F5	now	*_B1...F5	now	*_B2F1	now	*_B2...F1	now	*_B2F3	now	*_B2...F3	now	*_B2F4	now	*_B2...F4	now	*_B2F5	now	*_B2...F5	now	*_B3F1	now	*_B3...F1	now	*_B3F3	now	*_B3...F3	now	*_B3F4	now	*_B3...F4	now	*_B3F5	now	*_B3...F5	now	*_B5F1	now	*_B5...F1	now	*_B5F3	now	*_B5...F3	now	*_B5F4	now	*_B5...F4	now	*_B5F5	now	*_B5...F5	now
				0		0		173.9		225.78		251.66		305.26		159.18		188.86		218.94		278.41999999999996		150.0		150.0		150.0		150.0		150.0		150.0		150.0		150.0		150.0		150.0		150.0		150.0		150.0		150.0		150.0		150.0		150.0		150.0		150.0		150.0		150.0		150.0		150.0		150.0		150.0		150.0		153.54		154.92		157.68		160.54		165.28		170.66		150.0		150.0		150.0		150.0		150.0		150.0		151.8		152.86		150.0		150.0		150.0		150.0		150.0		150.0		155.58		157.84		150.0		150.0		150.0		150.0		150.0		150.0		159.14		162.52		150.0		150.0		150.0		150.0		150.0		150.0		166.56		172.57999999999998
0	Apriori	Id(Bk)Syl1>>Id(Bk)	10	10																																																																																																																																																		
2	ouE	Oye	2	12	0	0	-2	171.9	-2	223.78	-2	249.66	-2	303.26			2	190.86	2	220.94	2	280.41999999999996																																																																																																																																
5	EEa	eeA	2	14	0	0			-2	221.78	-2	247.66	-2	301.26			2	192.86	2	222.94	2	282.41999999999996																																																																																																																																
7	aEI	aEi			2	2							-2	299.26	2	161.18	2	194.86	2	224.94	2	284.41999999999996																																																																																													-2	153.58	-2	155.84													-2	157.14	-2	160.52													-2	164.56	-2	170.57999999999998
9	au	Ay	2	16	0	2			-2	219.78	-2	245.66	-2	297.26							2	286.41999999999996																																																																																																																																
11	IEI	iEi	2	18	0	2							-2	295.26	2	163.18	2	196.86	2	226.94	2	288.41999999999996																																																					-2	151.54	-2	152.92	-2	155.68	-2	158.54	-2	163.28	-2	168.66																													-2	151.58	-2	153.84													-2	155.14	-2	158.52													-2	162.56	-2	168.57999999999998
12	aIE	aiE			2	4							-2	293.26	2	165.18	2	198.86	2	228.94	2	290.41999999999996																																																					-2	149.54	-2	150.92	-2	153.68	-2	156.54	-2	161.28	-2	166.66																																																													-2	160.56	-2	166.57999999999998
13	Eaa	eAA	2	20	0	4			-2	217.78	-2	243.66	-2	291.26			2	200.86	2	230.94	2	292.41999999999996																																																																																																																																
14	yei	uEi	2	22	0	4			2	219.78	2	245.66	2	293.26			-2	198.86	-2	228.94	-2	290.41999999999996																																																																																													-2	149.58	-2	151.84													-2	153.14	-2	156.52													-2	158.56	-2	164.57999999999998
15	yeO	uEo	2	24	0	4	2	173.9	2	221.78	2	247.66	2	295.26			-2	196.86	-2	226.94	-2	288.41999999999996																																																																																																																																
18	uII	uii			2	6							-2	293.26	2	167.18	2	198.86	2	228.94	2	290.41999999999996																																																																																																																													-2	156.56	-2	162.57999999999998
20	oIu	Oiy	2	26	0	6	-2	171.9	-2	219.78	-2	245.66	-2	291.26	2	169.18	2	200.86	2	230.94	2	292.41999999999996																																																																																																																																
21	OAi	oai	2	28	0	6	2	173.9	2	221.78	2	247.66	2	293.26					-2	228.94	-2	290.41999999999996																																																																																																															-2	154.52													-2	154.56	-2	160.57999999999998
23	oII	oii			2	8							-2	291.26	2	171.18	2	202.86	2	230.94	2	292.41999999999996																																																																																																													-2	151.14	-2	152.52													-2	152.56	-2	158.57999999999998
25	iey	IEu	2	30	0	8			2	223.78	2	249.66	2	293.26	-2	169.18	-2	200.86	-2	228.94	-2	290.41999999999996																																																																																																																																
26	uII	uii			2	10							-2	291.26	2	171.18	2	202.86	2	230.94	2	292.41999999999996																																																																																																																													-2	150.56	-2	156.57999999999998
27	yOe	uoE	2	32	0	10	2	175.9	2	225.78	2	251.66	2	293.26			-2	200.86	-2	228.94	-2	290.41999999999996																																																																																																																																
28	ouE	Oye	2	34	0	10	-2	173.9	-2	223.78	-2	249.66	-2	291.26			2	202.86	2	230.94	2	292.41999999999996																																																																																																																																
29	Ioa	ioa	2	36	0	10							-2	289.26	2	173.18	2	204.86	2	232.94	2	294.41999999999996																																																									-2	151.68	-2	154.54	-2	159.28	-2	164.66																																																																
30	iyi	Iui	2	38	0	10			2	225.78	2	251.66	2	291.26	-2	171.18	-2	202.86	-2	230.94	-2	292.41999999999996																																																																															-2	150.86															-2	149.84															-2	150.52													-2	148.56	-2	154.57999999999998
32	uIa	uia			2	12							-2	289.26	2	173.18	2	204.86	2	232.94	2	294.41999999999996																																																													-2	157.28	-2	162.66																																																													-2	146.56	-2	152.57999999999998
35	eey	EEu	2	40	0	12			2	227.78	2	253.66	2	291.26			-2	202.86	-2	230.94	-2	292.41999999999996																																																																																																																																
36	iO	Io	2	42	0	12	2	175.9	2	229.78	2	255.66	2	293.26	-2	171.18	-2	200.86	-2	228.94	-2	290.41999999999996																																																																																																																																
38	OOi	ooi	2	44	0	12	2	177.9	2	231.78	2	257.65999999999997	2	295.26					-2	226.94	-2	288.41999999999996																																																																																																													-2	149.14	-2	148.52													-2	144.56	-2	150.57999999999998
39	uau	yAy	2	46	0	12			-2	229.78	-2	255.65999999999997	-2	293.26							2	290.41999999999996																																																																																																																																
40	oou	OOy	2	48	0	12	-2	175.9	-2	227.78	-2	253.65999999999997	-2	291.26					2	228.94	2	292.41999999999996																																																																																																																																
42	aao	AAO	2	50	0	12	-2	173.9	-2	225.78	-2	251.65999999999997	-2	289.26					2	230.94	2	294.41999999999996																																																																																																																																
43	eee	EEE	2	52	0	12					2	253.65999999999997	2	291.26			-2	198.86	-2	228.94	-2	292.41999999999996																																																																																																																																
46	OAi	oai	2	54	0	12	2	175.9	2	227.78	2	255.65999999999997	2	293.26					-2	226.94	-2	290.41999999999996																																																																																																															-2	146.52													-2	142.56	-2	148.57999999999998
50	EoI	Eoi			2	14							-2	291.26	2	173.18	2	200.86	2	228.94	2	292.41999999999996																																																																																															-2	147.84													-2	147.14	-2	144.52													-2	140.56	-2	146.57999999999998
51	eye	EuE	2	56	0	14			2	229.78	2	257.65999999999997	2	293.26			-2	198.86	-2	226.94	-2	290.41999999999996																																																																																																																																
53	eyO	Euo	2	58	0	14	2	177.9	2	231.78	2	259.65999999999997	2	295.26			-2	196.86	-2	224.94	-2	288.41999999999996																																																																																																																																
54	EII	Eii			2	16							-2	293.26	2	175.18	2	198.86	2	226.94	2	290.41999999999996																																																																																													-2	147.58	-2	145.84													-2	145.14	-2	142.52													-2	138.56	-2	144.57999999999998
55	AyO	auo	2	60	0	16	2	179.9	2	233.78	2	261.65999999999997	2	295.26					-2	224.94	-2	288.41999999999996																																																																																																																																
56	ooI	ooi			2	18							-2	293.26	2	177.18	2	200.86	2	226.94	2	290.41999999999996																																																																																																													-2	143.14	-2	140.52													-2	136.56	-2	142.57999999999998
57	EEI	EEi			2	20							-2	291.26	2	179.18	2	202.86	2	228.94	2	292.41999999999996																																																																																													-2	145.58	-2	143.84													-2	141.14	-2	138.52													-2	134.56	-2	140.57999999999998
60	eOy	Eou	2	62	0	20	2	181.9	2	235.78	2	263.65999999999997	2	293.26			-2	200.86	-2	226.94	-2	290.41999999999996																																																																																																																																
61	Iou	iOy	2	64	0	20	-2	179.9	-2	233.78	-2	261.65999999999997	-2	291.26	2	181.18	2	202.86	2	228.94	2	292.41999999999996																																																																																																																																
62	iO	io			2	22	2	181.9	2	235.78	2	263.65999999999997	2	293.26					-2	226.94	-2	290.41999999999996																																																									-2	149.68	-2	152.54	-2	155.28	-2	160.66																																																																
63	Ioa	ioa	2	66	0	22							-2	291.26	2	183.18	2	204.86	2	228.94	2	292.41999999999996																																																									-2	147.68	-2	150.54	-2	153.28	-2	158.66																																																																
65	yee	uEE	2	68	0	22			2	237.78	2	265.65999999999997	2	293.26			-2	202.86	-2	226.94	-2	290.41999999999996																																																																																																																																
66	IEE	iee	2	70	0	22					-2	263.65999999999997	-2	291.26	2	185.18	2	204.86	2	228.94	2	292.41999999999996																																																																																																																																
67	uau	yAy	2	72	0	22			-2	235.78	-2	261.65999999999997	-2	289.26							2	294.41999999999996																																																																																																																																
68	yie	uiE	2	74	0	22			2	237.78	2	263.65999999999997	2	291.26			-2	202.86	-2	226.94	-2	292.41999999999996																																																					-2	147.54	-2	148.92	-2	145.68	-2	148.54	-2	151.28	-2	156.66																																																													-2	132.56	-2	138.57999999999998
69	iAO	Iao	2	76	0	22	2	183.9	2	239.78	2	265.65999999999997	2	293.26	-2	183.18	-2	200.86	-2	224.94	-2	290.41999999999996																																																																																																																																
70	oIo	OiO	2	78	0	22	-2	181.9	-2	237.78	-2	263.65999999999997	-2	291.26	2	185.18	2	202.86	2	226.94	2	292.41999999999996																																																																																																																																
71	aoa	AOA	2	80	0	22	-2	179.9	-2	235.78	-2	261.65999999999997	-2	289.26					2	228.94	2	294.41999999999996																																																																																																																																
75	iyi	iui			2	24			2	237.78	2	263.65999999999997	2	291.26							-2	292.41999999999996																																																													-2	149.28	-2	154.66																																																													-2	130.56	-2	136.57999999999998
76	AAe	aaE	2	82	0	24			2	239.78	2	265.65999999999997	2	293.26			-2	200.86	-2	226.94	-2	290.41999999999996																																																																																																																																
78	ooI	OOi	2	84	0	24	-2	177.9	-2	237.78	-2	263.65999999999997	-2	291.26	2	187.18	2	202.86	2	228.94	2	292.41999999999996																																																																																																																																
81	oI	oi			2	26							-2	289.26	2	189.18	2	204.86	2	230.94	2	294.41999999999996																																																																																																													-2	139.14	-2	136.52													-2	128.56	-2	134.57999999999998
84	ieA	iEa			2	28			2	239.78	2	265.65999999999997	2	291.26			-2	202.86	-2	228.94	-2	292.41999999999996																																																					-2	145.54	-2	146.92	-2	143.68	-2	146.54	-2	147.28	-2	152.66																																																																
85	EEE	eee	2	86	0	28					-2	263.65999999999997	-2	289.26			2	204.86	2	230.94	2	294.41999999999996																																																																																																																																
86	eie	EiE	2	88	0	28					2	265.65999999999997	2	291.26			-2	202.86	-2	228.94	-2	292.41999999999996																																																					-2	143.54	-2	144.92	-2	141.68	-2	144.54	-2	145.28	-2	150.66																													-2	143.58	-2	141.84													-2	137.14	-2	134.52													-2	126.56	-2	132.57999999999998
87	iyy	iuu			2	30			2	241.78	2	267.65999999999997	2	293.26							-2	290.41999999999996																																																													-2	143.28	-2	148.66																																																																
88	iOi	Ioi	2	90	0	30	2	179.9	2	243.78	2	269.65999999999997	2	295.26	-2	187.18	-2	200.86	-2	226.94	-2	288.41999999999996																																																																															-2	148.86															-2	139.84													-2	135.14	-2	132.52													-2	124.56	-2	130.57999999999998
89	oIa	OiA	2	92	0	30	-2	177.9	-2	241.78	-2	267.65999999999997	-2	293.26	2	189.18	2	202.86	2	228.94	2	290.41999999999996																																																																																																																																
92	auu	Ayy	2	94	0	30			-2	239.78	-2	265.65999999999997	-2	291.26							2	292.41999999999996																																																																																																																																
93	aoI	aoi			2	32							-2	289.26	2	191.18	2	204.86	2	230.94	2	294.41999999999996																																																																																																													-2	133.14	-2	130.52													-2	122.56	-2	128.57999999999998
95	Iuo	iuo	2	96	0	32							-2	287.26	2	193.18	2	206.86	2	232.94	2	296.41999999999996																																																											-2	142.54	-2	141.28	-2	146.66																																																																
97	iyA	Iua	2	98	0	32			2	241.78	2	267.65999999999997	2	289.26	-2	191.18	-2	204.86	-2	230.94	-2	294.41999999999996																																																																																																																																
99	eii	Eii	2	100	0	32					2	269.65999999999997	2	291.26			-2	202.86	-2	228.94	-2	292.41999999999996																																																																																													-2	141.58	-2	137.84													-2	131.14	-2	128.52													-2	120.56	-2	126.57999999999998
100	yee	uEE	2	102	0	32			2	243.78	2	271.65999999999997	2	293.26			-2	200.86	-2	226.94	-2	290.41999999999996																																																																																																																																
101	AiA	aia	2	104	0	32			2	245.78	2	273.65999999999997	2	295.26							-2	288.41999999999996																																																													-2	139.28	-2	144.66																																																													-2	118.56	-2	124.57999999999998
103	oau	OAy	2	106	0	32	-2	175.9	-2	243.78	-2	271.65999999999997	-2	293.26					2	228.94	2	290.41999999999996																																																																																																																																
104	oIE	oiE			2	34							-2	291.26	2	193.18	2	202.86	2	230.94	2	292.41999999999996																																																					-2	141.54	-2	142.92	-2	139.68	-2	140.54	-2	137.28	-2	142.66																																													-2	129.14	-2	126.52000000000001													-2	116.56	-2	122.57999999999998
105	yeA	uEa	2	108	0	34			2	245.78	2	273.65999999999997	2	293.26			-2	200.86	-2	228.94	-2	290.41999999999996																																																																																																																																
106	uIo	uio			2	36							-2	291.26	2	195.18	2	202.86	2	230.94	2	292.41999999999996																																																									-2	137.68	-2	138.54	-2	135.28	-2	140.66																																																													-2	114.56	-2	120.57999999999998
108	iei	IEi	2	110	0	36					2	275.65999999999997	2	293.26	-2	193.18	-2	200.86	-2	228.94	-2	290.41999999999996																																																																															-2	146.86													-2	139.58	-2	135.84													-2	127.13999999999999	-2	124.52000000000001													-2	112.56	-2	118.57999999999998
109	IEI	iei	2	112	0	36					-2	273.65999999999997	-2	291.26	2	195.18	2	202.86	2	230.94	2	292.41999999999996																																																																																																																																
110	iAy	iau			2	38			2	247.78	2	275.65999999999997	2	293.26							-2	290.41999999999996																																																													-2	133.28	-2	138.66																																																																
111	uE	ye	2	114	0	38			-2	245.78	-2	273.65999999999997	-2	291.26			2	204.86	2	232.94	2	292.41999999999996																																																																																																																																
112	EuI	Eui			2	40							-2	289.26	2	197.18	2	206.86	2	234.94	2	294.41999999999996																																																																																															-2	133.84															-2	122.52000000000001													-2	110.56	-2	116.57999999999998
113	ie	IE	2	116	0	40					2	275.65999999999997	2	291.26	-2	195.18	-2	204.86	-2	232.94	-2	292.41999999999996																																																																																																																																
114	IIu	Iiu			2	42							-2	289.26	2	197.18	2	206.86	2	234.94	2	294.41999999999996																																																													-2	131.28	-2	136.66													-2	149.8	-2	144.86													-2	137.58	-2	131.84													-2	125.13999999999999	-2	120.52000000000001													-2	108.56	-2	114.57999999999998
115	yOy	uou	2	118	0	42	2	177.9	2	247.78	2	277.65999999999997	2	291.26					-2	232.94	-2	292.41999999999996																																																																																																																																
116	EIu	eiy	2	120	0	42			-2	245.78	-2	275.65999999999997	-2	289.26	2	199.18	2	208.86	2	234.94	2	294.41999999999996																																																																																																																																
117	iOA	Ioa	2	122	0	42	2	179.9	2	247.78	2	277.65999999999997	2	291.26	-2	197.18	-2	206.86	-2	232.94	-2	292.41999999999996																																																																																																																																
118	aII	Aii	2	124	0	42			-2	245.78	-2	275.65999999999997	-2	289.26	2	199.18	2	208.86	2	234.94	2	294.41999999999996																																																																																																																																
121	yyi	uui	2	126	0	42			2	247.78	2	277.65999999999997	2	291.26							-2	292.41999999999996																																																																																																																													-2	106.56	-2	112.57999999999998
122	eee	EEE	2	128	0	42					2	279.65999999999997	2	293.26			-2	206.86	-2	232.94	-2	290.41999999999996																																																																																																																																
123	oII	Oii	2	130	0	42	-2	177.9	-2	245.78	-2	277.65999999999997	-2	291.26	2	201.18	2	208.86	2	234.94	2	292.41999999999996																																																																																																																																
124	aEa	AeA	2	132	0	42			-2	243.78	-2	275.65999999999997	-2	289.26			2	210.86	2	236.94	2	294.41999999999996																																																																																																																																
126	OOO	ooo	2	134	0	42	2	179.9	2	245.78	2	277.65999999999997	2	291.26					-2	234.94	-2	292.41999999999996																																																																																																																																
129	iey	iEu			2	44			2	247.78	2	279.65999999999997	2	293.26			-2	208.86	-2	232.94	-2	290.41999999999996																																																					-2	139.54	-2	140.92	-2	135.68	-2	136.54	-2	129.28	-2	134.66																																																																
130	OOi	ooi	2	136	0	44	2	181.9	2	249.78	2	281.65999999999997	2	295.26					-2	230.94	-2	288.41999999999996																																																																																																													-2	123.13999999999999	-2	118.52000000000001													-2	104.56	-2	110.57999999999998
131	au	Ay	2	138	0	44			-2	247.78	-2	279.65999999999997	-2	293.26							2	290.41999999999996																																																																																																																																
132	oa	OA	2	140	0	44	-2	179.9	-2	245.78	-2	277.65999999999997	-2	291.26					2	232.94	2	292.41999999999996																																																																																																																																
134	Ioo	iOO	2	142	0	44	-2	177.9	-2	243.78	-2	275.65999999999997	-2	289.26	2	203.18	2	210.86	2	234.94	2	294.41999999999996																																																																																																																																
135	ie	iE			2	46					2	277.65999999999997	2	291.26			-2	208.86	-2	232.94	-2	292.41999999999996																																																					-2	137.54	-2	138.92	-2	133.68	-2	134.54	-2	127.28	-2	132.66																																																																
137	Aie	aiE	2	144	0	46			2	245.78	2	279.65999999999997	2	293.26			-2	206.86	-2	230.94	-2	290.41999999999996																																																					-2	135.54	-2	136.92	-2	131.68	-2	132.54	-2	125.28	-2	130.66																																																													-2	102.56	-2	108.57999999999998
138	EuE	eye	2	146	0	46			-2	243.78	-2	277.65999999999997	-2	291.26			2	208.86	2	232.94	2	292.41999999999996																																																																																																																																
139	eii	Eii	2	148	0	46					2	279.65999999999997	2	293.26			-2	206.86	-2	230.94	-2	290.41999999999996																																																																																													-2	135.58	-2	129.84													-2	121.13999999999999	-2	116.52000000000001													-2	100.56	-2	106.57999999999998
140	oII	oii			2	48							-2	291.26	2	205.18	2	208.86	2	232.94	2	292.41999999999996																																																																																																													-2	119.13999999999999	-2	114.52000000000001													-2	98.56	-2	104.57999999999998
144	Iuu	iyy	2	150	0	48			-2	241.78	-2	277.65999999999997	-2	289.26	2	207.18	2	210.86	2	234.94	2	294.41999999999996																																																																																																																																
145	yi	ui	2	152	0	48			2	243.78	2	279.65999999999997	2	291.26							-2	292.41999999999996																																																																																																																													-2	96.56	-2	102.57999999999998
146	iOA	ioa			2	50	2	179.9	2	245.78	2	281.65999999999997	2	293.26					-2	232.94	-2	290.41999999999996																																																									-2	129.68	-2	130.54	-2	123.28	-2	128.66																																																																
147	uuu	yyy	2	154	0	50			-2	243.78	-2	279.65999999999997	-2	291.26							2	292.41999999999996																																																																																																																																
150	EaE	eAe	2	156	0	50			-2	241.78	-2	277.65999999999997	-2	289.26			2	212.86	2	234.94	2	294.41999999999996																																																																																																																																
152	iA	Ia	2	158	0	50			2	243.78	2	279.65999999999997	2	291.26	-2	205.18	-2	210.86	-2	232.94	-2	292.41999999999996																																																																																																																																
153	EIE	EiE			2	52							-2	289.26	2	207.18	2	212.86	2	234.94	2	294.41999999999996																																																					-2	133.54	-2	134.92	-2	127.68	-2	128.54	-2	121.28	-2	126.66																													-2	133.58	-2	127.84													-2	117.13999999999999	-2	112.52000000000001													-2	94.56	-2	100.57999999999998
156	Aii	aii	2	160	0	52			2	245.78	2	281.65999999999997	2	291.26							-2	292.41999999999996																																																																																																																													-2	92.56	-2	98.57999999999998
157	yyO	uuo	2	162	0	52	2	181.9	2	247.78	2	283.65999999999997	2	293.26					-2	232.94	-2	290.41999999999996																																																																																																																																
159	uEE	yee	2	164	0	52			-2	245.78	-2	281.65999999999997	-2	291.26			2	214.86	2	234.94	2	292.41999999999996																																																																																																																																
160	AOO	aoo	2	166	0	52	2	183.9	2	247.78	2	283.65999999999997	2	293.26					-2	232.94	-2	290.41999999999996																																																																																																																																
163	EuI	eyi	2	168	0	52			-2	245.78	-2	281.65999999999997	-2	291.26	2	209.18	2	216.86	2	234.94	2	292.41999999999996																																																																																																																																
165	ee	EE	2	170	0	52					2	283.65999999999997	2	293.26			-2	214.86	-2	232.94	-2	290.41999999999996																																																																																																																																
166	EuE	eye	2	172	0	52			-2	243.78	-2	281.65999999999997	-2	291.26			2	216.86	2	234.94	2	292.41999999999996																																																																																																																																
167	yyy	uuu	2	174	0	52			2	245.78	2	283.65999999999997	2	293.26							-2	290.41999999999996																																																																																																																																
168	EIo	Eio			2	54							-2	291.26	2	211.18	2	218.86	2	236.94	2	292.41999999999996																																																									-2	125.68	-2	126.53999999999999	-2	119.28	-2	124.66																													-2	131.58	-2	125.84													-2	115.13999999999999	-2	110.52000000000001													-2	90.56	-2	96.57999999999998
169	Eaa	eAA	2	176	0	54			-2	243.78	-2	281.65999999999997	-2	289.26			2	220.86	2	238.94	2	294.41999999999996																																																																																																																																
170	iAA	iaa			2	56			2	245.78	2	283.65999999999997	2	291.26							-2	292.41999999999996																																																													-2	117.28	-2	122.66																																																																
171	yeA	uEa	2	178	0	56			2	247.78	2	285.65999999999997	2	293.26			-2	218.86	-2	236.94	-2	290.41999999999996																																																																																																																																
172	IEo	ieO	2	180	0	56	-2	181.9	-2	245.78	-2	283.65999999999997	-2	291.26	2	213.18	2	220.86	2	238.94	2	292.41999999999996																																																																																																																																
173	eyA	Eua	2	182	0	56			2	247.78	2	285.65999999999997	2	293.26			-2	218.86	-2	236.94	-2	290.41999999999996																																																																																																																																
175	aau	AAy	2	184	0	56			-2	245.78	-2	283.65999999999997	-2	291.26							2	292.41999999999996																																																																																																																																
176	yyA	uua	2	186	0	56			2	247.78	2	285.65999999999997	2	293.26							-2	290.41999999999996																																																																																																																																
177	uua	yyA	2	188	0	56			-2	245.78	-2	283.65999999999997	-2	291.26							2	292.41999999999996																																																																																																																																
178	yey	uEu	2	190	0	56			2	247.78	2	285.65999999999997	2	293.26			-2	216.86	-2	234.94	-2	290.41999999999996																																																																																																																																
179	oau	OAy	2	192	0	56	-2	179.9	-2	245.78	-2	283.65999999999997	-2	291.26					2	236.94	2	292.41999999999996																																																																																																																																
181	Aee	aEE	2	194	0	56			2	247.78	2	285.65999999999997	2	293.26			-2	214.86	-2	234.94	-2	290.41999999999996																																																																																																																																
183	aIE	aiE			2	58							-2	291.26	2	215.18	2	216.86	2	236.94	2	292.41999999999996																																																					-2	131.54	-2	132.92	-2	123.68	-2	124.53999999999999	-2	115.28	-2	120.66																																																													-2	88.56	-2	94.57999999999998
186	IaE	iAe	2	196	0	58			-2	245.78	-2	283.65999999999997	-2	289.26	2	217.18	2	218.86	2	238.94	2	294.41999999999996																																																																																																																																
187	iOO	ioo			2	60	2	181.9	2	247.78	2	285.65999999999997	2	291.26					-2	236.94	-2	292.41999999999996																																																									-2	121.68	-2	122.53999999999999	-2	113.28	-2	118.66																																																																
188	yye	uuE	2	198	0	60			2	249.78	2	287.65999999999997	2	293.26			-2	216.86	-2	234.94	-2	290.41999999999996																																																																																																																																
190	ouu	Oyy	2	200	0	60	-2	179.9	-2	247.78	-2	285.65999999999997	-2	291.26					2	236.94	2	292.41999999999996																																																																																																																																
191	EIa	Eia			2	62							-2	289.26	2	219.18	2	218.86	2	238.94	2	294.41999999999996																																																													-2	111.28	-2	116.66																													-2	129.58	-2	123.84													-2	113.13999999999999	-2	108.52000000000001													-2	86.56	-2	92.57999999999998
192	Ayi	aui	2	202	0	62			2	249.78	2	287.65999999999997	2	291.26							-2	292.41999999999996																																																																																																																													-2	84.56	-2	90.57999999999998
193	OiO	oio	2	204	0	62	2	181.9	2	251.78	2	289.65999999999997	2	293.26					-2	236.94	-2	290.41999999999996																																																									-2	119.68	-2	120.53999999999999	-2	109.28	-2	114.66																																													-2	111.13999999999999	-2	106.52000000000001													-2	82.56	-2	88.57999999999998
194	IE	ie	2	206	0	62					-2	287.65999999999997	-2	291.26	2	221.18	2	220.86	2	238.94	2	292.41999999999996																																																																																																																																
195	yee	uEE	2	208	0	62			2	253.78	2	289.65999999999997	2	293.26			-2	218.86	-2	236.94	-2	290.41999999999996																																																																																																																																
196	ooI	OOi	2	210	0	62	-2	179.9	-2	251.78	-2	287.65999999999997	-2	291.26	2	223.18	2	220.86	2	238.94	2	292.41999999999996																																																																																																																																
199	yiy	uiu	2	212	0	62			2	253.78	2	289.65999999999997	2	293.26							-2	290.41999999999996																																																													-2	107.28	-2	112.66																																																													-2	80.56	-2	86.57999999999998
200	Iua	iyA	2	214	0	62			-2	251.78	-2	287.65999999999997	-2	291.26	2	225.18	2	222.86	2	240.94	2	292.41999999999996																																																																																																																																
201	oIo	OiO	2	216	0	62	-2	177.9	-2	249.78	-2	285.65999999999997	-2	289.26	2	227.18	2	224.86	2	242.94	2	294.41999999999996																																																																																																																																
203	au	Ay	2	218	0	62			-2	247.78	-2	283.65999999999997	-2	287.26							2	296.41999999999996																																																																																																																																
205	Oi	oi	2	220	0	62	2	179.9	2	249.78	2	285.65999999999997	2	289.26					-2	240.94	-2	294.41999999999996																																																																																																													-2	109.13999999999999	-2	104.52000000000001													-2	78.56	-2	84.57999999999998
206	Aei	aEi	2	222	0	62			2	251.78	2	287.65999999999997	2	291.26			-2	222.86	-2	238.94	-2	292.41999999999996																																																																																													-2	127.58000000000001	-2	121.84													-2	107.13999999999999	-2	102.52000000000001													-2	76.56	-2	82.57999999999998
208	Aii	aii	2	224	0	62			2	253.78	2	289.65999999999997	2	293.26							-2	290.41999999999996																																																																																																																													-2	74.56	-2	80.57999999999998
209	iiy	Iiu	2	226	0	62			2	255.78	2	291.65999999999997	2	295.26	-2	225.18	-2	220.86	-2	236.94	-2	288.41999999999996																																																													-2	105.28	-2	110.66													-2	147.8	-2	142.86													-2	125.58000000000001	-2	119.84													-2	105.13999999999999	-2	100.52000000000001													-2	72.56	-2	78.57999999999998
210	EEI	eei	2	228	0	62					-2	289.65999999999997	-2	293.26	2	227.18	2	222.86	2	238.94	2	290.41999999999996																																																																																																																																
214	aE	Ae	2	230	0	62			-2	253.78	-2	287.65999999999997	-2	291.26			2	224.86	2	240.94	2	292.41999999999996																																																																																																																																
215	ieA	IEa	2	232	0	62			2	255.78	2	289.65999999999997	2	293.26	-2	225.18	-2	222.86	-2	238.94	-2	290.41999999999996																																																																																																																																
216	Ioo	iOO	2	234	0	62	-2	177.9	-2	253.78	-2	287.65999999999997	-2	291.26	2	227.18	2	224.86	2	240.94	2	292.41999999999996																																																																																																																																
218	aE	Ae	2	236	0	62			-2	251.78	-2	285.65999999999997	-2	289.26			2	226.86	2	242.94	2	294.41999999999996																																																																																																																																
219	iOy	iou			2	64	2	179.9	2	253.78	2	287.65999999999997	2	291.26					-2	240.94	-2	292.41999999999996																																																									-2	117.68	-2	118.53999999999999	-2	103.28	-2	108.66																																																																
223	iAO	iao			2	66	2	181.9	2	255.78	2	289.65999999999997	2	293.26					-2	238.94	-2	290.41999999999996																																																											-2	116.53999999999999	-2	101.28	-2	106.66																																																																
224	yyA	uua	2	238	0	66			2	257.78	2	291.65999999999997	2	295.26							-2	288.41999999999996																																																																																																																																
225	uIE	uiE			2	68							-2	293.26	2	229.18	2	228.86	2	240.94	2	290.41999999999996																																																					-2	129.54	-2	130.92	-2	115.68	-2	114.53999999999999	-2	99.28	-2	104.66																																																													-2	70.56	-2	76.57999999999998
226	oou	OOy	2	240	0	68	-2	179.9	-2	255.77999999999997	-2	289.65999999999997	-2	291.26					2	242.94	2	292.41999999999996																																																																																																																																
229	AiO	aio	2	242	0	68	2	181.9	2	257.78	2	291.65999999999997	2	293.26					-2	240.94	-2	290.41999999999996																																																									-2	113.68	-2	112.53999999999999	-2	97.28	-2	102.66																																																													-2	68.56	-2	74.57999999999998
231	EaI	eAi	2	244	0	68			-2	255.77999999999997	-2	289.65999999999997	-2	291.26	2	231.18	2	230.86	2	242.94	2	292.41999999999996																																																																																																																																
232	eiy	Eiu	2	246	0	68			2	257.78	2	291.65999999999997	2	293.26			-2	228.86	-2	240.94	-2	290.41999999999996																																																													-2	95.28	-2	100.66																													-2	123.58000000000001	-2	117.84													-2	103.13999999999999	-2	98.52000000000001													-2	66.56	-2	72.57999999999998
234	aIo	aio			2	70							-2	291.26	2	233.18	2	230.86	2	242.94	2	292.41999999999996																																																									-2	111.68	-2	110.53999999999999	-2	93.28	-2	98.66																																																													-2	64.56	-2	70.57999999999998
236	OeO	oEo	2	248	0	70	2	183.9	2	259.78	2	293.65999999999997	2	293.26			-2	228.86	-2	240.94	-2	290.41999999999996																																																																																																																																
237	IIu	iiy	2	250	0	70			-2	257.78	-2	291.65999999999997	-2	291.26	2	235.18	2	230.86	2	242.94	2	292.41999999999996																																																																																																																																
240	oIo	OiO	2	252	0	70	-2	181.9	-2	255.77999999999997	-2	289.65999999999997	-2	289.26	2	237.18	2	232.86	2	244.94	2	294.41999999999996																																																																																																																																
241	iye	iuE			2	72			2	257.78	2	291.65999999999997	2	291.26			-2	230.86	-2	242.94	-2	292.41999999999996																																																							-2	128.92			-2	108.53999999999999	-2	91.28	-2	96.66																																																																
242	EIE	EiE			2	74							-2	289.26	2	239.18	2	232.86	2	244.94	2	294.41999999999996																																																					-2	127.53999999999999	-2	126.91999999999999	-2	109.68	-2	106.53999999999999	-2	89.28	-2	94.66																													-2	121.58000000000001	-2	115.84													-2	101.13999999999999	-2	96.52000000000001													-2	62.56	-2	68.57999999999998
244	iei	iEi			2	76					2	293.65999999999997	2	291.26			-2	230.86	-2	242.94	-2	292.41999999999996																																																					-2	125.53999999999999	-2	124.91999999999999	-2	107.68	-2	104.53999999999999	-2	87.28	-2	92.66																													-2	119.58000000000001	-2	113.84													-2	99.13999999999999	-2	94.52000000000001													-2	60.56	-2	66.57999999999998
245	iau	Iau	2	254	0	76							2	293.26	-2	237.18	-2	228.86	-2	240.94	-2	290.41999999999996																																																													2	89.28	2	94.66																																																																
246	auI	Ayi	2	256	0	76			-2	255.77999999999997	-2	291.65999999999997	-2	291.26	2	239.18	2	230.86	2	242.94	2	292.41999999999996																																																																																																																																
249	EuI	Eui			2	78							-2	289.26	2	241.18	2	232.86	2	244.94	2	294.41999999999996																																																																																															-2	111.84															-2	92.52000000000001													-2	58.56	-2	64.57999999999998
252	eAO	Eao	2	258	0	78	2	183.9	2	257.78	2	293.65999999999997	2	291.26			-2	230.86	-2	242.94	-2	292.41999999999996																																																																																																																																
253	IEu	iey	2	260	0	78			-2	255.77999999999997	-2	291.65999999999997	-2	289.26	2	243.18	2	232.86	2	244.94	2	294.41999999999996																																																																																																																																
254	AiO	aio	2	262	0	78	2	185.9	2	257.78	2	293.65999999999997	2	291.26					-2	242.94	-2	292.41999999999996																																																									-2	105.68	-2	102.53999999999999	-2	87.28	-2	92.66																																																													-2	56.56	-2	62.579999999999984
256	oau	OAy	2	264	0	78	-2	183.9	-2	255.77999999999997	-2	291.65999999999997	-2	289.26					2	244.94	2	294.41999999999996																																																																																																																																
257	eOA	Eoa	2	266	0	78	2	185.9	2	257.78	2	293.65999999999997	2	291.26			-2	230.86	-2	242.94	-2	292.41999999999996																																																																																																																																
258	Iao	iAO	2	268	0	78	-2	183.9	-2	255.77999999999997	-2	291.65999999999997	-2	289.26	2	245.18	2	232.86	2	244.94	2	294.41999999999996																																																																																																																																
259	ooa	OOA	2	270	0	78	-2	181.9	-2	253.77999999999997	-2	289.65999999999997	-2	287.26					2	246.94	2	296.41999999999996																																																																																																																																
260	AOy	aou	2	272	0	78	2	183.9	2	255.77999999999997	2	291.65999999999997	2	289.26					-2	244.94	-2	294.41999999999996																																																																																																																																
261	iee	IEE	2	274	0	78					2	293.65999999999997	2	291.26	-2	243.18	-2	230.86	-2	242.94	-2	292.41999999999996																																																																																																																																
264	aaa	AAA	2	276	0	78			-2	253.77999999999997	-2	291.65999999999997	-2	289.26							2	294.41999999999996																																																																																																																																
267	iO	io			2	80	2	185.9	2	255.77999999999997	2	293.65999999999997	2	291.26					-2	240.94	-2	292.41999999999996																																																									-2	103.68	-2	100.53999999999999	-2	85.28	-2	90.66																																																																
268	III	Iii			2	82							-2	289.26	2	245.18	2	232.86	2	242.94	2	294.41999999999996																																																																													-2	145.8	-2	140.86													-2	117.58000000000001	-2	109.84													-2	97.13999999999999	-2	90.52000000000001													-2	54.56	-2	60.579999999999984
270	eyy	Euu	2	278	0	82			2	257.78	2	295.65999999999997	2	291.26			-2	230.86	-2	240.94	-2	292.41999999999996																																																																																																																																
271	iua	Iua	2	280	0	82							2	293.26	-2	243.18	-2	228.86	-2	238.94	-2	290.41999999999996																																																													2	87.28	2	92.66																																																																
273	oEi	Oei	2	282	0	82	-2	183.9	-2	255.77999999999997	-2	293.65999999999997	-2	291.26			2	230.86	2	240.94	2	292.41999999999996																																																																																													2	119.58000000000001	2	111.84													2	99.13999999999999	2	92.52000000000001													2	56.56	2	62.579999999999984
274	aIu	Aiy	2	284	0	82			-2	253.77999999999997	-2	291.65999999999997	-2	289.26	2	245.18	2	232.86	2	242.94	2	294.41999999999996																																																																																																																																
275	iia	Iia	2	286	0	82							2	291.26	-2	243.18	-2	230.86	-2	240.94	-2	292.41999999999996																																																																													-2	143.8	-2	138.86													-2	117.58000000000001	-2	109.84													-2	97.13999999999999	-2	90.52000000000001													-2	54.56	-2	60.579999999999984
276	ee	EE	2	288	0	82					2	293.65999999999997	2	293.26			-2	228.86	-2	238.94	-2	290.41999999999996																																																																																																																																
278	EoI	eOi	2	290	0	82	-2	181.9	-2	251.77999999999997	-2	291.65999999999997	-2	291.26	2	245.18	2	230.86	2	240.94	2	292.41999999999996																																																																																																																																
280	oIu	Oiy	2	292	0	82	-2	179.9	-2	249.77999999999997	-2	289.65999999999997	-2	289.26	2	247.18	2	232.86	2	242.94	2	294.41999999999996																																																																																																																																
281	OyA	oua	2	294	0	82	2	181.9	2	251.77999999999997	2	291.65999999999997	2	291.26					-2	240.94	-2	292.41999999999996																																																																																																																																
282	uIa	yiA	2	296	0	82			-2	249.77999999999997	-2	289.65999999999997	-2	289.26	2	249.18	2	234.86	2	242.94	2	294.41999999999996																																																																																																																																
285	IOe	IoE			2	84	2	183.9	2	251.77999999999997	2	291.65999999999997	2	291.26			-2	232.86	-2	240.94	-2	292.41999999999996																																																																	2	152.0	2	152.0	2	152.0	2	152.0	2	152.0	2	152.0	2	145.8	2	140.86	2	152.0	2	152.0	2	152.0	2	152.0	2	152.0	2	152.0	2	119.58000000000001	2	111.84	2	152.0	2	152.0	2	152.0	2	152.0	2	152.0	2	152.0	2	99.13999999999999	2	92.52000000000001	2	152.0	2	152.0	2	152.0	2	152.0	2	152.0	2	152.0	2	56.56	2	62.579999999999984
289	iAi	iai			2	86			2	253.77999999999997	2	293.65999999999997	2	293.26							-2	290.41999999999996																																																													-2	85.28	-2	90.66																																																													-2	54.56	-2	60.579999999999984
290	AEI	Aei			2	88					-2	291.65999999999997	-2	291.26	2	251.18	2	234.86	2	242.94	2	292.41999999999996																			2	152.0	2	152.0	2	152.0	2	152.0	2	152.0	2	152.0	2	152.0			2	152.0	2	152.0	2	152.0	2	152.0	2	152.0	2	152.0	2	152.0			2	152.0	2	127.53999999999999	2	126.91999999999999	2	105.68	2	102.53999999999999	2	87.28	2	92.66																																																																
291	uyi	uui			2	90			2	255.77999999999997	2	293.65999999999997	2	293.26							-2	290.41999999999996																																																																																																																					2	154.0	2	154.0	2	154.0	2	154.0			-2	58.579999999999984
292	uo	yO	2	298	0	90	-2	181.9	-2	253.77999999999997	-2	291.65999999999997	-2	291.26					2	244.94	2	292.41999999999996																																																																																																																																
294	oAi	oai			2	92			2	255.77999999999997	2	293.65999999999997	2	293.26							-2	290.41999999999996																																																																																																					2	154.0	2	154.0	2	154.0	2	154.0	2	101.13999999999999							2	156.0	2	156.0	2	156.0	2	156.0			-2	56.579999999999984
300	Ooo	OOO			2	94	-2	179.9	-2	253.77999999999997	-2	291.65999999999997	-2	291.26					2	246.94	2	292.41999999999996									2	152.0	2	152.0	2	152.0	2	152.0									2	154.0	2	154.0	2	154.0	2	154.0									2	154.0	2	154.0	2	154.0	2	154.0									2	107.68	2	104.53999999999999	2	89.28	2	94.66																																																																
301	iaE	iAe			2	96			-2	251.77999999999997	-2	289.65999999999997	-2	289.26			2	236.86	2	248.94	2	294.41999999999996																																																							2	128.92			2	106.53999999999999	2	91.28	2	96.66																																																																
302	oAy	oau			2	98			2	253.77999999999997	2	291.65999999999997	2	291.26							-2	292.41999999999996																																																																																																					2	156.0	2	156.0	2	156.0	2	156.0	2	103.13999999999999	2	94.52000000000001					2	158.0	2	158.0	2	158.0	2	158.0	2	56.56	2	58.579999999999984
303	io	iO			2	100	-2	177.9	-2	251.77999999999997	-2	289.65999999999997	-2	289.26					2	250.94	2	294.41999999999996																																																									2	109.68	2	108.53999999999999	2	93.28	2	98.66																																																																
304	IOO	Ioo			2	102	2	179.9	2	253.77999999999997	2	291.65999999999997	2	291.26					-2	248.94	-2	292.41999999999996																																																																	2	154.0	2	154.0	2	154.0	2	154.0	2	154.0	2	154.0	2	147.8	2	142.86	2	154.0	2	154.0	2	154.0	2	154.0	2	154.0	2	154.0	2	121.58000000000001	2	113.84	2	154.0	2	154.0	2	158.0	2	158.0	2	158.0	2	158.0	2	105.13999999999999	2	96.52000000000001	2	154.0	2	154.0	2	160.0	2	160.0	2	160.0	2	160.0	2	58.56	2	60.579999999999984
306	yoI	yOi			2	104	-2	177.9	-2	251.77999999999997	-2	289.65999999999997	-2	289.26	2	253.18	2	238.86	2	250.94	2	294.41999999999996																			2	154.0			2	154.0	2	156.0	2	156.0	2	156.0	2	156.0			2	154.0			2	154.0	2	156.0	2	156.0	2	156.0	2	156.0			2	154.0			2	130.92	2	111.68	2	110.53999999999999	2	95.28	2	100.66																																																																
307	aOA	aoa			2	106	2	179.9	2	253.77999999999997	2	291.65999999999997	2	291.26					-2	248.94	-2	292.41999999999996																																																																																																																	2	156.0	2	156.0	2	162.0	2	162.0	2	162.0	2	162.0	2	60.56	2	62.579999999999984
309	iiy	iiu			2	108			2	255.77999999999997	2	293.65999999999997	2	293.26							-2	290.41999999999996																																																													-2	93.28	-2	98.66																																																																
310	uee	uEE			2	110					2	295.65999999999997	2	295.26			-2	236.86	-2	246.94	-2	288.41999999999996																																																																																																																									2	164.0	2	164.0	2	62.56	2	64.57999999999998
311	Ou	Oy			2	112			-2	253.77999999999997	-2	293.65999999999997	-2	293.26							2	290.41999999999996													2	154.0	2	154.0													2	158.0	2	158.0													2	158.0	2	158.0													2	95.28	2	100.66																																																																
314	aOy	aou			2	114	2	181.9	2	255.77999999999997	2	295.65999999999997	2	295.26					-2	244.94	-2	288.41999999999996																																																																																																																	2	158.0	2	158.0	2	164.0	2	164.0	2	166.0	2	166.0	2	64.56	2	66.57999999999998
315	aua	AyA	2	300	0	114			-2	253.77999999999997	-2	293.65999999999997	-2	293.26							2	290.41999999999996																																																																																																																																
318	EIu	Eiu			2	116							-2	291.26	2	255.18	2	238.86	2	246.94	2	292.41999999999996																																																													-2	93.28	-2	98.66																													-2	119.58000000000001	-2	111.84													-2	103.13999999999999	-2	94.52000000000001													-2	62.56	-2	64.57999999999998
321	oAi	oai			2	118			2	255.77999999999997	2	295.65999999999997	2	293.26							-2	290.41999999999996																																																																																																					2	160.0	2	160.0	2	160.0	2	160.0	2	105.13999999999999							2	166.0	2	166.0	2	168.0	2	168.0			-2	62.579999999999984
322	Aou	AOy			2	120	-2	179.9	-2	253.77999999999997	-2	293.65999999999997	-2	291.26					2	248.94	2	292.41999999999996																									2	158.0	2	158.0	2	160.0	2	160.0									2	158.0	2	158.0	2	160.0	2	160.0									2	113.68	2	112.53999999999999	2	95.28	2	100.66																																																																
324	IOO	Ioo			2	122	2	181.9	2	255.77999999999997	2	295.65999999999997	2	293.26					-2	246.94	-2	290.41999999999996																																																																	2	156.0	2	156.0	2	156.0	2	156.0	2	156.0	2	156.0	2	149.8	2	144.86	2	156.0	2	156.0	2	156.0	2	156.0	2	156.0	2	156.0	2	121.58000000000001	2	113.84	2	156.0	2	156.0	2	162.0	2	162.0	2	162.0	2	162.0	2	107.13999999999999	2	96.52000000000001	2	160.0	2	160.0	2	168.0	2	168.0	2	170.0	2	170.0	2	64.56	2	64.57999999999998
325	eua	eyA			2	124			-2	253.77999999999997	-2	293.65999999999997	-2	291.26							2	292.41999999999996																																													2	162.0	2	162.0													2	97.28	2	102.66																																																																
326	yEu	yey			2	126			-2	251.77999999999997	-2	291.65999999999997	-2	289.26			2	240.86	2	248.94	2	294.41999999999996																					2	154.0	2	156.0	2	160.0	2	160.0	2	162.0	2	162.0					2	154.0	2	156.0	2	160.0	2	160.0	2	164.0	2	164.0					2	129.54	2	132.92	2	115.68	2	114.53999999999999	2	99.28	2	104.66																																																																
328	uee	uEE			2	128					2	293.65999999999997	2	291.26			-2	238.86	-2	246.94	-2	292.41999999999996																																																																																																																									2	172.0	2	172.0	2	66.56	2	66.57999999999998
336	Aoa	AOA			2	130	-2	179.9	-2	249.77999999999997	-2	291.65999999999997	-2	289.26					2	248.94	2	294.41999999999996																									2	162.0	2	162.0	2	164.0	2	164.0									2	162.0	2	162.0	2	166.0	2	166.0									2	117.68	2	116.53999999999999	2	101.28	2	106.66																																																																
338	iey	iEu			2	132			2	251.77999999999997	2	293.65999999999997	2	291.26			-2	236.86	-2	246.94	-2	292.41999999999996																																																					-2	127.53999999999999	-2	130.92	-2	115.68	-2	114.53999999999999	-2	99.28	-2	104.66																																																																
339	yu	yy			2	134			-2	249.77999999999997	-2	291.65999999999997	-2	289.26							2	294.41999999999996																													2	166.0	2	166.0													2	168.0	2	168.0													2	101.28	2	106.66																																																																
343	IAe	IaE			2	136			2	251.77999999999997	2	293.65999999999997	2	291.26			-2	234.86	-2	244.94	-2	292.41999999999996																																																																					2	158.0	2	158.0	2	158.0	2	158.0	2	151.8	2	146.86					2	158.0	2	158.0	2	158.0	2	158.0	2	123.58000000000001	2	115.84					2	164.0	2	164.0	2	164.0	2	164.0	2	109.13999999999999	2	98.52000000000001					2	170.0	2	170.0	2	174.0	2	174.0	2	68.56	2	68.57999999999998
348	EI	Ei			2	138							-2	289.26	2	257.18	2	236.86	2	246.94	2	294.41999999999996																																																																																													-2	121.58000000000001	-2	113.84													-2	107.13999999999999	-2	96.52000000000001													-2	66.56	-2	66.57999999999998
350	IOy	Iou			2	140	2	181.9	2	253.77999999999997	2	295.65999999999997	2	291.26					-2	244.94	-2	292.41999999999996																																																																	2	158.0	2	158.0	2	160.0	2	160.0	2	160.0	2	160.0	2	153.8	2	148.86	2	158.0	2	158.0	2	160.0	2	160.0	2	160.0	2	160.0	2	123.58000000000001	2	115.84	2	158.0	2	158.0	2	166.0	2	166.0	2	166.0	2	166.0	2	109.13999999999999	2	98.52000000000001	2	162.0	2	162.0	2	172.0	2	172.0	2	176.0	2	176.0	2	68.56	2	68.57999999999998
354	Iey	IEu			2	142			2	255.77999999999997	2	297.65999999999997	2	293.26			-2	234.86	-2	242.94	-2	290.41999999999996																																																																							2	162.0	2	162.0	2	162.0	2	155.8	2	150.86							2	162.0	2	162.0	2	162.0	2	125.58000000000001	2	117.84							2	168.0	2	168.0	2	168.0	2	111.13999999999999	2	100.52000000000001							2	174.0	2	178.0	2	178.0	2	70.56	2	70.57999999999998
355	yio	yiO			2	144	-2	179.9	-2	253.77999999999997	-2	295.65999999999997	-2	291.26					2	244.94	2	292.41999999999996																											2	164.0			2	168.0											2	164.0			2	170.0									2	117.68	2	116.53999999999999	2	103.28	2	108.66																																																																
356	yau	yAy			2	146			-2	251.77999999999997	-2	293.65999999999997	-2	289.26							2	294.41999999999996																													2	168.0	2	170.0													2	170.0	2	172.0													2	105.28	2	110.66																																																																
361	Ie	IE			2	148					2	295.65999999999997	2	291.26			-2	232.86	-2	242.94	-2	292.41999999999996																																																																									2	164.0	2	164.0	2	157.8	2	152.86									2	164.0	2	164.0	2	127.58000000000001	2	119.84									2	170.0	2	170.0	2	113.13999999999999	2	102.52000000000001									2	180.0	2	180.0	2	72.56	2	72.57999999999998
364	oii	Oii	2	302	0	148	-2	177.9	-2	249.77999999999997	-2	293.65999999999997	-2	289.26					2	244.94	2	294.41999999999996																																																																																																													2	115.13999999999999	2	104.52000000000001													2	74.56	2	74.57999999999998
367	oiO	oio			2	150	2	179.9	2	251.77999999999997	2	295.65999999999997	2	291.26					-2	242.94	-2	292.41999999999996																																																									-2	115.68	-2	114.53999999999999	-2	103.28	-2	108.66																																			2	160.0			2	170.0			2	172.0							2	164.0			2	176.0			2	182.0				
369	II	Ii			2	152							-2	289.26	2	259.18	2	234.86	2	244.94	2	294.41999999999996																																																																													-2	155.8	-2	150.86													-2	125.58000000000001	-2	117.84													-2	113.13999999999999	-2	102.52000000000001													-2	72.56	-2	72.57999999999998
374	IOO	Ioo			2	154	2	181.9	2	253.77999999999997	2	297.65999999999997	2	291.26					-2	242.94	-2	292.41999999999996																																																																	2	160.0	2	160.0	2	162.0	2	164.0	2	166.0	2	166.0	2	157.8	2	152.86	2	160.0	2	160.0	2	162.0	2	164.0	2	166.0	2	166.0	2	127.58000000000001	2	119.84	2	160.0	2	162.0	2	168.0	2	172.0	2	172.0	2	174.0	2	115.13999999999999	2	104.52000000000001	2	164.0	2	166.0	2	174.0	2	178.0	2	182.0	2	184.0	2	74.56	2	74.57999999999998
375	yau	yAy			2	156			-2	251.77999999999997	-2	295.65999999999997	-2	289.26							2	294.41999999999996																													2	170.0	2	172.0													2	172.0	2	174.0													2	105.28	2	110.66																																																																
376	yoE	yOe			2	158	-2	179.9	-2	249.77999999999997	-2	293.65999999999997	-2	287.26			2	236.86	2	244.94	2	296.41999999999996																							2	158.0	2	164.0	2	166.0	2	172.0	2	174.0							2	158.0	2	164.0	2	166.0	2	174.0	2	176.0							2	132.92	2	117.68	2	116.53999999999999	2	107.28	2	112.66																																																																
379	Iie	IiE			2	160					2	295.65999999999997	2	289.26			-2	234.86	-2	242.94	-2	294.41999999999996																																																					-2	125.53999999999999	-2	130.92	-2	115.68	-2	114.53999999999999	-2	105.28	-2	110.66											2	168.0															2	168.0															2	176.0															2	186.0				
389	oyA	oua			2	162			2	251.77999999999997	2	297.65999999999997	2	291.26							-2	292.41999999999996																																																																																																					2	170.0	2	174.0	2	174.0	2	178.0	2	117.13999999999999	2	106.52000000000001					2	176.0	2	180.0	2	184.0	2	188.0	2	76.56	2	76.57999999999998
390	Eo	eO	2	304	0	162	-2	177.9	-2	249.77999999999997	-2	295.65999999999997	-2	289.26			2	236.86	2	244.94	2	294.41999999999996																																																																																																																																
391	eio	eiO			2	164	-2	175.9	-2	247.77999999999997	-2	293.65999999999997	-2	287.26					2	246.94	2	296.41999999999996																																											2	168.0			2	178.0									2	117.68	2	116.53999999999999	2	107.28	2	112.66																																																																
392	iAi	iai			2	166			2	249.77999999999997	2	295.65999999999997	2	289.26							-2	294.41999999999996																																																													-2	105.28	-2	110.66																																																													-2	74.56	-2	74.57999999999998
394	OIo	OiO			2	168	-2	173.9	-2	247.77999999999997	-2	293.65999999999997	-2	287.26	2	261.18	2	238.86	2	248.94	2	296.41999999999996	2	152.0	2	152.0	2	152.0	2	152.0	2	154.0	2	154.0	2	156.0	2	156.0	2	152.0	2	156.0	2	156.0	2	160.0	2	166.0	2	168.0	2	174.0	2	176.0	2	152.0	2	156.0	2	156.0	2	160.0	2	166.0	2	170.0	2	176.0	2	180.0	2	152.0	2	156.0	2	127.53999999999999	2	132.92	2	119.68	2	118.53999999999999	2	107.28	2	112.66																																																																
396	uAA	uaa			2	170			2	249.77999999999997	2	295.65999999999997	2	289.26							-2	294.41999999999996																																																																																																																					2	178.0	2	182.0	2	186.0	2	190.0	2	76.56	2	76.57999999999998
398	iAO	iao			2	172	2	175.9	2	251.77999999999997	2	297.65999999999997	2	291.26					-2	246.94	-2	292.41999999999996																																																											-2	116.53999999999999	-2	105.28	-2	110.66																																																																
399	II	Ii			2	174							-2	289.26	2	263.18	2	240.86	2	248.94	2	294.41999999999996																																																																													-2	155.8	-2	150.86													-2	125.58000000000001	-2	117.84													-2	115.13999999999999	-2	104.52000000000001													-2	74.56	-2	74.57999999999998
401	OEu	Oey			2	176			-2	249.77999999999997	-2	295.65999999999997	-2	287.26			2	242.86	2	250.94	2	296.41999999999996					2	154.0	2	154.0	2	156.0	2	156.0	2	158.0	2	158.0					2	158.0	2	162.0	2	168.0	2	170.0	2	176.0	2	178.0					2	158.0	2	162.0	2	168.0	2	172.0	2	178.0	2	182.0					2	129.54	2	134.92	2	121.68	2	118.53999999999999	2	107.28	2	112.66																																																																
402	Iiy	Iiu			2	178			2	251.77999999999997	2	297.65999999999997	2	289.26							-2	294.41999999999996																																																													-2	105.28	-2	110.66							2	166.0			2	170.0											2	166.0			2	170.0											2	176.0			2	180.0											2	184.0			2	192.0				
409	aeO	aEo			2	180	2	177.9	2	253.77999999999997	2	299.65999999999997	2	291.26			-2	240.86	-2	248.94	-2	292.41999999999996																																																																																																																			2	168.0			2	186.0	2	188.0	2	194.0	2	76.56	2	76.57999999999998
411	Aao	AAO			2	182	-2	175.9	-2	251.77999999999997	-2	297.65999999999997	-2	289.26					2	250.94	2	294.41999999999996																											2	172.0	2	178.0	2	180.0											2	174.0	2	180.0	2	184.0											2	120.53999999999999	2	107.28	2	112.66																																																																
412	iuo	iyO			2	184	-2	173.9	-2	249.77999999999997	-2	295.65999999999997	-2	287.26					2	252.94	2	296.41999999999996																																																											2	122.53999999999999	2	109.28	2	114.66																																																																
413	ioE	iOe			2	186	-2	171.9	-2	247.77999999999997	-2	293.65999999999997	-2	285.26			2	242.86	2	254.94	2	298.41999999999996																																																							2	136.92	2	123.68	2	124.53999999999999	2	111.28	2	116.66																																																																
414	Aye	auE	2	306	0	186			2	249.77999999999997	2	295.65999999999997	2	287.26			-2	240.86	-2	252.94	-2	296.41999999999996																																																																																																																																
416	IOy	Iou			2	188	2	173.9	2	251.77999999999997	2	297.65999999999997	2	289.26					-2	250.94	-2	294.41999999999996																																																																	2	162.0	2	162.0	2	164.0	2	168.0	2	168.0	2	172.0	2	157.8	2	152.86	2	162.0	2	162.0	2	164.0	2	168.0	2	168.0	2	172.0	2	127.58000000000001	2	119.84	2	162.0	2	164.0	2	172.0	2	178.0	2	176.0	2	182.0	2	117.13999999999999	2	106.52000000000001	2	166.0	2	170.0	2	180.0	2	188.0	2	190.0	2	196.0	2	78.56	2	78.57999999999998
419	aiy	aiu			2	190			2	253.77999999999997	2	299.65999999999997	2	291.26							-2	292.41999999999996																																																													-2	109.28	-2	114.66																																																							2	190.0			2	198.0				
420	yEa	yeA			2	192			-2	251.77999999999997	-2	297.65999999999997	-2	289.26			2	242.86	2	252.94	2	294.41999999999996																					2	160.0	2	164.0	2	170.0	2	174.0	2	180.0	2	182.0					2	160.0	2	164.0	2	170.0	2	176.0	2	182.0	2	186.0					2	131.54	2	138.92	2	125.68	2	126.53999999999999	2	111.28	2	116.66																																																																
421	Aiu	Aiy			2	194			-2	249.77999999999997	-2	295.65999999999997	-2	287.26							2	296.41999999999996																															2	184.0															2	188.0													2	113.28	2	118.66																																																																
422	yEa	yeA			2	196			-2	247.77999999999997	-2	293.65999999999997	-2	285.26			2	244.86	2	254.94	2	298.41999999999996																					2	162.0	2	166.0	2	172.0	2	176.0	2	182.0	2	186.0					2	162.0	2	166.0	2	172.0	2	178.0	2	184.0	2	190.0					2	133.54	2	140.92	2	127.68	2	128.54	2	115.28	2	120.66																																																																
423	aei	aEi			2	198					2	295.65999999999997	2	287.26			-2	242.86	-2	252.94	-2	296.41999999999996																																																																																													-2	125.58000000000001	-2	117.84													-2	115.13999999999999	-2	104.52000000000001									2	192.0	2	200.0			-2	76.57999999999998
425	EyA	Eua			2	200			2	249.77999999999997	2	297.65999999999997	2	289.26							-2	294.41999999999996																																																																																					2	166.0	2	170.0	2	170.0	2	174.0	2	127.58000000000001	2	119.84					2	174.0	2	180.0	2	178.0	2	184.0	2	117.13999999999999	2	106.52000000000001					2	182.0	2	192.0	2	194.0	2	202.0	2	80.56	2	78.57999999999998
426	eio	eiO			2	202	-2	171.9	-2	247.77999999999997	-2	295.65999999999997	-2	287.26					2	254.94	2	296.41999999999996																																											2	180.0			2	192.0									2	129.68	2	130.54	2	117.28	2	122.66																																																																
429	uiy	uiu			2	204			2	249.77999999999997	2	297.65999999999997	2	289.26							-2	294.41999999999996																																																													-2	115.28	-2	120.66																																																							2	194.0			2	204.0				
431	yo	yO			2	206	-2	169.9	-2	247.77999999999997	-2	295.65999999999997	-2	287.26					2	256.94	2	296.41999999999996																									2	174.0	2	178.0	2	184.0	2	188.0									2	174.0	2	182.0	2	186.0	2	194.0									2	131.68	2	132.54	2	117.28	2	122.66																																																																
433	uyO	uuo			2	208	2	171.9	2	249.77999999999997	2	297.65999999999997	2	289.26					-2	254.94	-2	294.41999999999996																																																																																																																			2	172.0	2	184.0	2	196.0	2	196.0	2	206.0	2	82.56	2	80.57999999999998
435	yiu	yiy			2	210			-2	247.77999999999997	-2	295.65999999999997	-2	287.26							2	296.41999999999996																															2	190.0															2	196.0													2	119.28	2	124.66																																																																
436	Aa	AA			2	212			-2	245.77999999999997	-2	293.65999999999997	-2	285.26							2	298.41999999999996																													2	186.0	2	192.0													2	188.0	2	198.0													2	121.28	2	126.66																																																																
437	uAA	uaa			2	214			2	247.77999999999997	2	295.65999999999997	2	287.26							-2	296.41999999999996																																																																																																																					2	186.0	2	198.0	2	198.0	2	208.0	2	84.56	2	82.57999999999998
439	uOe	uoE			2	216	2	173.9	2	249.77999999999997	2	297.65999999999997	2	289.26			-2	240.86	-2	252.94	-2	294.41999999999996																																																																																																																	2	168.0	2	174.0	2	188.0	2	200.0	2	200.0	2	210.0	2	86.56	2	84.57999999999998
441	Iie	IiE			2	218					2	299.65999999999997	2	291.26			-2	238.86	-2	250.94	-2	292.41999999999996																																																					-2	131.54	-2	138.92	-2	129.68	-2	130.54	-2	119.28	-2	124.66											2	174.0															2	176.0															2	186.0															2	212.0				
442	AoE	AOe			2	220	-2	171.9	-2	247.77999999999997	-2	297.65999999999997	-2	289.26			2	240.86	2	252.94	2	294.41999999999996																							2	168.0	2	176.0	2	180.0	2	188.0	2	194.0							2	168.0	2	176.0	2	184.0	2	190.0	2	200.0							2	140.92	2	131.68	2	132.54	2	121.28	2	126.66																																																																
443	uiO	uio			2	222	2	173.9	2	249.77999999999997	2	299.65999999999997	2	291.26					-2	250.94	-2	292.41999999999996																																																									-2	129.68	-2	130.54	-2	119.28	-2	124.66																																																			2	176.0			2	202.0			2	214.0				
445	OEE	Oee			2	224					-2	297.65999999999997	-2	289.26			2	242.86	2	252.94	2	294.41999999999996					2	156.0	2	156.0	2	158.0	2	158.0	2	160.0	2	160.0					2	164.0	2	170.0	2	178.0	2	182.0	2	190.0	2	196.0					2	164.0	2	170.0	2	178.0	2	186.0	2	192.0	2	202.0					2	133.54	2	142.92	2	131.68	2	132.54	2	121.28	2	126.66																																																																
447	Aui	Ayi			2	226			-2	247.77999999999997	-2	295.65999999999997	-2	287.26							2	296.41999999999996																													2	192.0	2	198.0													2	194.0	2	204.0													2	123.28	2	128.66																																																													2	88.56	2	86.57999999999998
448	OE	Oe			2	228					-2	293.65999999999997	-2	285.26			2	244.86	2	254.94	2	298.41999999999996					2	158.0	2	158.0	2	160.0	2	160.0	2	162.0	2	162.0					2	166.0	2	172.0	2	180.0	2	184.0	2	194.0	2	200.0					2	166.0	2	172.0	2	180.0	2	188.0	2	196.0	2	206.0					2	135.54	2	144.92	2	133.68	2	134.54	2	125.28	2	130.66																																																																
455	ieO	iEo			2	230	2	175.9	2	249.77999999999997	2	295.65999999999997	2	287.26			-2	242.86	-2	252.94	-2	296.41999999999996																																																					-2	133.54	-2	142.92	-2	131.68	-2	132.54	-2	123.28	-2	128.66																																																																
456	oyO	ouo			2	232	2	177.9	2	251.77999999999997	2	297.65999999999997	2	289.26					-2	250.94	-2	294.41999999999996																																																																																																			2	166.0	2	176.0	2	182.0	2	180.0	2	188.0	2	119.13999999999999	2	108.52000000000001			2	178.0	2	190.0	2	204.0	2	202.0	2	216.0	2	90.56	2	88.57999999999998
464	iio	iiO			2	234	-2	175.9	-2	249.77999999999997	-2	295.65999999999997	-2	287.26					2	252.94	2	296.41999999999996																																																									2	133.68	2	134.54	2	125.28	2	130.66																																																																
466	IO	Io			2	236	2	177.9	2	251.77999999999997	2	297.65999999999997	2	289.26					-2	250.94	-2	294.41999999999996																																																																	2	164.0	2	164.0	2	166.0	2	170.0	2	170.0	2	176.0	2	159.8	2	154.86	2	164.0	2	164.0	2	168.0	2	172.0	2	172.0	2	178.0	2	129.58	2	121.84	2	164.0	2	168.0	2	178.0	2	184.0	2	182.0	2	190.0	2	121.13999999999999	2	110.52000000000001	2	170.0	2	180.0	2	192.0	2	206.0	2	204.0	2	218.0	2	92.56	2	90.57999999999998
467	AEE	Aee			2	238					-2	295.65999999999997	-2	287.26			2	244.86	2	252.94	2	296.41999999999996																					2	168.0	2	174.0	2	182.0	2	186.0	2	196.0	2	202.0					2	168.0	2	174.0	2	182.0	2	190.0	2	198.0	2	208.0					2	135.54	2	144.92	2	135.68	2	136.54	2	127.28	2	132.66																																																																
468	OEo	OeO			2	240	-2	175.9	-2	249.77999999999997	-2	293.65999999999997	-2	285.26			2	246.86	2	254.94	2	298.41999999999996					2	160.0	2	160.0	2	162.0	2	162.0	2	164.0	2	164.0					2	170.0	2	176.0	2	184.0	2	188.0	2	198.0	2	204.0					2	170.0	2	176.0	2	184.0	2	192.0	2	200.0	2	210.0					2	137.54	2	146.92	2	137.68	2	138.54	2	129.28	2	134.66																																																																
469	IAy	Iau			2	242			2	251.77999999999997	2	295.65999999999997	2	287.26							-2	296.41999999999996																																																																					2	168.0	2	172.0	2	172.0	2	178.0	2	161.8	2	156.86					2	170.0	2	174.0	2	174.0	2	180.0	2	131.58	2	123.84					2	180.0	2	186.0	2	184.0	2	192.0	2	123.13999999999999	2	112.52000000000001					2	194.0	2	208.0	2	206.0	2	220.0	2	94.56	2	92.57999999999998
471	aei	aEi			2	244					2	297.65999999999997	2	289.26			-2	244.86	-2	252.94	-2	294.41999999999996																																																																																													-2	129.58	-2	121.84													-2	121.13999999999999	-2	110.52000000000001									2	208.0	2	222.0			-2	90.57999999999998
475	Auu	Ayy			2	246			-2	249.77999999999997	-2	295.65999999999997	-2	287.26							2	296.41999999999996																													2	200.0	2	206.0													2	202.0	2	212.0													2	131.28	2	136.66																																																																
476	yEu	yey			2	248			-2	247.77999999999997	-2	293.65999999999997	-2	285.26			2	246.86	2	254.94	2	298.41999999999996																					2	172.0	2	178.0	2	186.0	2	190.0	2	202.0	2	208.0					2	172.0	2	178.0	2	186.0	2	194.0	2	204.0	2	214.0					2	139.54	2	148.92	2	139.68	2	140.54	2	133.28	2	138.66																																																																
478	iyi	iui			2	250			2	249.77999999999997	2	295.65999999999997	2	287.26							-2	296.41999999999996																																																													-2	131.28	-2	136.66																																																													-2	92.56	-2	88.57999999999998
479	Ouu	Oyy			2	252			-2	247.77999999999997	-2	293.65999999999997	-2	285.26							2	298.41999999999996													2	166.0	2	166.0													2	204.0	2	210.0													2	206.0	2	216.0													2	133.28	2	138.66																																																																
480	IO	Io			2	254	2	177.9	2	249.77999999999997	2	295.65999999999997	2	287.26					-2	252.94	-2	296.41999999999996																																																																	2	166.0	2	166.0	2	170.0	2	174.0	2	174.0	2	180.0	2	163.8	2	158.86	2	166.0	2	166.0	2	172.0	2	176.0	2	176.0	2	182.0	2	131.58	2	123.84	2	166.0	2	170.0	2	182.0	2	188.0	2	186.0	2	194.0	2	123.13999999999999	2	112.52000000000001	2	172.0	2	182.0	2	196.0	2	210.0	2	210.0	2	224.0	2	94.56	2	90.57999999999998
481	EAe	EaE			2	256			2	251.77999999999997	2	297.65999999999997	2	289.26			-2	244.86	-2	250.94	-2	294.41999999999996																																																																																					2	174.0	2	178.0	2	178.0	2	184.0	2	133.58	2	125.84					2	184.0	2	190.0	2	188.0	2	196.0	2	125.13999999999999	2	114.52000000000001					2	198.0	2	212.0	2	212.0	2	226.0	2	96.56	2	92.57999999999998
483	euE	eye			2	258			-2	249.77999999999997	-2	295.65999999999997	-2	287.26			2	246.86	2	252.94	2	296.41999999999996																																							2	180.0			2	196.0	2	208.0	2	218.0							2	150.92			2	142.54	2	135.28	2	140.66																																																																
491	Ouo	OyO			2	260	-2	175.9	-2	247.77999999999997	-2	293.65999999999997	-2	285.26					2	254.94	2	298.41999999999996											2	164.0	2	168.0	2	168.0											2	192.0	2	206.0	2	212.0											2	198.0	2	210.0	2	220.0											2	144.54	2	137.28	2	142.66																																																																
492	iyO	iuo			2	262	2	177.9	2	249.77999999999997	2	295.65999999999997	2	287.26					-2	252.94	-2	296.41999999999996																																																											-2	142.54	-2	135.28	-2	140.66																																																																
496	uei	uEi			2	264					2	297.65999999999997	2	289.26			-2	244.86	-2	250.94	-2	294.41999999999996																																																																																													-2	131.58	-2	123.84													-2	123.13999999999999	-2	112.52000000000001									2	214.0	2	228.0			-2	90.57999999999998
497	iu	iy			2	266			-2	247.77999999999997	-2	295.65999999999997	-2	287.26							2	296.41999999999996																																																													2	137.28	2	142.66																																																																
499	AEi	Aei			2	268					-2	293.65999999999997	-2	285.26			2	246.86	2	252.94	2	298.41999999999996																					2	174.0	2	180.0	2	188.0	2	194.0	2	208.0	2	214.0					2	174.0	2	182.0	2	188.0	2	200.0	2	212.0	2	222.0					2	141.54	2	152.92	2	141.68	2	144.54	2	139.28	2	144.66																													2	133.58	2	125.84													2	125.13999999999999	2	114.52000000000001													2	98.56	2	92.57999999999998
501	aOA	aoa			2	270	2	179.9	2	249.77999999999997	2	295.65999999999997	2	287.26					-2	250.94	-2	296.41999999999996																																																																																																																	2	174.0	2	184.0	2	200.0	2	214.0	2	216.0	2	230.0	2	100.56	2	94.57999999999998
502	iyi	iui			2	272			2	251.77999999999997	2	297.65999999999997	2	289.26							-2	294.41999999999996																																																													-2	137.28	-2	142.66																																																													-2	98.56	-2	92.57999999999998
505	ioo	iOO			2	274	-2	177.9	-2	249.77999999999997	-2	295.65999999999997	-2	287.26					2	252.94	2	296.41999999999996																																																									2	143.68	2	146.54	2	139.28	2	144.66																																																																
507	AEE	Aee			2	276					-2	293.65999999999997	-2	285.26			2	248.86	2	254.94	2	298.41999999999996																					2	176.0	2	182.0	2	190.0	2	196.0	2	210.0	2	216.0					2	176.0	2	184.0	2	190.0	2	202.0	2	214.0	2	224.0					2	143.54	2	154.92	2	145.68	2	148.54	2	141.28	2	146.66																																																																
508	IOi	Ioi			2	278	2	179.9	2	251.77999999999997	2	295.65999999999997	2	287.26					-2	252.94	-2	296.41999999999996																																																																	2	168.0	2	168.0	2	172.0	2	176.0	2	176.0	2	182.0	2	165.8			2	168.0	2	168.0	2	176.0	2	180.0	2	180.0	2	186.0	2	135.58			2	168.0	2	172.0	2	186.0	2	192.0	2	190.0	2	198.0			-2	112.52000000000001	2	176.0	2	186.0	2	202.0	2	216.0	2	218.0	2	232.0			-2	90.57999999999998
509	EiA	Eia			2	280			2	253.77999999999997	2	297.65999999999997	2	289.26							-2	294.41999999999996																																																													-2	139.28	-2	144.66																							2	182.0			2	188.0											2	194.0			2	200.0											2	218.0			2	234.0				
511	OE	Oe			2	282					-2	295.65999999999997	-2	287.26			2	250.86	2	254.94	2	296.41999999999996					2	162.0	2	162.0	2	164.0	2	166.0	2	170.0	2	170.0					2	178.0	2	184.0	2	192.0	2	198.0	2	212.0	2	218.0					2	178.0	2	186.0	2	192.0	2	204.0	2	216.0	2	226.0					2	145.54	2	156.92	2	147.68	2	150.54	2	141.28	2	146.66																																																																
512	iai	iAi			2	284			-2	251.77999999999997	-2	293.65999999999997	-2	285.26							2	298.41999999999996																																																													2	143.28	2	148.66																																																													2	100.56	2	92.57999999999998
514	IOi	Ioi			2	286	2	181.9	2	253.77999999999997	2	295.65999999999997	2	287.26					-2	252.94	-2	296.41999999999996																																																																	2	170.0	2	170.0	2	174.0	2	178.0	2	178.0	2	184.0	2	167.8			2	170.0	2	170.0	2	178.0	2	184.0	2	182.0	2	190.0	2	137.58			2	170.0	2	174.0	2	188.0	2	196.0	2	192.0	2	202.0			-2	110.52000000000001	2	178.0	2	188.0	2	204.0	2	220.0	2	220.0	2	236.0			-2	90.57999999999998
517	Ou	Oy			2	288			-2	251.77999999999997	-2	293.65999999999997	-2	285.26							2	298.41999999999996													2	172.0	2	172.0													2	214.0	2	220.0													2	218.0	2	228.0													2	145.28	2	150.66																																																																
519	Iye	IuE			2	290			2	253.77999999999997	2	295.65999999999997	2	287.26			-2	248.86	-2	250.94	-2	296.41999999999996																																																																					2	176.0	2	180.0	2	180.0	2	186.0	2	169.8	2	160.86					2	180.0	2	186.0	2	184.0	2	192.0	2	139.58	2	127.84					2	190.0	2	198.0	2	194.0	2	204.0	2	127.13999999999999	2	112.52000000000001					2	206.0	2	222.0	2	222.0	2	238.0	2	102.56	2	92.57999999999998
521	aOi	aoi			2	292	2	183.9	2	255.77999999999997	2	297.65999999999997	2	289.26					-2	248.94	-2	294.41999999999996																																																																																																													-2	125.13999999999999	-2	110.52000000000001	2	180.0	2	190.0	2	208.0	2	224.0	2	224.0	2	240.0			-2	90.57999999999998
523	OE	Oe			2	294					-2	295.65999999999997	-2	287.26			2	250.86	2	250.94	2	296.41999999999996					2	164.0	2	164.0	2	166.0	2	168.0	2	174.0	2	174.0					2	180.0	2	186.0	2	194.0	2	200.0	2	216.0	2	222.0					2	180.0	2	188.0	2	194.0	2	206.0	2	220.0	2	230.0					2	147.54	2	158.92	2	149.68	2	152.54	2	147.28	2	152.66																																																																
525	yEu	yey			2	296			-2	253.77999999999997	-2	293.65999999999997	-2	285.26			2	252.86	2	252.94	2	298.41999999999996																					2	182.0	2	188.0	2	196.0	2	202.0	2	218.0	2	224.0					2	182.0	2	190.0	2	196.0	2	208.0	2	222.0	2	232.0					2	149.54	2	160.92	2	151.68	2	154.54	2	149.28	2	154.66																																																																
526	EAO	Eao			2	298	2	185.9	2	255.77999999999997	2	295.65999999999997	2	287.26					-2	250.94	-2	296.41999999999996																																																																																			2	172.0	2	182.0	2	188.0	2	186.0	2	194.0	2	141.58	2	129.84			2	176.0	2	192.0	2	200.0	2	196.0	2	206.0	2	127.13999999999999	2	112.52000000000001			2	192.0	2	210.0	2	226.0	2	226.0	2	242.0	2	104.56	2	92.57999999999998
526	Apriori	Id(Bk)Syl1>>Id(Bk)	2	308																																																																																																																																																			
541	Eiy	Eiu			2	300			2	257.78	2	297.65999999999997	2	289.26							-2	294.41999999999996																																																													-2	147.28	-2	152.66																							2	190.0			2	196.0											2	202.0			2	208.0											2	228.0			2	244.0				
541	Apriori	Id(Bk)Syl1>>Id(Bk)	2	310																																																																																																																																																			
542	Aua	AyA			2	302			-2	255.77999999999997	-2	295.65999999999997	-2	287.26							2	296.41999999999996																													2	220.0	2	226.0													2	224.0	2	234.0													2	149.28	2	154.66																																																																
542	Apriori	Id(Bk)Syl1>>Id(Bk)	2	312																																																																																																																																																			
620	Iey	IEu			2	304			2	257.78	2	297.65999999999997	2	289.26			-2	250.86	-2	248.94	-2	294.41999999999996																																																																							2	182.0	2	182.0	2	188.0	2	171.8	2	162.86							2	192.0	2	188.0	2	198.0	2	143.58	2	131.84							2	204.0	2	198.0	2	210.0	2	129.14	2	114.52000000000001							2	230.0	2	228.0	2	246.0	2	106.56	2	94.57999999999998
620	Apriori	Id(Bk)Syl1>>Id(Bk)	2	314																																																																																																																																																			
1077	Oou	OOy			2	306	-2	183.9	-2	255.77999999999997	-2	295.65999999999997	-2	287.26					2	250.94	2	296.41999999999996									2	168.0	2	170.0	2	176.0	2	176.0									2	198.0	2	204.0	2	222.0	2	228.0									2	198.0	2	210.0	2	226.0	2	236.0									2	153.68	2	156.54	2	151.28	2	156.66																																																																
1077	Apriori	Id(Bk)Syl1>>Id(Bk)	2	316																																																																																																																																																			
4276	aAe	aaE			2	308			2	257.78	2	297.65999999999997	2	289.26			-2	248.86	-2	248.94	-2	294.41999999999996																																																																																																																					2	212.0	2	232.0	2	230.0	2	248.0	2	108.56	2	96.57999999999998
4276	Apriori	Id(Bk)Syl1>>Id(Bk)	2	318																																																																																																																																																			
6049	AE	Ae			0.2	308.2					-0.2	297.46	-0.2	289.06			0.2	249.06	0.2	249.14	0.2	294.61999999999995																					0.2	182.2	0.2	188.2	0.2	198.2	0.2	204.2	0.2	222.2	0.2	228.2					0.2	182.2	0.2	190.2	0.2	198.2	0.2	210.2	0.2	226.2	0.2	236.2					0.2	149.73999999999998	0.2	161.11999999999998	0.2	153.88	0.2	156.73999999999998	0.2	151.48	0.2	156.85999999999999																																																																
6049	Apriori	Id(Bk)Syl1>>Id(Bk)	0.19999999999998863	318.2																																																																																																																																																			
TOTAL				318.2		308.2		183.9		257.78		297.46		289.06		263.18		249.06		249.14		294.61999999999995		152.0		152.0		164.0		164.0		168.0		170.0		176.0		176.0		152.0		156.0		182.2		188.2		198.2		204.2		222.2		228.2		152.0		156.0		182.2		190.2		198.2		210.2		226.2		236.2		152.0		156.0		149.73999999999998		161.11999999999998		153.88		156.73999999999998		151.48		156.85999999999999		170.0		170.0		176.0		182.0		182.0		188.0		171.8		162.86		170.0		172.0		182.0		192.0		188.0		198.0		143.58		131.84		170.0		176.0		192.0		204.0		198.0		210.0		129.14		114.52000000000001		180.0		192.0		212.0		232.0		230.0		248.0		108.56		96.57999999999998
