trialnum	Generated	Heard	Id(Bk)Syl1	now	Id(Bk)	now	*F1	now	*F3	now	*F4	now	*F5	now	*B1	now	*B2	now	*B3	now	*B5	now	*F1_B1	now	*F1..._B1	now	*F1_B2	now	*F1..._B2	now	*F1_B3	now	*F1..._B3	now	*F1_B5	now	*F1..._B5	now	*F3_B1	now	*F3..._B1	now	*F3_B2	now	*F3..._B2	now	*F3_B3	now	*F3..._B3	now	*F3_B5	now	*F3..._B5	now	*F4_B1	now	*F4..._B1	now	*F4_B2	now	*F4..._B2	now	*F4_B3	now	*F4..._B3	now	*F4_B5	now	*F4..._B5	now	*F5_B1	now	*F5..._B1	now	*F5_B2	now	*F5..._B2	now	*F5_B3	now	*F5..._B3	now	*F5_B5	now	*F5..._B5	now	*_B1F1	now	*_B1...F1	now	*_B1F3	now	*_B1...F3	now	*_B1F4	now	*_B1...F4	now	*_B1F5	now	*_B1...F5	now	*_B2F1	now	*_B2...F1	now	*_B2F3	now	*_B2...F3	now	*_B2F4	now	*_B2...F4	now	*_B2F5	now	*_B2...F5	now	*_B3F1	now	*_B3...F1	now	*_B3F3	now	*_B3...F3	now	*_B3F4	now	*_B3...F4	now	*_B3F5	now	*_B3...F5	now	*_B5F1	now	*_B5...F1	now	*_B5F3	now	*_B5...F3	now	*_B5F4	now	*_B5...F4	now	*_B5F5	now	*_B5...F5	now
				0		0		100		140		160		180		100		120		140		180		100		100		120		120		140		140		180		180		140		140		140		140		140		140		180		180		160		160		160		160		160		160		180		180		180		180		180		180		180		180		180		180		100		100		140		140		160		160		180		180		120		120		140		140		160		160		180		180		140		140		140		140		160		160		180		180		180		180		180		180		180		180		180		180
0	Apriori	Id(Bk)Syl1>>Id(Bk)	30	30																																																																																																																																																		
1	Iaa	iaa	2	32	2	2							-2	178	2	102	2	122	2	142	2	182																																																													-2	178	-2	178																																																																
2	yy	uu	2	34	2	4			2	142	2	162	2	180							-2	180																																																																																																																																
4	OOe	ooe	2	36	2	6	2	102	2	144	2	164	2	182					-2	140	-2	178																																																																																																									-2	158	-2	158	-2	178	-2	178									-2	178	-2	178	-2	178	-2	178
5	oou	OOy	2	38	2	8	-2	100	-2	142	-2	162	-2	180					2	142	2	180																																																																																																																																
6	Oei	oei	2	40	2	10	2	102	2	144	2	164	2	182					-2	140	-2	178																																																																																																									-2	156	-2	156	-2	176	-2	176									-2	176	-2	176	-2	176	-2	176
7	uIu	uiu			2	12							-2	180	2	104	2	124	2	142	2	180																																																													-2	176	-2	176																																																													-2	174	-2	174
7	Apriori	Id(Bk)Syl1>>Id(Bk)	2	42																																																																																																																																																			
8	uE	ue			2	14					-2	162	-2	178			2	126	2	144	2	182																																																																																																																									-2	174	-2	174	-2	172	-2	172
8	Apriori	Id(Bk)Syl1>>Id(Bk)	2	44																																																																																																																																																			
11	Aey	aeu	2	46	2	16			2	146	2	164	2	180							-2	180																																													-2	178	-2	178													-2	174	-2	174																																																									-2	172	-2	172	-2	170	-2	170
14	yAe	uae	2	48	2	18			2	148	2	166	2	182							-2	178																																																																																																																									-2	170	-2	170	-2	168	-2	168
15	EIo	eio	2	50	2	20					-2	164	-2	180	2	106	2	128	2	146	2	180																																											-2	158			-2	176									-2	178	-2	178	-2	172	-2	172																																																																
16	Iou	iOy	2	52	2	22	-2	100	-2	146	-2	162	-2	178	2	108	2	130	2	148	2	182																																																																																																																																
19	Oey	oeu	2	54	2	24	2	102	2	148	2	164	2	180					-2	146	-2	180																																													-2	176	-2	174													-2	170	-2	170																																									-2	154	-2	154	-2	174	-2	174									-2	168	-2	168	-2	166	-2	166
21	uEa	uea			2	26					-2	162	-2	178			2	132	2	148	2	182																																													-2	174	-2	172													-2	168	-2	168																																																									-2	166	-2	166	-2	164	-2	164
21	Apriori	Id(Bk)Syl1>>Id(Bk)	2	56																																																																																																																																																			
22	yeA	uea	2	58	2	28			2	150	2	164	2	180							-2	180																																													-2	172	-2	170													-2	166	-2	166																																																									-2	164	-2	164	-2	162	-2	162
24	aIE	Aie	2	60	2	30			-2	148	-2	162	-2	178	2	110	2	134	2	150	2	182																																																																																																																																
26	OeA	oea	2	62	2	32	2	104	2	150	2	164	2	180					-2	148	-2	180																																													-2	170	-2	168													-2	164	-2	164																																									-2	152	-2	152	-2	172	-2	172									-2	162	-2	162	-2	160	-2	160
27	yi	ui	2	64	2	34			2	152	2	166	2	182							-2	178																																																																																																																													-2	158	-2	158
28	EIo	eiO	2	66	2	36	-2	102	-2	150	-2	164	-2	180	2	112	2	136	2	150	2	180																																																																																																																																
30	auE	Aye	2	68	2	38			-2	148	-2	162	-2	178			2	138	2	152	2	182																																																																																																																																
33	eOA	eoa			2	40	2	104	2	150	2	164	2	180					-2	150	-2	180																																									-2	158	-2	156	-2	168	-2	166									-2	176	-2	176	-2	162	-2	162																																																																
33	Apriori	Id(Bk)Syl1>>Id(Bk)	2	70																																																																																																																																																			
34	eOy	eou			2	42	2	106	2	152	2	166	2	182					-2	148	-2	178																																									-2	156	-2	154	-2	166	-2	164									-2	174	-2	174	-2	160	-2	160																																																																
34	Apriori	Id(Bk)Syl1>>Id(Bk)	2	72																																																																																																																																																			
37	ouI	oui			2	44							-2	180	2	114	2	140	2	150	2	180																																																																																																															-2	170													-2	156	-2	156
37	Apriori	Id(Bk)Syl1>>Id(Bk)	2	74																																																																																																																																																			
38	aI	Ai	2	76	2	46			-2	150	-2	164	-2	178	2	116	2	142	2	152	2	182																																																																																																																																
39	Euu	eyy	2	78	2	48			-2	148	-2	162	-2	176			2	144	2	154	2	184																																																																																																																																
40	eey	eeu			2	50			2	150	2	164	2	178							-2	182																																													-2	164	-2	162													-2	158	-2	158																																																																
40	Apriori	Id(Bk)Syl1>>Id(Bk)	2	80																																																																																																																																																			
41	uaE	uae			2	52					-2	162	-2	176			2	146	2	156	2	184																																																																																																																									-2	160	-2	160	-2	154	-2	154
41	Apriori	Id(Bk)Syl1>>Id(Bk)	2	82																																																																																																																																																			
42	OAO	oao	2	84	2	54	2	108	2	152	2	164	2	178					-2	154	-2	182																																																																																																																																
43	yAi	uai	2	86	2	56			2	154	2	166	2	180							-2	180																																																																																																																													-2	152	-2	152
44	ou	Oy	2	88	2	58	-2	106	-2	152	-2	164	-2	178					2	156	2	182																																																																																																																																
45	AOe	aoe	2	90	2	60	2	108	2	154	2	166	2	180					-2	154	-2	180																																																																																																									-2	150	-2	150	-2	170	-2	168									-2	158	-2	158	-2	150	-2	150
47	aIu	Aiy	2	92	2	62			-2	152	-2	164	-2	178	2	118	2	148	2	156	2	182																																																																																																																																
48	AyO	auo	2	94	2	64	2	110	2	154	2	166	2	180					-2	154	-2	180																																																																																																																																
50	oIo	OiO	2	96	2	66	-2	108	-2	152	-2	164	-2	178	2	120	2	150	2	156	2	182																																																																																																																																
53	iyA	iua			2	68			2	154	2	166	2	180							-2	180																																																													-2	156	-2	156																																																																
53	Apriori	Id(Bk)Syl1>>Id(Bk)	2	98																																																																																																																																																			
54	aaa	AAA	2	100	2	70			-2	152	-2	164	-2	178							2	182																																																																																																																																
56	yi	ui	2	102	2	72			2	154	2	166	2	180							-2	180																																																																																																																													-2	148	-2	148
57	Ea	eA	2	104	2	74			-2	152	-2	164	-2	178			2	152	2	158	2	182																																																																																																																																
59	AOy	aou	2	106	2	76	2	110	2	154	2	166	2	180					-2	156	-2	180																																																																																																																																
60	IuI	iyi	2	108	2	78			-2	152	-2	164	-2	178	2	122	2	154	2	158	2	182																																																																																																																																
64	iOe	ioe			2	80	2	112	2	154	2	166	2	180					-2	156	-2	180																																																									-2	172	-2	172	-2	154	-2	154																																									-2	148	-2	148	-2	168	-2	166									-2	156	-2	156	-2	146	-2	146
64	Apriori	Id(Bk)Syl1>>Id(Bk)	2	110																																																																																																																																																			
65	Oiy	oiu	2	112	2	82	2	114	2	156	2	168	2	182					-2	154	-2	178																																																													-2	152	-2	152																																													-2	166	-2	164													-2	144	-2	144
66	aEu	aeu			2	84					-2	166	-2	180			2	156	2	156	2	180																																													-2	162	-2	160													-2	150	-2	150																																																									-2	154	-2	154	-2	142	-2	142
66	Apriori	Id(Bk)Syl1>>Id(Bk)	2	114																																																																																																																																																			
67	aIa	AiA	2	116	2	86			-2	154	-2	164	-2	178	2	124	2	158	2	158	2	182																																																																																																																																
69	yOe	uoe	2	118	2	88	2	116	2	156	2	166	2	180					-2	156	-2	180																																																																																																									-2	146	-2	146	-2	164	-2	162									-2	152	-2	152	-2	140	-2	140
70	AOO	aoo	2	120	2	90	2	118	2	158	2	168	2	182					-2	154	-2	178																																																																																																																																
71	uuI	yyi	2	122	2	92			-2	156	-2	166	-2	180	2	126	2	160	2	156	2	180																																																																																																																																
72	auI	aui			2	94							-2	178	2	128	2	162	2	158	2	182																																																																																																																													-2	138	-2	138
72	Apriori	Id(Bk)Syl1>>Id(Bk)	2	124																																																																																																																																																			
75	OAy	oau	2	126	2	96	2	120	2	158	2	168	2	180					-2	156	-2	180																																																																																																																																
77	oIu	Oiy	2	128	2	98	-2	118	-2	156	-2	166	-2	178	2	130	2	164	2	158	2	182																																																																																																																																
78	Ioo	ioo	2	130	2	100							-2	176	2	132	2	166	2	160	2	184																																																									-2	170	-2	170	-2	148	-2	148																																																																
79	Aiy	aiu	2	132	2	102			2	158	2	168	2	178							-2	182																																																													-2	146	-2	146																																																													-2	136	-2	136
81	AiA	aia	2	134	2	104			2	160	2	170	2	180							-2	180																																																													-2	144	-2	144																																																													-2	134	-2	134
84	auE	aue			2	106					-2	168	-2	178			2	168	2	162	2	182																																																																																																																									-2	150	-2	150	-2	132	-2	132
84	Apriori	Id(Bk)Syl1>>Id(Bk)	2	136																																																																																																																																																			
86	Ioo	ioo	2	138	2	108							-2	176	2	134	2	170	2	164	2	184																																																									-2	168	-2	168	-2	142	-2	142																																																																
88	eOe	eoe			2	110	2	120	2	162	2	170	2	178					-2	162	-2	182																																									-2	154	-2	152	-2	160	-2	158									-2	166	-2	166	-2	140	-2	140																																									-2	144	-2	144	-2	162	-2	160									-2	148	-2	148	-2	130	-2	130
88	Apriori	Id(Bk)Syl1>>Id(Bk)	2	140																																																																																																																																																			
93	OyO	ouo	2	142	2	112	2	122	2	164	2	172	2	180					-2	160	-2	180																																																																																																																																
94	Ia	ia	2	144	2	114							-2	178	2	136	2	172	2	162	2	182																																																													-2	138	-2	138																																																																
100	yyi	uui	2	146	2	116			2	166	2	174	2	180							-2	180																																																																																																																													-2	128	-2	128
102	auo	AyO	2	148	2	118	-2	120	-2	164	-2	172	-2	178					2	164	2	182																																																																																																																																
104	yOe	uoe	2	150	2	120	2	122	2	166	2	174	2	180					-2	162	-2	180																																																																																																									-2	142	-2	142	-2	160	-2	158									-2	146	-2	146	-2	126	-2	126
105	uoE	uoe			2	122					-2	172	-2	178			2	174	2	164	2	182																																																																																																									-2	140	-2	140	-2	158	-2	156									-2	144	-2	144	-2	124	-2	124
105	Apriori	Id(Bk)Syl1>>Id(Bk)	2	152																																																																																																																																																			
106	yAe	uae	2	154	2	124			2	168	2	174	2	180							-2	180																																																																																																																									-2	142	-2	142	-2	122	-2	122
107	IEo	ieO	2	156	2	126	-2	120	-2	166	-2	172	-2	178	2	138	2	176	2	166	2	182																																																																																																																																
108	uu	yy	2	158	2	128			-2	164	-2	170	-2	176							2	184																																																																																																																																
110	iyy	iuu			2	130			2	166	2	172	2	178							-2	182																																																													-2	136	-2	136																																																																
110	Apriori	Id(Bk)Syl1>>Id(Bk)	2	160																																																																																																																																																			
114	ey	eu			2	132			2	168	2	174	2	180							-2	180																																													-2	158	-2	156													-2	134	-2	134																																																																
114	Apriori	Id(Bk)Syl1>>Id(Bk)	2	162																																																																																																																																																			
117	uo	yO	2	164	2	134	-2	118	-2	166	-2	172	-2	178					2	168	2	182																																																																																																																																
118	iey	ieu			2	136			2	168	2	174	2	180							-2	180																																													-2	156	-2	154													-2	132	-2	132																																																																
118	Apriori	Id(Bk)Syl1>>Id(Bk)	2	166																																																																																																																																																			
121	IEE	iee	2	168	2	138					-2	172	-2	178	2	140	2	178	2	170	2	182																																																																																																																																
127	Aei	aei	2	170	2	140			2	170	2	174	2	180							-2	180																																																																																																																									-2	140	-2	140	-2	120	-2	120
128	OyO	ouo	2	172	2	142	2	120	2	172	2	176	2	182					-2	168	-2	178																																																																																																																																
129	Eou	eOy	2	174	2	144	-2	118	-2	170	-2	174	-2	180			2	180	2	170	2	180																																																																																																																																
130	IuI	iui	2	176	2	146							-2	178	2	142	2	182	2	172	2	182																																																													-2	130	-2	130																																																													-2	118	-2	118
131	yey	ueu	2	178	2	148			2	172	2	176	2	180							-2	180																																													-2	154	-2	152													-2	128	-2	128																																																									-2	138	-2	138	-2	116	-2	116
132	yAe	uae	2	180	2	150			2	174	2	178	2	182							-2	178																																																																																																																									-2	136	-2	136	-2	114	-2	114
134	yu	yy			2	152			-2	172	-2	176	-2	180							2	180																													2	182	2	182													2	156	2	154													2	130	2	130																																																																
134	Apriori	Id(Bk)Syl1>>Id(Bk)	2	182																																																																																																																																																			
136	ey	eu			2	154			2	174	2	178	2	182							-2	178																																													-2	154	-2	152													-2	128	-2	128																																																																
136	Apriori	Id(Bk)Syl1>>Id(Bk)	2	184																																																																																																																																																			
139	iao	iAO			2	156	-2	116	-2	172	-2	176	-2	180					2	174	2	180																																																											2	168	2	130	2	130																																																																
139	Apriori	Id(Bk)Syl1>>Id(Bk)	2	186																																																																																																																																																			
141	ya	yA			2	158			-2	170	-2	174	-2	178							2	182																													2	184	2	184													2	156	2	154													2	132	2	132																																																																
141	Apriori	Id(Bk)Syl1>>Id(Bk)	2	188																																																																																																																																																			
142	eiO	eio			2	160	2	118	2	172	2	176	2	180					-2	172	-2	180																																											-2	150			-2	152									-2	164	-2	166	-2	130	-2	130																																																																
142	Apriori	Id(Bk)Syl1>>Id(Bk)	2	190																																																																																																																																																			
143	eAy	eau			2	162			2	174	2	178	2	182							-2	178																																													-2	154	-2	150													-2	128	-2	128																																																																
143	Apriori	Id(Bk)Syl1>>Id(Bk)	2	192																																																																																																																																																			
144	yea	yeA			2	164			-2	172	-2	176	-2	180							2	180																															2	186													2	156	2	152													2	130	2	130																																																																
144	Apriori	Id(Bk)Syl1>>Id(Bk)	2	194																																																																																																																																																			
145	iOO	ioo			2	166	2	120	2	174	2	178	2	182					-2	170	-2	178																																																									-2	162	-2	164	-2	128	-2	128																																																																
145	Apriori	Id(Bk)Syl1>>Id(Bk)	2	196																																																																																																																																																			
147	iaa	iAA			2	168			-2	172	-2	176	-2	180							2	180																																																													2	130	2	130																																																																
147	Apriori	Id(Bk)Syl1>>Id(Bk)	2	198																																																																																																																																																			
150	oEo	oeo			2	170					-2	174	-2	178			2	184	2	172	2	182																																									-2	152	-2	148	-2	154	-2	150									-2	160	-2	162	-2	128	-2	128																																									-2	138	-2	138	-2	156	-2	154									-2	134	-2	134	-2	112	-2	112
150	Apriori	Id(Bk)Syl1>>Id(Bk)	2	200																																																																																																																																																			
158	oOy	oou			2	172	2	122	2	174	2	176	2	180					-2	170	-2	180																																																																																																	2	142	2	142	2	142	2	142	2	140	2	140	2	158	2	156	2	182	2	182	2	182	2	182	2	136	2	136	2	114	2	114
158	Apriori	Id(Bk)Syl1>>Id(Bk)	2	202																																																																																																																																																			
163	iy	iu			2	174			2	176	2	178	2	182							-2	178																																																													-2	126	-2	126																																																																
163	Apriori	Id(Bk)Syl1>>Id(Bk)	2	204																																																																																																																																																			
170	ioi	iOi			2	176	-2	120	-2	174	-2	176	-2	180					2	172	2	180																																																									2	162	2	164	2	128	2	128																																													2	160	2	158													2	116	2	116
170	Apriori	Id(Bk)Syl1>>Id(Bk)	2	206																																																																																																																																																			
175	io	iO			2	178	-2	118	-2	172	-2	174	-2	178					2	174	2	182																																																									2	164	2	166	2	130	2	130																																																																
175	Apriori	Id(Bk)Syl1>>Id(Bk)	2	208																																																																																																																																																			
179	uye	uue			2	180			2	174	2	176	2	180							-2	180																																																																																																																					2	184	2	184			-2	134			-2	114
179	Apriori	Id(Bk)Syl1>>Id(Bk)	2	210																																																																																																																																																			
186	io	iO			2	182	-2	116	-2	172	-2	174	-2	178					2	176	2	182																																																									2	166	2	168	2	132	2	132																																																																
186	Apriori	Id(Bk)Syl1>>Id(Bk)	2	212																																																																																																																																																			
187	iyi	iui			2	184			2	174	2	176	2	180							-2	180																																																													-2	130	-2	130																																																													-2	114	-2	112
187	Apriori	Id(Bk)Syl1>>Id(Bk)	2	214																																																																																																																																																			
217	euE	eye			2	186			-2	172	-2	174	-2	178			2	186	2	178	2	182																																							2	162			2	150	2	156	2	152							2	182			2	170	2	132	2	132																																																																
217	Apriori	Id(Bk)Syl1>>Id(Bk)	2	216																																																																																																																																																			
225	oeO	oeo			2	188	2	118	2	174	2	176	2	180					-2	176	-2	180																																									-2	150	-2	148	-2	154	-2	150									-2	164	-2	168	-2	130	-2	130																																			2	144			2	144											2	184			2	186								
225	Apriori	Id(Bk)Syl1>>Id(Bk)	2	218																																																																																																																																																			
722	euE	eue			2	190					-2	174	-2	178			2	188	2	178	2	182																																							2	164			2	150			2	152							2	184			2	170			2	132																																																									-2	134	-2	132	-2	112	-2	110
722	Apriori	Id(Bk)Syl1>>Id(Bk)	2	220																																																																																																																																																			
2403	oAA	oaa			2	192			2	176	2	176	2	180							-2	180																																																																																																					2	144	2	146	2	142	2	142	2	162	2	160					2	186	2	188	2	136	2	134	2	114	2	112
2403	Apriori	Id(Bk)Syl1>>Id(Bk)	2	222																																																																																																																																																			
TOTAL				222		192		118		176		176		180		142		188		178		180		100		100		120		120		140		140		180		180		140		140		140		140		140		140		184		186		160		160		160		164		150		150		154		152		180		180		180		184		164		170		130		132		100		100		140		140		160		160		180		180		120		120		140		140		160		160		180		180		142		144		144		146		142		142		162		160		182		184		186		188		136		134		114		112
