trialnum	Generated	Heard	Id(Bk)Syl1	now	Id(Bk)	now	*F1	now	*F3	now	*F4	now	*F5	now	*B1	now	*B2	now	*B3	now	*B5	now	*F1_B1	now	*F1..._B1	now	*F1_B2	now	*F1..._B2	now	*F1_B3	now	*F1..._B3	now	*F1_B5	now	*F1..._B5	now	*F3_B1	now	*F3..._B1	now	*F3_B2	now	*F3..._B2	now	*F3_B3	now	*F3..._B3	now	*F3_B5	now	*F3..._B5	now	*F4_B1	now	*F4..._B1	now	*F4_B2	now	*F4..._B2	now	*F4_B3	now	*F4..._B3	now	*F4_B5	now	*F4..._B5	now	*F5_B1	now	*F5..._B1	now	*F5_B2	now	*F5..._B2	now	*F5_B3	now	*F5..._B3	now	*F5_B5	now	*F5..._B5	now	*_B1F1	now	*_B1...F1	now	*_B1F3	now	*_B1...F3	now	*_B1F4	now	*_B1...F4	now	*_B1F5	now	*_B1...F5	now	*_B2F1	now	*_B2...F1	now	*_B2F3	now	*_B2...F3	now	*_B2F4	now	*_B2...F4	now	*_B2F5	now	*_B2...F5	now	*_B3F1	now	*_B3...F1	now	*_B3F3	now	*_B3...F3	now	*_B3F4	now	*_B3...F4	now	*_B3F5	now	*_B3...F5	now	*_B5F1	now	*_B5...F1	now	*_B5F3	now	*_B5...F3	now	*_B5F4	now	*_B5...F4	now	*_B5F5	now	*_B5...F5	now
				0		0		55.75		66.7		90.45		114.19		50.0		55.41		79.93		127.14		50.0		50.0		50.0		50.0		51.14		52.15		53.38		56.26		50.0		50.0		50.0		50.0		53.25		56.05		59.96		68.42		50.0		50.0		50.0		50.0		56.21		58.92		68.43		76.99		50.0		50.0		50.0		50.0		58.97		61.56		76.72		84.86		50.0		50.0		50.0		50.0		50.0		50.0		50.0		50.0		50.0		50.0		50.0		50.0		51.09		51.85		52.15		53.29		50.0		50.0		50.0		50.0		54.05		55.47		57.89		60.230000000000004		50.0		50.0		50.0		50.0		59.46		62.26		68.93		73.53
1	iOi	ioi			0.4	0.4	0.4	56.15	0.4	67.10000000000001	0.4	90.85000000000001	0.4	114.59					-2	77.93	-2	125.14																																																									-2	56.97	-2	59.56	-2	74.72	-2	82.86																																													-2	55.89	-2	58.230000000000004													-2	66.93	-2	71.53
2	iey	ieu			0.5	0.9			0.5	67.60000000000001	0.5	91.35000000000001	0.5	115.09							-2	123.14																																													-2	66.43	-2	74.99													-2	72.72	-2	80.86																																																																
3	AAe	Aae			0.5	1.4			0.5	68.10000000000001	0.5	91.85000000000001	0.5	115.59							-2	121.14																													-2	57.96	-2	66.42													-2	64.43	-2	72.99													-2	70.72	-2	78.86																																																									-2	57.46	-2	60.26	-2	64.93	-2	69.53
4	yiA	uia	0.5	0.5	0	1.4			0.5	68.60000000000001	0.5	92.35000000000001	0.5	116.09							-2	119.14																																																													-2	68.72	-2	76.86																																																													-2	62.93000000000001	-2	67.53
5	yOi	uoi	0.4	0.9	0	1.4	0.4	56.55	0.4	69.00000000000001	0.4	92.75000000000001	0.4	116.49000000000001					-2	75.93	-2	117.14																																																																																																													-2	53.89	-2	56.230000000000004													-2	60.93000000000001	-2	65.53
6	Iaa	iaa	0.4	1.3	0	1.4							-2	114.49000000000001	0.4	50.4	0.4	55.809999999999995	0.4	76.33000000000001	0.4	117.54																																																													-2	66.72	-2	74.86																																																																
7	eO	Eo	0.4	1.7000000000000002	0	1.4	0.4	56.949999999999996	0.4	69.40000000000002	0.4	93.15000000000002	0.4	114.89000000000001			-2	53.809999999999995	-2	74.33000000000001	-2	115.54																																																																																																																																
9	OOi	Ooi			0.4	1.7999999999999998	0.4	57.349999999999994	0.4	69.80000000000003	0.4	93.55000000000003	0.4	115.29000000000002					-2	72.33000000000001	-2	113.54									-2	49.14	-2	50.15	-2	51.38	-2	54.26									-2	51.25	-2	54.05	-2	55.96	-2	64.42									-2	54.21	-2	56.92	-2	62.43000000000001	-2	70.99									-2	54.97	-2	57.56	-2	64.72	-2	72.86																																													-2	51.89	-2	54.230000000000004													-2	58.93000000000001	-2	63.53
10	aEE	aee			0.5	2.3					-2	91.55000000000003	-2	113.29000000000002			0.5	54.309999999999995	0.5	72.83000000000001	0.5	114.04																																																																																																																									-2	55.46	-2	58.26	-2	56.93000000000001	-2	61.53
11	iyi	iui			0.5	2.8			0.5	70.30000000000003	0.5	92.05000000000003	0.5	113.79000000000002							-2	112.04																																																													-2	62.72	-2	70.86																																																													-2	54.93000000000001	-2	59.53
12	OOi	ooi	0.4	2.1	0	2.8	0.4	57.74999999999999	0.4	70.70000000000003	0.4	92.45000000000003	0.4	114.19000000000003					-2	70.83000000000001	-2	110.04																																																																																																													-2	49.89	-2	52.230000000000004													-2	52.93000000000001	-2	57.53
13	EI	ei	0.4	2.5	0	2.8					-2	90.45000000000003	-2	112.19000000000003	0.4	50.8	0.4	54.709999999999994	0.4	71.23000000000002	0.4	110.44000000000001																																																																																																																																
14	uE	ue			0.5	3.3					-2	88.45000000000003	-2	110.19000000000003			0.5	55.209999999999994	0.5	71.73000000000002	0.5	110.94000000000001																																																																																																																									-2	53.46	-2	56.26	-2	50.93000000000001	-2	55.53
15	Ayi	Aui			0.5	3.8			0.5	71.20000000000003	0.5	88.95000000000003	0.5	110.69000000000003							-2	108.94000000000001																													-2	53.96	-2	62.42													-2	60.43000000000001	-2	68.99													-2	60.72	-2	68.86																																																													-2	48.93000000000001	-2	53.53
16	yOe	yoe			0.4	4.2	0.4	58.14999999999999	0.4	71.60000000000004	0.4	89.35000000000004	0.4	111.09000000000003					-2	69.73000000000002	-2	106.94000000000001																									-2	49.25	-2	52.05	-2	51.96	-2	60.42									-2	52.21	-2	54.92	-2	58.43000000000001	-2	66.99									-2	52.97	-2	55.56	-2	58.72	-2	66.86																																									-2	52.05	-2	53.47	-2	47.89	-2	50.230000000000004									-2	51.46	-2	54.26	-2	46.93000000000001	-2	51.53
17	EuE	eue	0.5	3.0	0	4.2					-2	87.35000000000004	-2	109.09000000000003			0.5	55.709999999999994	0.5	70.23000000000002	0.5	107.44000000000001																																													-2	56.43000000000001	-2	64.99													-2	56.72	-2	64.86																																																									-2	49.46	-2	52.26	-2	44.93000000000001	-2	49.53
18	EIE	eie	0.4	3.4	0	4.2					-2	85.35000000000004	-2	107.09000000000003	0.4	51.199999999999996	0.4	56.10999999999999	0.4	70.63000000000002	0.4	107.84000000000002																																																																																																																																
19	Ay	Au			0.5	4.7			0.5	72.10000000000004	0.5	85.85000000000004	0.5	107.59000000000003							-2	105.84000000000002																													-2	49.96	-2	58.42													-2	54.43000000000001	-2	62.989999999999995													-2	54.72	-2	62.86																																																																
20	Iau	iau	0.4	3.8	0	4.7							-2	105.59000000000003	0.4	51.599999999999994	0.4	56.50999999999999	0.4	71.03000000000003	0.4	106.24000000000002																																																													-2	52.72	-2	60.86																																																																
22	AAe	Aae			0.5	5.2			0.5	72.60000000000004	0.5	86.35000000000004	0.5	106.09000000000003							-2	104.24000000000002																													-2	47.96	-2	56.42													-2	52.43000000000001	-2	60.989999999999995													-2	50.72	-2	58.86																																																									-2	47.46	-2	50.26	-2	42.93000000000001	-2	47.53
24	yAy	yau			0.5	5.7			0.5	73.10000000000004	0.5	86.85000000000004	0.5	106.59000000000003							-2	102.24000000000002																													-2	45.96	-2	54.42													-2	50.43000000000001	-2	58.989999999999995													-2	48.72	-2	56.86																																																																
25	uEu	yeu	0.5	4.3	0	5.7			-2	71.10000000000004	-2	84.85000000000004	-2	104.59000000000003			0.5	57.00999999999999	0.5	71.53000000000003	0.5	102.74000000000002																															-2	52.42													-2	48.43000000000001	-2	56.989999999999995													-2	46.72	-2	54.86																																																																
26	oIu	Oiu	0.4	4.7	0	5.7	-2	56.14999999999999	-2	69.10000000000004	-2	82.85000000000004	-2	102.59000000000003	0.4	51.99999999999999	0.4	57.40999999999999	0.4	71.93000000000004	0.4	103.14000000000003															-2	52.26															-2	50.42															-2	54.989999999999995													-2	44.72	-2	52.86																																																																
27	eyO	euo			0.4	6.1000000000000005	0.4	56.54999999999999	0.4	69.50000000000004	0.4	83.25000000000004	0.4	102.99000000000004					-2	69.93000000000004	-2	101.14000000000003																																											-2	52.92	-2	46.43000000000001	-2	52.989999999999995											-2	53.56	-2	42.72	-2	50.86																																																																
28	oua	Oua	0.6666666666666666	5.366666666666667	0	6.1000000000000005	-2	54.54999999999999	-2	67.50000000000004	-2	81.25000000000004	-2	100.99000000000004					0.6666666666666666	70.5966666666667	0.6666666666666666	101.8066666666667													-2	49.38	-2	50.26													-2	43.96	-2	48.42													-2	44.43000000000001	-2	50.989999999999995													-2	40.72	-2	48.86																																																																
29	iyO	iuo			0.4	6.500000000000001	0.4	54.94999999999999	0.4	67.90000000000005	0.4	81.65000000000005	0.4	101.39000000000004					-2	68.5966666666667	-2	99.8066666666667																																																											-2	51.56	-2	38.72	-2	46.86																																																																
30	aIE	Aie	0.4	5.7666666666666675	0	6.500000000000001			-2	65.90000000000005	-2	79.65000000000005	-2	99.39000000000004	0.4	52.39999999999999	0.4	57.80999999999999	0.4	68.99666666666671	0.4	100.2066666666667																																																																																																																																
32	aEu	Aeu	0.5	6.2666666666666675	0	6.500000000000001			-2	63.90000000000005	-2	77.65000000000005	-2	97.39000000000004			0.5	58.30999999999999	0.5	69.49666666666671	0.5	100.7066666666667																															-2	46.42													-2	42.43000000000001	-2	48.989999999999995													-2	36.72	-2	44.86																																																																
33	Oii	oii	0.4	6.666666666666668	0	6.500000000000001	0.4	55.34999999999999	0.4	64.30000000000005	0.4	78.05000000000005	0.4	97.79000000000005					-2	67.49666666666671	-2	98.7066666666667																																																																																																													-2	45.89	-2	48.230000000000004													-2	40.93000000000001	-2	45.53
34	AAe	Aae			0.5	7.000000000000001			0.5	64.80000000000005	0.5	78.55000000000005	0.5	98.29000000000005							-2	96.7066666666667																													-2	41.96	-2	44.42													-2	40.43000000000001	-2	46.989999999999995													-2	34.72	-2	42.86																																																									-2	45.46	-2	48.26	-2	38.93000000000001	-2	43.53
35	Oiy	oiu	0.4	7.066666666666668	0	7.000000000000001	0.4	55.749999999999986	0.4	65.20000000000006	0.4	78.95000000000006	0.4	98.69000000000005					-2	65.49666666666671	-2	94.7066666666667																																																													-2	32.72	-2	40.86																																													-2	43.89	-2	46.230000000000004													-2	36.93000000000001	-2	41.53
36	aII	aii			0.4	7.400000000000001							-2	96.69000000000005	0.4	52.79999999999999	0.4	58.70999999999999	0.4	65.89666666666672	0.4	95.10666666666671																																																																																																																													-2	34.93000000000001	-2	39.53
37	eAi	eai			0.5	7.900000000000001			0.5	65.70000000000006	0.5	79.45000000000006	0.5	97.19000000000005							-2	93.10666666666671																																													-2	38.43000000000001	-2	44.989999999999995													-2	30.72	-2	38.86																																																													-2	32.93000000000001	-2	37.53
38	eyy	euu			0.5	8.400000000000002			0.5	66.20000000000006	0.5	79.95000000000006	0.5	97.69000000000005							-2	91.10666666666671																																													-2	36.43000000000001	-2	42.989999999999995													-2	28.72	-2	36.86																																																																
40	aoo	Aoo	1.0	8.066666666666668	0	8.400000000000002			-2	64.20000000000006	-2	77.95000000000006	-2	95.69000000000005							1.0	92.10666666666671																									-2	47.25	-2	50.05	-2	39.96	-2	42.42									-2	50.21	-2	50.92	-2	34.43000000000001	-2	40.989999999999995									-2	50.97	-2	49.56	-2	26.72	-2	34.86																																																																
42	ouo	Ouo	0.6666666666666666	8.733333333333334	0	8.400000000000002	-2	53.749999999999986	-2	62.20000000000006	-2	75.95000000000006	-2	93.69000000000005					0.6666666666666666	66.56333333333339	0.6666666666666666	92.77333333333338											-2	48.15	-2	47.38	-2	48.26											-2	48.05	-2	37.96	-2	40.42											-2	48.92	-2	32.43000000000001	-2	38.989999999999995											-2	47.56	-2	24.72	-2	32.86																																																																
43	OAe	Oae			0.5	8.900000000000002			0.5	62.70000000000006	0.5	76.45000000000006	0.5	94.19000000000005							-2	90.77333333333338													-2	45.38	-2	46.26													-2	35.96	-2	38.42													-2	30.430000000000007	-2	36.989999999999995													-2	22.72	-2	30.86																																																									-2	43.46	-2	46.26	-2	30.930000000000007	-2	35.53
44	oIo	Oio	0.4	9.133333333333335	0	8.900000000000002	-2	51.749999999999986	-2	60.70000000000006	-2	74.45000000000006	-2	92.19000000000005	0.4	53.19999999999999	0.4	59.109999999999985	0.4	66.9633333333334	0.4	91.17333333333339											-2	46.15			-2	44.26											-2	46.05			-2	36.42											-2	46.92			-2	34.989999999999995									-2	48.97	-2	45.56	-2	20.72	-2	28.86																																																																
45	uEa	yea	0.5	9.633333333333335	0	8.900000000000002			-2	58.70000000000006	-2	72.45000000000006	-2	90.19000000000005			0.5	59.609999999999985	0.5	67.4633333333334	0.5	91.67333333333339																															-2	34.42													-2	28.430000000000007	-2	32.989999999999995													-2	18.72	-2	26.86																																																																
46	yii	uii	0.5	10.133333333333335	0	8.900000000000002			0.5	59.20000000000006	0.5	72.95000000000006	0.5	90.69000000000005							-2	89.67333333333339																																																																																																																													-2	28.930000000000007	-2	33.53
47	eOe	Eoe	0.4	10.533333333333335	0	8.900000000000002	0.4	52.149999999999984	0.4	59.60000000000006	0.4	73.35000000000007	0.4	91.09000000000006			-2	57.609999999999985	-2	65.4633333333334	-2	87.67333333333339																																																																																											-2	49.85			-2	51.29									-2	50.05	-2	51.47	-2	41.89	-2	44.230000000000004									-2	41.46	-2	44.26	-2	26.930000000000007	-2	31.53
48	uII	uii			0.4	9.300000000000002							-2	89.09000000000006	0.4	53.59999999999999	0.4	58.009999999999984	0.4	65.8633333333334	0.4	88.0733333333334																																																																																																																													-2	24.930000000000007	-2	29.53
49	OOA	Ooa			0.4	9.700000000000003	0.4	52.54999999999998	0.4	60.00000000000006	0.4	73.75000000000007	0.4	89.49000000000007					-2	63.8633333333334	-2	86.0733333333334									-2	47.14	-2	44.15	-2	43.38	-2	42.26									-2	45.25	-2	44.05	-2	33.96	-2	32.42									-2	48.21	-2	44.92	-2	26.430000000000007	-2	30.989999999999995									-2	46.97	-2	43.56	-2	16.72	-2	24.86																																																																
50	ouI	oui			0.4	10.100000000000003							-2	87.49000000000007	0.4	53.999999999999986	0.4	58.40999999999998	0.4	64.2633333333334	0.4	86.4733333333334																																																																																																															-2	42.230000000000004													-2	22.930000000000007	-2	27.53
51	oE	oe			0.5	10.600000000000003					-2	71.75000000000007	-2	85.49000000000007			0.5	58.90999999999998	0.5	64.7633333333334	0.5	86.9733333333334																																																																																																									-2	48.05	-2	49.47	-2	39.89	-2	40.230000000000004									-2	39.46	-2	42.26	-2	20.930000000000007	-2	25.53
52	eiA	eia			0.5	11.100000000000003			0.5	60.50000000000006	0.5	72.25000000000007	0.5	85.99000000000007							-2	84.9733333333334																																															-2	28.989999999999995													-2	14.719999999999999	-2	22.86																																																																
53	aEI	aei			0.4	11.500000000000004					-2	70.25000000000007	-2	83.99000000000007	0.4	54.399999999999984	0.4	59.30999999999998	0.4	65.16333333333341	0.4	85.3733333333334																																																																																																																									-2	37.46	-2	40.26	-2	18.930000000000007	-2	23.53
56	yyO	yuo			0.4	11.900000000000004	0.4	52.94999999999998	0.4	60.900000000000055	0.4	70.65000000000008	0.4	84.39000000000007					-2	63.16333333333341	-2	83.3733333333334																											-2	42.05	-2	31.96	-2	30.42											-2	42.92	-2	24.430000000000007	-2	26.989999999999995											-2	41.56	-2	12.719999999999999	-2	20.86																																																																
57	EEa	Eea			0.5	12.400000000000004					-2	68.65000000000008	-2	82.39000000000007			0.5	59.80999999999998	0.5	63.66333333333341	0.5	83.8733333333334																																													-2	22.430000000000007	-2	24.989999999999995													-2	10.719999999999999	-2	18.86																									-2	49.09	-2	47.85	-2	50.15	-2	49.29									-2	46.05	-2	47.47	-2	37.89	-2	38.230000000000004									-2	35.46	-2	38.26	-2	16.930000000000007	-2	21.53
58	yOe	yoe			0.4	12.800000000000004	0.4	53.34999999999998	0.4	61.300000000000054	0.4	69.05000000000008	0.4	82.79000000000008					-2	61.66333333333341	-2	81.8733333333334																									-2	43.25	-2	40.05	-2	29.96	-2	28.42									-2	46.21	-2	40.92	-2	20.430000000000007	-2	22.989999999999995									-2	44.97	-2	39.56	-2	8.719999999999999	-2	16.86																																									-2	44.05	-2	45.47	-2	35.89	-2	36.230000000000004									-2	33.46	-2	36.26	-2	14.930000000000007	-2	19.53
60	Io	io	0.4	10.933333333333335	0	12.800000000000004							-2	80.79000000000008	0.4	54.79999999999998	0.4	60.20999999999998	0.4	62.06333333333341	0.4	82.27333333333341																																																									-2	42.97	-2	37.56	-2	6.719999999999999	-2	14.86																																																																
61	yO	yo			0.4	13.200000000000005	0.4	53.74999999999998	0.4	61.70000000000005	0.4	69.45000000000009	0.4	81.19000000000008					-2	60.06333333333341	-2	80.27333333333341																									-2	41.25	-2	38.05	-2	27.96	-2	26.42									-2	44.21	-2	38.92	-2	18.430000000000007	-2	20.989999999999995									-2	40.97	-2	35.56	-2	4.719999999999999	-2	12.86																																																																
62	aoE	Aoe	0.5	11.433333333333335	0	13.200000000000005			-2	59.70000000000005	-2	67.45000000000009	-2	79.19000000000008			0.5	60.70999999999998	0.5	60.56333333333341	0.5	80.77333333333341																									-2	39.25	-2	36.05	-2	25.96	-2	24.42									-2	42.21	-2	36.92	-2	16.430000000000007	-2	18.989999999999995									-2	38.97	-2	33.56	-2	2.719999999999999	-2	10.86																																									-2	42.05	-2	43.47	-2	33.89	-2	34.230000000000004									-2	31.46	-2	34.26	-2	12.930000000000007	-2	17.53
63	OOA	ooa	0.4	11.833333333333336	0	13.200000000000005	0.4	54.14999999999998	0.4	60.10000000000005	0.4	67.8500000000001	0.4	79.59000000000009					-2	58.56333333333341	-2	78.77333333333341																																																																																																																																
64	uoE	uoe			0.5	13.700000000000005					-2	65.8500000000001	-2	77.59000000000009			0.5	61.20999999999998	0.5	59.06333333333341	0.5	79.27333333333341																																																																																																									-2	40.05	-2	41.47	-2	31.89	-2	32.230000000000004									-2	29.46	-2	32.26	-2	10.930000000000007	-2	15.530000000000001
65	ooE	ooe			0.5	14.200000000000005					-2	63.850000000000094	-2	75.59000000000009			0.5	61.70999999999998	0.5	59.56333333333341	0.5	79.77333333333341																																																																																																									-2	38.05	-2	39.47	-2	29.89	-2	30.230000000000004									-2	27.46	-2	30.259999999999998	-2	8.930000000000007	-2	13.530000000000001
66	OAA	Oaa			0.5	14.700000000000005			0.5	60.60000000000005	0.5	64.3500000000001	0.5	76.09000000000009							-2	77.77333333333341													-2	41.38	-2	40.26													-2	23.96	-2	22.42													-2	14.430000000000007	-2	16.989999999999995													-2	0.7199999999999989	-2	8.86																																																																
67	OAi	Oai			0.5	15.200000000000005			0.5	61.10000000000005	0.5	64.8500000000001	0.5	76.59000000000009							-2	75.77333333333341													-2	39.38	-2	38.26													-2	21.96	-2	20.42													-2	12.430000000000007	-2	14.989999999999995													-2	0	-2	6.859999999999999																																																													-2	6.930000000000007	-2	11.530000000000001
68	Io	io	0.4	12.233333333333336	0	15.200000000000005							-2	74.59000000000009	0.4	55.19999999999998	0.4	62.10999999999998	0.4	59.96333333333341	0.4	76.17333333333342																																																									-2	36.97	-2	31.560000000000002	-2	0	-2	4.859999999999999																																																																
69	oIE	oie			0.4	15.600000000000005					-2	62.850000000000094	-2	72.59000000000009	0.4	55.59999999999998	0.4	62.50999999999998	0.4	60.36333333333341	0.4	76.57333333333342																																																																																																											-2	37.47	-2	27.89	-2	28.230000000000004											-2	28.259999999999998	-2	4.930000000000007	-2	9.530000000000001
70	eey	eeu			0.5	16.100000000000005			0.5	61.60000000000005	0.5	63.350000000000094	0.5	73.09000000000009							-2	74.57333333333342																																													-2	10.430000000000007	-2	12.989999999999995													-2	0	-2	2.8599999999999994																																																																
71	EIo	Eio			0.4	16.500000000000004							-2	71.09000000000009	0.4	55.99999999999998	0.4	62.909999999999975	0.4	60.76333333333341	0.4	74.97333333333343																																																									-2	34.97	-2	29.560000000000002	-2	0	-2	0.8599999999999994																													-2	48.15	-2	47.29													-2	25.89	-2	26.230000000000004													-2	2.930000000000007	-2	7.530000000000001
73	AiO	Aio			0.4	16.900000000000002	0.4	54.549999999999976	0.4	62.00000000000005	0.4	63.75000000000009	0.4	71.4900000000001					-2	58.76333333333341	-2	72.97333333333343																											-2	34.05			-2	18.42											-2	34.92			-2	10.989999999999995									-2	32.97	-2	27.560000000000002	-2	0	-2	0																																																																
74	yye	uue	0.5	12.733333333333336	0	16.900000000000002			0.5	62.50000000000005	0.5	64.25000000000009	0.5	71.9900000000001							-2	70.97333333333343																																																																																																																									-2	25.46	-2	26.259999999999998	-2	0.9300000000000068	-2	5.530000000000001
75	iAO	iao			0.4	17.3	0.4	54.949999999999974	0.4	62.90000000000005	0.4	64.65000000000009	0.4	72.3900000000001					-2	56.76333333333341	-2	68.97333333333343																																																											-2	25.560000000000002	-2	0	-2	0																																																																
77	aoE	aoe			0.5	17.8					-2	62.65000000000009	-2	70.3900000000001			0.5	63.409999999999975	0.5	57.26333333333341	0.5	69.47333333333343																																																																																																									-2	36.05	-2	35.47	-2	23.89	-2	24.230000000000004									-2	23.46	-2	24.259999999999998	-2	0	-2	3.530000000000001
78	IaE	iae	0.4	13.133333333333336	0	17.8					-2	60.65000000000009	-2	68.3900000000001	0.4	56.39999999999998	0.4	63.809999999999974	0.4	57.663333333333405	0.4	69.87333333333343																																																													-2	0	-2	0																																																									-2	21.46	-2	22.259999999999998	-2	0	-2	1.5300000000000011
79	uII	uii			0.4	18.2							-2	66.3900000000001	0.4	56.799999999999976	0.4	64.20999999999998	0.4	58.063333333333404	0.4	70.27333333333344																																																																																																																													-2	0	-2	0
80	IEu	ieu	0.4	13.533333333333337	0	18.2					-2	58.65000000000009	-2	64.3900000000001	0.4	57.199999999999974	0.4	64.60999999999999	0.4	58.4633333333334	0.4	70.67333333333345																																													-2	8.430000000000007	-2	8.989999999999995													-2	0	-2	0																																																																
81	AeA	Aea			0.5	18.7			0.5	63.40000000000005	0.5	59.15000000000009	0.5	64.8900000000001							-2	68.67333333333345																															-2	16.42													-2	6.430000000000007	-2	6.989999999999995													-2	0	-2	0																																																																
82	eO	eo			0.4	19.099999999999998	0.4	55.34999999999997	0.4	63.80000000000005	0.4	59.55000000000009	0.4	65.2900000000001					-2	56.4633333333334	-2	66.67333333333345																																									-2	40.21	-2	32.92	-2	4.430000000000007	-2	4.989999999999995									-2	30.97	-2	23.560000000000002	-2	0	-2	0																																																																
83	yyy	uuu	0.5	14.033333333333337	0	19.099999999999998			0.5	64.30000000000004	0.5	60.05000000000009	0.5	65.7900000000001							-2	64.67333333333345																																																																																																																																
84	yOe	yoe			0.4	19.499999999999996	0.4	55.74999999999997	0.4	64.70000000000005	0.4	60.45000000000009	0.4	66.19000000000011					-2	54.4633333333334	-2	62.673333333333446																									-2	37.25	-2	32.05	-2	19.96	-2	14.420000000000002									-2	38.21	-2	30.92	-2	2.430000000000007	-2	2.989999999999995									-2	28.97	-2	21.560000000000002	-2	0	-2	0																																									-2	34.05	-2	33.47	-2	21.89	-2	22.230000000000004									-2	19.46	-2	20.259999999999998	-2	0	-2	0
86	uuI	yui	0.4	14.433333333333337	0	19.499999999999996			-2	62.700000000000045	-2	58.45000000000009	-2	64.19000000000011	0.4	57.59999999999997	0.4	65.00999999999999	0.4	54.8633333333334	0.4	63.073333333333444																													-2	17.96	-2	12.420000000000002													-2	0.4300000000000068	-2	0.9899999999999949													-2	0	-2	0																																																													-2	0	-2	0
87	eai	Eai	0.2857142857142857	14.719047619047624	0	19.499999999999996					0.2857142857142857	58.73571428571437	0.2857142857142857	64.4757142857144			-2	63.00999999999999	-2	52.8633333333334	-2	61.073333333333444																																													0.2857142857142857	0.7157142857142925	0.2857142857142857	1.2757142857142805													0.2857142857142857	0.2857142857142857	0.2857142857142857	0.2857142857142857																															-2	45.29															-2	20.230000000000004															-2	0
88	aaa	Aaa	1.0	15.719047619047624	0	19.499999999999996			-2	60.700000000000045	-2	56.73571428571437	-2	62.4757142857144							1.0	62.073333333333444																													-2	15.96	-2	10.420000000000002													-2	0	-2	0													-2	0	-2	0																																																																
89	Ae	ae	0.5	16.219047619047622	0	19.499999999999996			0.5	61.200000000000045	0.5	57.23571428571437	0.5	62.9757142857144							-2	60.073333333333444																																																																																																																									-2	17.46	-2	18.259999999999998	-2	0	-2	0
90	aIa	aia			0.4	19.899999999999995							-2	60.9757142857144	0.4	57.99999999999997	0.4	63.40999999999999	0.4	53.2633333333334	0.4	60.47333333333344																																																													-2	0	-2	0																																																													-2	0	-2	0
91	iiy	iiu			0.5	20.399999999999995			0.5	61.700000000000045	0.5	57.73571428571437	0.5	61.4757142857144							-2	58.47333333333344																																																													-2	0	-2	0																																																																
92	ua	ya	1.0	17.219047619047622	0	20.399999999999995			-2	59.700000000000045	-2	55.73571428571437	-2	59.4757142857144							1.0	59.47333333333344																													-2	13.96	-2	8.420000000000002													-2	0	-2	0													-2	0	-2	0																																																																
94	iyi	iui			0.5	20.899999999999995			0.5	60.200000000000045	0.5	56.23571428571437	0.5	59.9757142857144							-2	57.47333333333344																																																													-2	0	-2	0																																																													-2	0	-2	0
96	Aye	aue	0.5	17.719047619047622	0	20.899999999999995			0.5	60.700000000000045	0.5	56.73571428571437	0.5	60.4757142857144							-2	55.47333333333344																																																																																																																									-2	15.46	-2	16.259999999999998	-2	0	-2	0
101	ueo	yeo	0.3333333333333333	18.052380952380954	0	20.899999999999995			-2	58.700000000000045	-2	54.73571428571437	-2	58.4757142857144							0.3333333333333333	55.80666666666678																											-2	30.049999999999997			-2	6.420000000000002																																																																																									0.3333333333333333	15.793333333333335	0.3333333333333333	16.59333333333333	0.3333333333333333	0.3333333333333333	0.3333333333333333	0.3333333333333333
102	aio	Aio	0.5	18.552380952380954	0	20.899999999999995			-2	56.700000000000045	-2	52.73571428571437	-2	56.4757142857144							0.5	56.30666666666678																											-2	28.049999999999997			-2	4.420000000000002											-2	28.92			-2	0																																																																													0.5	0.8333333333333333	0.5	0.8333333333333333
103	Aii	aii	0.5	19.052380952380954	0	20.899999999999995			0.5	57.200000000000045	0.5	53.23571428571437	0.5	56.9757142857144							-2	54.30666666666678																																																																																																																													-2	0	-2	0
109	aue	Aue	0.5	19.552380952380954	0	20.899999999999995			-2	55.200000000000045	-2	51.23571428571437	-2	54.9757142857144							0.5	54.80666666666678																													-2	11.96	-2	2.4200000000000017													-2	0	-2	0													-2	0	-2	0																																																											0.5	17.09333333333333			0.5	0.5
110	aau	Aau	1.0	20.552380952380954	0	20.899999999999995			-2	53.200000000000045	-2	49.23571428571437	-2	52.9757142857144							1.0	55.80666666666678																													-2	9.96	-2	0.4200000000000017													-2	0	-2	0													-2	0	-2	0																																																																
111	uu	yu	1.0	21.552380952380954	0	20.899999999999995			-2	51.200000000000045	-2	47.23571428571437	-2	50.9757142857144							1.0	56.80666666666678																													-2	7.960000000000001	-2	0													-2	0	-2	0													-2	0	-2	0																																																																
112	eOy	eou			0.4	21.299999999999994	0.4	56.14999999999997	0.4	51.600000000000044	0.4	47.63571428571437	0.4	51.3757142857144					-2	51.2633333333334	-2	54.80666666666678																																									-2	36.21	-2	26.92	-2	0	-2	0									-2	26.97	-2	19.560000000000002	-2	0	-2	0																																																																
113	eiy	Eiu	0.5	22.052380952380954	0	21.299999999999994			0.5	52.100000000000044	0.5	48.13571428571437	0.5	51.8757142857144			-2	61.40999999999999	-2	49.2633333333334	-2	52.80666666666678																																																													-2	0	-2	0																													-2	46.15	-2	43.29													-2	19.89	-2	18.230000000000004													-2	0	-2	0
114	eoe	Eoe	0.18181818181818182	22.234199134199137	0	21.299999999999994					0.18181818181818182	48.31753246753255	0.18181818181818182	52.05753246753258			-2	59.40999999999999	-2	47.2633333333334	-2	50.80666666666678																																									0.18181818181818182	36.39181818181818	0.18181818181818182	27.101818181818185	0.18181818181818182	0.18181818181818182	0.18181818181818182	0.18181818181818182									0.18181818181818182	27.151818181818182	0.18181818181818182	19.741818181818186	0.18181818181818182	0.18181818181818182	0.18181818181818182	0.18181818181818182																											-2	45.85			-2	41.29											-2	31.47			-2	16.230000000000004											-2	15.09333333333333			-2	0
115	uiu	yiu	0.5	22.734199134199137	0	21.299999999999994			-2	50.100000000000044	-2	46.31753246753255	-2	50.05753246753258							0.5	51.30666666666678																															-2	0															-2	0																																																																													0.5	0.5	0.5	0.5
116	oiu	Oiu	0.2857142857142857	23.019913419913422	0	21.299999999999994	-2	54.14999999999997	-2	48.100000000000044	-2	44.31753246753255	-2	48.05753246753258					0.2857142857142857	47.549047619047684	0.2857142857142857	51.59238095238106															-2	36.26															-2	0															-2	0																																																													0.2857142857142857	20.175714285714285	0.2857142857142857	16.51571428571429													0.2857142857142857	0.7857142857142857	0.2857142857142857	0.7857142857142857
117	eee	Eee	0.6666666666666666	23.68658008658009	0	21.299999999999994					0.6666666666666666	44.984199134199216	0.6666666666666666	48.724199134199246			-2	57.40999999999999	-2	45.549047619047684	-2	49.59238095238106																																																																																									-2	47.09	-2	43.85	-2	44.15	-2	39.29									-2	32.05	-2	29.47	-2	18.175714285714285	-2	14.515714285714289									-2	13.793333333333335	-2	13.09333333333333	-2	0	-2	0
118	oaa	Oaa	0.6666666666666666	24.353246753246758	0	21.299999999999994	-2	52.14999999999997	-2	46.100000000000044	-2	42.984199134199216	-2	46.724199134199246					0.6666666666666666	46.21571428571435	0.6666666666666666	50.25904761904773													-2	37.38	-2	34.26													-2	5.960000000000001	-2	0													-2	0	-2	0													-2	0	-2	0																																																																
120	yAi	uai	0.5	24.853246753246758	0	21.299999999999994			0.5	46.600000000000044	0.5	43.484199134199216	0.5	47.224199134199246							-2	48.25904761904773																																																																																																																													-2	0	-2	0
121	ooi	Ooi	0.4	25.253246753246756	0	21.299999999999994	-2	50.14999999999997	-2	44.600000000000044	-2	41.484199134199216	-2	45.224199134199246					0.4	46.61571428571435	0.4	48.659047619047726									-2	45.14	-2	42.15	-2	35.38	-2	32.26									-2	35.25	-2	26.049999999999997	-2	3.960000000000001	-2	0									-2	34.39181818181818	-2	25.101818181818185	-2	0	-2	0									-2	25.151818181818182	-2	17.741818181818186	-2	0	-2	0																																															0.4	14.915714285714289															0.4	0.4
122	eOA	eoa			0.4	21.699999999999992	0.4	50.54999999999997	0.4	45.00000000000004	0.4	41.884199134199214	0.4	45.624199134199245					-2	44.61571428571435	-2	46.659047619047726																																									-2	32.39181818181818	-2	23.101818181818185	-2	0	-2	0									-2	23.151818181818182	-2	15.741818181818186	-2	0	-2	0																																																																
124	eyO	euo			0.4	22.09999999999999	0.4	50.94999999999997	0.4	45.40000000000004	0.4	42.28419913419921	0.4	46.02419913419924					-2	42.61571428571435	-2	44.659047619047726																																											-2	21.101818181818185	-2	0	-2	0											-2	13.741818181818186	-2	0	-2	0																																																																
125	uia	yia	0.5	25.753246753246756	0	22.09999999999999			-2	43.40000000000004	-2	40.28419913419921	-2	44.02419913419924							0.5	45.159047619047726																															-2	0															-2	0																																																																													0.5	0.5	0.5	0.9
127	oee	Oee	0.18181818181818182	25.93506493506494	0	22.09999999999999	-2	48.94999999999997	-2	41.40000000000004	-2	38.28419913419921	-2	42.02419913419924					0.18181818181818182	42.79753246753253	0.18181818181818182	45.340865800865906																																																																																																									0.18181818181818182	32.23181818181818	0.18181818181818182	29.651818181818182	0.18181818181818182	18.35753246753247	0.18181818181818182	15.09753246753247									0.18181818181818182	13.975151515151516	0.18181818181818182	13.275151515151512	0.18181818181818182	0.6818181818181819	0.18181818181818182	1.0818181818181818
129	oau	Oau	0.6666666666666666	26.601731601731608	0	22.09999999999999	-2	46.94999999999997	-2	39.40000000000004	-2	36.28419913419921	-2	40.02419913419924					0.6666666666666666	43.46419913419919	0.6666666666666666	46.00753246753257													-2	33.38	-2	30.259999999999998													-2	1.9600000000000009	-2	0													-2	0	-2	0													-2	0	-2	0																																																																
130	oie	Oie	0.2222222222222222	26.82395382395383	0	22.09999999999999	-2	44.94999999999997	-2	37.40000000000004	-2	34.28419913419921	-2	38.02419913419924					0.2222222222222222	43.68642135642141	0.2222222222222222	46.22975468975479																																																																																																											0.2222222222222222	29.874040404040404	0.2222222222222222	18.57975468975469	0.2222222222222222	15.319754689754692											0.2222222222222222	13.497373737373733	0.2222222222222222	0.9040404040404041	0.2222222222222222	1.3040404040404039
131	eii	Eii	0.6666666666666666	27.490620490620497	0	22.09999999999999					0.6666666666666666	34.95086580086588	0.6666666666666666	38.69086580086591			-2	55.40999999999999	-2	41.68642135642141	-2	44.22975468975479																																																																																													-2	42.15	-2	37.29													-2	16.57975468975469	-2	13.319754689754692													-2	0	-2	0
132	OOy	oou	0.4	27.890620490620496	0	22.09999999999999	0.4	45.349999999999966	0.4	37.80000000000004	0.4	35.350865800865876	0.4	39.090865800865906					-2	39.68642135642141	-2	42.22975468975479																																																																																																																																
135	yyi	yui			0.5	22.59999999999999			0.5	38.30000000000004	0.5	35.850865800865876	0.5	39.590865800865906							-2	40.22975468975479																													-2	0	-2	0													-2	0	-2	0													-2	0	-2	0																																																													-2	0	-2	0
139	eoa	Eoa	0.18181818181818182	28.07243867243868	0	22.59999999999999					0.18181818181818182	36.032683982684055	0.18181818181818182	39.772683982684086			-2	53.40999999999999	-2	37.68642135642141	-2	38.22975468975479																																									0.18181818181818182	32.57363636363636	0.18181818181818182	21.28363636363637	0.18181818181818182	0.18181818181818182	0.18181818181818182	0.18181818181818182									0.18181818181818182	23.333636363636366	0.18181818181818182	13.923636363636367	0.18181818181818182	0.18181818181818182	0.18181818181818182	0.18181818181818182																																																																
140	uu	yu	1.0	29.07243867243868	0	22.59999999999999			-2	36.30000000000004	-2	34.032683982684055	-2	37.772683982684086							1.0	39.22975468975479																													-2	0	-2	0													-2	0	-2	0													-2	0	-2	0																																																																
141	eu	Eu	0.2857142857142857	29.358152958152964	0	22.59999999999999					0.2857142857142857	34.31839826839834	0.2857142857142857	38.05839826839837			-2	51.40999999999999	-2	35.68642135642141	-2	37.22975468975479																																													0.2857142857142857	0.2857142857142857	0.2857142857142857	0.2857142857142857													0.2857142857142857	0.2857142857142857	0.2857142857142857	0.2857142857142857																																																																
142	aiu	Aiu	0.5	29.858152958152964	0	22.59999999999999			-2	34.30000000000004	-2	32.31839826839834	-2	36.05839826839837							0.5	37.72975468975479																															-2	0															-2	0																																																																													0.5	0.5	0.5	0.5
144	yAe	uae	0.5	30.358152958152964	0	22.59999999999999			0.5	34.80000000000004	0.5	32.81839826839834	0.5	36.55839826839837							-2	35.72975468975479																																																																																																																									-2	11.975151515151516	-2	11.497373737373733	-2	0	-2	0
145	oaa	Oaa	0.6666666666666666	31.02481962481963	0	22.59999999999999	-2	43.349999999999966	-2	32.80000000000004	-2	30.81839826839834	-2	34.55839826839837					0.6666666666666666	36.35308802308808	0.6666666666666666	36.396421356421456													-2	31.380000000000003	-2	28.259999999999998													-2	0	-2	0													-2	0	-2	0													-2	0	-2	0																																																																
147	AAi	aai	0.5	31.52481962481963	0	22.59999999999999			0.5	33.30000000000004	0.5	31.31839826839834	0.5	35.05839826839837							-2	34.396421356421456																																																																																																																													-2	0	-2	0
148	eie	Eie	0.6666666666666666	32.1914862914863	0	22.59999999999999					0.6666666666666666	31.985064935065008	0.6666666666666666	35.725064935065035			-2	49.40999999999999	-2	34.35308802308808	-2	32.396421356421456																																																																																											-2	41.85	-2	40.15	-2	35.29											-2	27.874040404040404	-2	14.57975468975469	-2	11.319754689754692											-2	9.497373737373733	-2	0	-2	0
149	ua	ya	1.0	33.1914862914863	0	22.59999999999999			-2	31.30000000000004	-2	29.985064935065008	-2	33.725064935065035							1.0	33.396421356421456																													-2	0	-2	0													-2	0	-2	0													-2	0	-2	0																																																																
151	euo	Euo	0.2222222222222222	33.41370851370852	0	22.59999999999999					0.2222222222222222	30.20728715728723	0.2222222222222222	33.947287157287256			-2	47.40999999999999	-2	32.35308802308808	-2	31.396421356421456																																											0.2222222222222222	21.50585858585859	0.2222222222222222	0.2222222222222222	0.2222222222222222	0.2222222222222222											0.2222222222222222	14.145858585858589	0.2222222222222222	0.2222222222222222	0.2222222222222222	0.2222222222222222																																																																
152	eee	Eee	0.6666666666666666	34.080375180375185	0	22.59999999999999					0.6666666666666666	30.873953823953897	0.6666666666666666	34.61395382395392			-2	45.40999999999999	-2	30.353088023088077	-2	29.396421356421456																																																																																									-2	45.09	-2	39.85	-2	38.15	-2	33.29									-2	30.231818181818177	-2	25.874040404040404	-2	12.57975468975469	-2	9.319754689754692									-2	9.975151515151516	-2	7.497373737373733	-2	0	-2	0
155	uaa	yaa	1.0	35.080375180375185	0	22.59999999999999			-2	29.30000000000004	-2	28.873953823953897	-2	32.61395382395392							1.0	30.396421356421456																													-2	0	-2	0													-2	0	-2	0													-2	0	-2	0																																																																
158	auo	Auo	1.0	36.080375180375185	0	22.59999999999999			-2	27.30000000000004	-2	26.873953823953897	-2	30.61395382395392							1.0	31.396421356421456																											-2	24.049999999999997	-2	0	-2	0											-2	19.50585858585859	-2	0	-2	0											-2	12.145858585858589	-2	0	-2	0																																																																
164	eeA	Eea	0.5	36.580375180375185	0	22.59999999999999			0.5	27.80000000000004	0.5	27.373953823953897	0.5	31.11395382395392			-2	43.40999999999999	-2	28.353088023088077	-2	29.396421356421456																																													-2	0	-2	0													-2	0	-2	0																									-2	43.09	-2	37.85	-2	36.15	-2	31.29									-2	28.231818181818177	-2	23.874040404040404	-2	10.57975468975469	-2	7.319754689754692									-2	7.975151515151516	-2	5.497373737373733	-2	0	-2	0
166	iyA	iua			0.5	23.09999999999999			0.5	28.30000000000004	0.5	27.873953823953897	0.5	31.61395382395392							-2	27.396421356421456																																																													-2	0	-2	0																																																																
173	eaa	Eaa	0.2857142857142857	36.86608946608947	0	23.09999999999999					0.2857142857142857	28.159668109668182	0.2857142857142857	31.899668109668205			-2	41.40999999999999	-2	26.353088023088077	-2	25.396421356421456																																													0.2857142857142857	0.2857142857142857	0.2857142857142857	0.2857142857142857													0.2857142857142857	0.2857142857142857	0.2857142857142857	0.2857142857142857																																																																
178	aoo	Aoo	1.0	37.86608946608947	0	23.09999999999999			-2	26.30000000000004	-2	26.159668109668182	-2	29.899668109668205							1.0	26.396421356421456																									-2	33.25	-2	22.049999999999997	-2	0	-2	0									-2	30.57363636363636	-2	17.50585858585859	-2	0	-2	0									-2	21.333636363636366	-2	10.145858585858589	-2	0	-2	0																																																																
182	eee	Eee	0.6666666666666666	38.532756132756134	0	23.09999999999999					0.6666666666666666	26.82633477633485	0.6666666666666666	30.566334776334873			-2	39.40999999999999	-2	24.353088023088077	-2	24.396421356421456																																																																																									-2	41.09	-2	35.85	-2	34.15	-2	29.29									-2	26.231818181818177	-2	21.874040404040404	-2	8.57975468975469	-2	5.319754689754692									-2	5.975151515151516	-2	3.4973737373737332	-2	0	-2	0
195	eoo	Eoo	0.18181818181818182	38.714574314574314	0	23.09999999999999					0.18181818181818182	27.008152958153033	0.18181818181818182	30.748152958153057			-2	37.40999999999999	-2	22.353088023088077	-2	22.396421356421456																																									0.18181818181818182	30.755454545454544	0.18181818181818182	17.687676767676773	0.18181818181818182	0.18181818181818182	0.18181818181818182	0.18181818181818182									0.18181818181818182	21.51545454545455	0.18181818181818182	10.32767676767677	0.18181818181818182	0.18181818181818182	0.18181818181818182	0.18181818181818182																																																																
211	ooi	Ooi	0.4	39.11457431457431	0	23.09999999999999	-2	41.349999999999966	-2	24.30000000000004	-2	25.008152958153033	-2	28.748152958153057					0.4	22.753088023088075	0.4	22.796421356421455									-2	43.14	-2	40.15	-2	29.380000000000003	-2	26.259999999999998									-2	31.25	-2	20.049999999999997	-2	0	-2	0									-2	28.755454545454544	-2	15.687676767676773	-2	0	-2	0									-2	19.51545454545455	-2	8.32767676767677	-2	0	-2	0																																															0.4	5.7197546897546925															0.4	0.4
218	oea	Oea	0.18181818181818182	39.29639249639249	0	23.09999999999999	-2	39.349999999999966	-2	22.30000000000004	-2	23.008152958153033	-2	26.748152958153057					0.18181818181818182	22.93490620490626	0.18181818181818182	22.978239538239638															-2	24.259999999999998															-2	0																																																																									0.18181818181818182	26.41363636363636	0.18181818181818182	22.055858585858587	0.18181818181818182	8.761572871572872	0.18181818181818182	5.901572871572874									0.18181818181818182	6.156969696969698	0.18181818181818182	3.679191919191915	0.18181818181818182	0.18181818181818182	0.18181818181818182	0.5818181818181818
219	oio	Oio	0.2857142857142857	39.58210678210678	0	23.09999999999999	-2	37.349999999999966	-2	20.30000000000004	-2	21.008152958153033	-2	24.748152958153057					0.2857142857142857	23.220620490620544	0.2857142857142857	23.263953823953923											-2	38.15			-2	22.259999999999998											-2	18.049999999999997			-2	0											-2	13.687676767676773			-2	0																																																													0.2857142857142857	9.047287157287158	0.2857142857142857	6.18728715728716													0.2857142857142857	0.4675324675324675	0.2857142857142857	0.8675324675324675
224	OOe	Ooe			0.4	23.49999999999999	0.4	37.749999999999964	0.4	20.70000000000004	0.4	21.408152958153032	0.4	25.148152958153055					-2	21.220620490620544	-2	21.263953823953923									-2	41.14	-2	36.15	-2	27.380000000000003	-2	20.259999999999998									-2	29.25	-2	16.049999999999997	-2	0	-2	0									-2	26.755454545454544	-2	11.687676767676773	-2	0	-2	0									-2	17.51545454545455	-2	6.3276767676767705	-2	0	-2	0																																									-2	24.41363636363636	-2	20.055858585858587	-2	7.047287157287158	-2	4.18728715728716									-2	4.156969696969698	-2	1.679191919191915	-2	0	-2	0
249	OAi	Oai			0.5	23.99999999999999			0.5	21.20000000000004	0.5	21.908152958153032	0.5	25.648152958153055							-2	19.263953823953923													-2	25.380000000000003	-2	18.259999999999998													-2	0	-2	0													-2	0	-2	0													-2	0	-2	0																																																													-2	0	-2	0
261	eai	Eai	0.2857142857142857	39.86782106782106	0	23.99999999999999					0.2857142857142857	22.193867243867317	0.2857142857142857	25.93386724386734			-2	35.40999999999999	-2	19.220620490620544	-2	17.263953823953923																																													0.2857142857142857	0.2857142857142857	0.2857142857142857	0.2857142857142857													0.2857142857142857	0.2857142857142857	0.2857142857142857	0.2857142857142857																															-2	27.29															-2	2.1872871572871597															-2	0
263	EEu	Eeu			0.5	24.49999999999999					-2	20.193867243867317	-2	23.93386724386734			0.5	35.90999999999999	0.5	19.720620490620544	0.5	17.763953823953923																																													-2	0	-2	0													-2	0	-2	0																									-2	39.09	-2	33.85	-2	32.15	-2	25.29									-2	22.41363636363636	-2	18.055858585858587	-2	5.047287157287158	-2	0.18728715728715972									-2	2.156969696969698	-2	0	-2	0	-2	0
272	ooa	Ooa	0.6666666666666666	40.534487734487726	0	24.49999999999999	-2	35.749999999999964	-2	19.20000000000004	-2	18.193867243867317	-2	21.93386724386734					0.6666666666666666	20.38728715728721	0.6666666666666666	18.43062049062059									-2	39.14	-2	34.15	-2	23.380000000000003	-2	16.259999999999998									-2	27.25	-2	14.049999999999997	-2	0	-2	0									-2	24.755454545454544	-2	9.687676767676773	-2	0	-2	0									-2	15.51545454545455	-2	4.3276767676767705	-2	0	-2	0																																																																
308	eeu	Eeu	0.6666666666666666	41.20115440115439	0	24.49999999999999					0.6666666666666666	18.860533910533984	0.6666666666666666	22.600533910534008			-2	33.90999999999999	-2	18.38728715728721	-2	16.43062049062059																																																																																									-2	37.09	-2	31.85	-2	30.15	-2	23.29									-2	20.41363636363636	-2	16.055858585858587	-2	3.0472871572871583	-2	0									-2	0.1569696969696981	-2	0	-2	0	-2	0
310	EE	Ee			0.5	24.99999999999999					-2	16.860533910533984	-2	20.600533910534008			0.5	34.40999999999999	0.5	18.88728715728721	0.5	16.93062049062059																																																																																									-2	35.09	-2	29.85	-2	28.15	-2	21.29									-2	18.41363636363636	-2	14.055858585858587	-2	1.0472871572871583	-2	0									-2	0	-2	0	-2	0	-2	0
345	EEa	Eea			0.5	25.49999999999999					-2	14.860533910533984	-2	18.600533910534008			0.5	34.90999999999999	0.5	19.38728715728721	0.5	17.43062049062059																																													-2	0	-2	0													-2	0	-2	0																									-2	33.09	-2	27.85	-2	26.15	-2	19.29									-2	16.41363636363636	-2	12.055858585858587	-2	0	-2	0									-2	0	-2	0	-2	0	-2	0
353	EEo	Eeo			0.5	25.99999999999999					-2	12.860533910533984	-2	16.600533910534008			0.5	35.40999999999999	0.5	19.88728715728721	0.5	17.93062049062059																																									-2	22.755454545454544	-2	7.687676767676773	-2	0	-2	0									-2	13.51545454545455	-2	2.3276767676767705	-2	0	-2	0																									-2	31.090000000000003	-2	25.85	-2	24.15	-2	17.29									-2	14.41363636363636	-2	10.055858585858587	-2	0	-2	0									-2	0	-2	0	-2	0	-2	0
368	OOO	Ooo			0.4	26.399999999999988	0.4	36.14999999999996	0.4	19.600000000000037	0.4	13.260533910533985	0.4	17.000533910534006					-2	17.88728715728721	-2	15.93062049062059									-2	37.14	-2	32.15	-2	21.380000000000003	-2	14.259999999999998									-2	25.25	-2	12.049999999999997	-2	0	-2	0									-2	20.755454545454544	-2	5.687676767676773	-2	0	-2	0									-2	11.51545454545455	-2	0.32767676767677045	-2	0	-2	0																																																																
412	OO	Oo			0.4	26.799999999999986	0.4	36.54999999999996	0.4	20.000000000000036	0.4	13.660533910533985	0.4	17.400533910534005					-2	15.887287157287211	-2	13.93062049062059									-2	35.14	-2	30.15	-2	19.380000000000003	-2	12.259999999999998									-2	23.25	-2	10.049999999999997	-2	0	-2	0									-2	18.755454545454544	-2	3.6876767676767734	-2	0	-2	0									-2	9.51545454545455	-2	0	-2	0	-2	0																																																																
480	EEa	Eea			0.5	27.299999999999986					-2	11.660533910533985	-2	15.400533910534005			0.5	35.90999999999999	0.5	16.38728715728721	0.5	14.43062049062059																																													-2	0	-2	0													-2	0	-2	0																									-2	29.090000000000003	-2	23.85	-2	22.15	-2	15.29									-2	12.41363636363636	-2	8.055858585858587	-2	0	-2	0									-2	0	-2	0	-2	0	-2	0
488	eio	Eio	0.4	41.60115440115439	0	27.299999999999986					0.4	12.060533910533985	0.4	15.800533910534005			-2	33.90999999999999	-2	14.387287157287211	-2	12.43062049062059																																											0.4	4.087676767676774			0.4	0.4																																													-2	20.15	-2	13.29													-2	0	-2	0													-2	0	-2	0
513	OOe	Ooe			0.4	27.699999999999985	0.4	36.94999999999996	0.4	20.400000000000034	0.4	12.460533910533986	0.4	16.200533910534006					-2	12.387287157287211	-2	10.43062049062059									-2	33.14	-2	28.15	-2	17.380000000000003	-2	10.259999999999998									-2	21.25	-2	8.049999999999997	-2	0	-2	0									-2	16.755454545454544	-2	2.087676767676774	-2	0	-2	0									-2	7.515454545454549	-2	0	-2	0	-2	0																																									-2	10.41363636363636	-2	6.055858585858587	-2	0	-2	0									-2	0	-2	0	-2	0	-2	0
530	oia	Oia	0.2857142857142857	41.886868686868674	0	27.699999999999985	-2	34.94999999999996	-2	18.400000000000034	-2	10.460533910533986	-2	14.200533910534006					0.2857142857142857	12.673001443001498	0.2857142857142857	10.716334776334877															-2	8.259999999999998															-2	0															-2	0																																																													0.2857142857142857	0.2857142857142857	0.2857142857142857	0.2857142857142857													0.2857142857142857	0.2857142857142857	0.2857142857142857	0.2857142857142857
662	OOO	Ooo			0.4	28.099999999999984	0.4	35.34999999999996	0.4	18.800000000000033	0.4	10.860533910533986	0.4	14.600533910534006					-2	10.673001443001498	-2	8.716334776334877									-2	31.14	-2	26.15	-2	15.380000000000003	-2	6.259999999999998									-2	19.25	-2	6.049999999999997	-2	0	-2	0									-2	14.755454545454544	-2	0.08767676767677379	-2	0	-2	0									-2	5.515454545454549	-2	0	-2	0	-2	0																																																																
1238	oea	Oea	0.18181818181818182	42.068686868686854	0	28.099999999999984	-2	33.34999999999996	-2	16.800000000000033	-2	8.860533910533986	-2	12.600533910534006					0.18181818181818182	10.85481962481968	0.18181818181818182	8.898152958153059															-2	4.259999999999998															-2	0																																																																									0.18181818181818182	10.595454545454542	0.18181818181818182	6.237676767676769	0.18181818181818182	0.4675324675324675	0.18181818181818182	0.4675324675324675									0.18181818181818182	0.18181818181818182	0.18181818181818182	0.18181818181818182	0.18181818181818182	0.4675324675324675	0.18181818181818182	0.4675324675324675
1282	OOe	Ooe			0.4	28.499999999999982	0.4	33.74999999999996	0.4	17.20000000000003	0.4	9.260533910533987	0.4	13.000533910534006					-2	8.85481962481968	-2	6.898152958153059									-2	29.14	-2	24.15	-2	13.380000000000003	-2	2.259999999999998									-2	17.25	-2	4.049999999999997	-2	0	-2	0									-2	12.755454545454544	-2	0	-2	0	-2	0									-2	3.515454545454549	-2	0	-2	0	-2	0																																									-2	8.595454545454542	-2	4.237676767676769	-2	0	-2	0									-2	0	-2	0	-2	0	-2	0
1460	OOe	Ooe			0.4	28.89999999999998	0.4	34.149999999999956	0.4	17.60000000000003	0.4	9.660533910533987	0.4	13.400533910534007					-2	6.8548196248196795	-2	4.898152958153059									-2	27.14	-2	22.15	-2	11.380000000000003	-2	0.259999999999998									-2	15.25	-2	2.049999999999997	-2	0	-2	0									-2	10.755454545454544	-2	0	-2	0	-2	0									-2	1.5154545454545492	-2	0	-2	0	-2	0																																									-2	6.595454545454542	-2	2.237676767676769	-2	0	-2	0									-2	0	-2	0	-2	0	-2	0
2084	EEu	Eeu			0.5	29.39999999999998					-2	7.660533910533987	-2	11.400533910534007			0.5	34.40999999999999	0.5	7.3548196248196795	0.5	5.398152958153059																																													-2	0	-2	0													-2	0	-2	0																									-2	27.090000000000003	-2	21.85	-2	18.15	-2	11.29									-2	4.595454545454542	-2	0.23767676767676882	-2	0	-2	0									-2	0	-2	0	-2	0	-2	0
2920	OOe	Ooe			0.4	29.79999999999998	0.4	34.549999999999955	0.4	18.00000000000003	0.4	8.060533910533987	0.4	11.800533910534007					-2	5.3548196248196795	-2	3.3981529581530587									-2	25.14	-2	20.15	-2	9.380000000000003	-2	0									-2	13.25	-2	0.04999999999999716	-2	0	-2	0									-2	8.755454545454544	-2	0	-2	0	-2	0									-2	0	-2	0	-2	0	-2	0																																									-2	2.595454545454542	-2	0	-2	0	-2	0									-2	0	-2	0	-2	0	-2	0
3746	eao	Eao	0.2222222222222222	42.290909090909075	0	29.79999999999998					0.2222222222222222	8.282756132756209	0.2222222222222222	12.022756132756228			-2	32.40999999999999	-2	3.3548196248196795	-2	1.3981529581530587																																											0.2222222222222222	0.2222222222222222	0.2222222222222222	0.2222222222222222	0.2222222222222222	0.2222222222222222											0.2222222222222222	0.2222222222222222	0.2222222222222222	0.2222222222222222	0.2222222222222222	0.2222222222222222																																																																
4450	EEE	Eee			0.5	30.29999999999998					-2	6.282756132756209	-2	10.022756132756228			0.5	32.90999999999999	0.5	3.8548196248196795	0.5	1.8981529581530587																																																																																									-2	25.090000000000003	-2	19.85	-2	16.15	-2	9.29									-2	0.5954545454545421	-2	0	-2	0	-2	0									-2	0	-2	0	-2	0	-2	0
11584	oiu	Oiu	0.002857142857142857	42.29376623376622	0	30.29999999999998	-0.02	34.52999999999995	-0.02	17.98000000000003	-0.02	6.262756132756209	-0.02	10.002756132756229					0.002857142857142857	3.857676767676822	0.002857142857142857	1.9010101010102016															-0.02	0															-0.02	0															-0.02	0.20222222222222222																																																													0.002857142857142857	0.002857142857142857	0.002857142857142857	0.002857142857142857													0.002857142857142857	0.002857142857142857	0.002857142857142857	0.002857142857142857
14816	oeu	Oeu	0.0018181818181818182	42.2955844155844	0	30.29999999999998	-0.02	34.50999999999995	-0.02	17.96000000000003	-0.02	6.2427561327562096	-0.02	9.98275613275623					0.0018181818181818182	3.859494949495004	0.0018181818181818182	1.9028282828283833															-0.02	0															-0.02	0																																																																									0.0018181818181818182	0.597272727272724	0.0018181818181818182	0.0018181818181818182	0.0018181818181818182	0.004675324675324675	0.0018181818181818182	0.004675324675324675									0.0018181818181818182	0.0018181818181818182	0.0018181818181818182	0.0018181818181818182	0.0018181818181818182	0.004675324675324675	0.0018181818181818182	0.004675324675324675
15611	oui	Oui	0.0004	42.2959844155844	0	30.29999999999998	-0.002	34.507999999999946	-0.002	17.95800000000003	-0.002	6.24075613275621	-0.002	9.980756132756229					0.0004	3.859894949495004	0.0004	1.9032282828283833													-0.002	9.378000000000002	-0.002	0													-0.002	0	-0.002	0													-0.002	0.2202222222222222	-0.002	0.20022222222222222													-0.002	0.2202222222222222	-0.002	0.2202222222222222																																															0.0004	0.0050753246753246755															0.0004	0.0050753246753246755
16647	oie	Oie	0.0002222222222222222	42.29620663780662	0	30.29999999999998	-0.002	34.50599999999994	-0.002	17.95600000000003	-0.002	6.23875613275621	-0.002	9.978756132756228					0.0002222222222222222	3.8601171717172265	0.0002222222222222222	1.9034505050506054																																																																																																											0.0002222222222222222	0.0020404040404040404	0.0002222222222222222	0.004897546897546898	0.0002222222222222222	0.005297546897546898											0.0002222222222222222	0.0020404040404040404	0.0002222222222222222	0.004897546897546898	0.0002222222222222222	0.005297546897546898
17964	oie	Oie	0.0002222222222222222	42.29642886002884	0	30.29999999999998	-0.002	34.50399999999994	-0.002	17.954000000000033	-0.002	6.23675613275621	-0.002	9.976756132756227					0.0002222222222222222	3.860339393939449	0.0002222222222222222	1.9036727272728275																																																																																																											0.0002222222222222222	0.0022626262626262625	0.0002222222222222222	0.0051197691197691205	0.0002222222222222222	0.005519769119769121											0.0002222222222222222	0.0022626262626262625	0.0002222222222222222	0.0051197691197691205	0.0002222222222222222	0.005519769119769121
TOTAL				42.29642886002884		30.29999999999998		34.50399999999994		17.954000000000033		6.23675613275621		9.976756132756227		57.99999999999997		32.90999999999999		3.860339393939449		1.9036727272728275		50.0		50.0		50.0		50.0		25.14		20.15		9.378000000000002		0		50.0		50.0		50.0		50.0		13.25		0.04999999999999716		0		0		50.0		50.0		50.0		50.0		8.755454545454544		0.2222222222222222		0.2202222222222222		0.20022222222222222		50.0		50.0		50.0		50.0		0		0.2222222222222222		0.2202222222222222		0.2202222222222222		50.0		50.0		50.0		50.0		50.0		50.0		50.0		50.0		50.0		50.0		50.0		50.0		25.090000000000003		19.85		16.15		9.29		50.0		50.0		50.0		50.0		0.597272727272724		0.0022626262626262625		0.0051197691197691205		0.005519769119769121		50.0		50.0		50.0		50.0		0.0018181818181818182		0.0022626262626262625		0.0051197691197691205		0.005519769119769121
