trialnum	Generated	Heard	IdBkSyl1	now	IdBk	now	star_F1	now	star_F3	now	star_F4	now	star_F5	now	star_B1	now	star_B2	now	star_B3	now	star_B5	now	star_F1_B1	now	star_F1..._B1	now	star_F1_B2	now	star_F1..._B2	now	star_F1_B3	now	star_F1..._B3	now	star_F1_B5	now	star_F1..._B5	now	star_F3_B1	now	star_F3..._B1	now	star_F3_B2	now	star_F3..._B2	now	star_F3_B3	now	star_F3..._B3	now	star_F3_B5	now	star_F3..._B5	now	star_F4_B1	now	star_F4..._B1	now	star_F4_B2	now	star_F4..._B2	now	star_F4_B3	now	star_F4..._B3	now	star_F4_B5	now	star_F4..._B5	now	star_F5_B1	now	star_F5..._B1	now	star_F5_B2	now	star_F5..._B2	now	star_F5_B3	now	star_F5..._B3	now	star_F5_B5	now	star_F5..._B5	now	star__B1F1	now	star__B1...F1	now	star__B1F3	now	star__B1...F3	now	star__B1F4	now	star__B1...F4	now	star__B1F5	now	star__B1...F5	now	star__B2F1	now	star__B2...F1	now	star__B2F3	now	star__B2...F3	now	star__B2F4	now	star__B2...F4	now	star__B2F5	now	star__B2...F5	now	star__B3F1	now	star__B3...F1	now	star__B3F3	now	star__B3...F3	now	star__B3F4	now	star__B3...F4	now	star__B3F5	now	star__B3...F5	now	star__B5F1	now	star__B5...F1	now	star__B5F3	now	star__B5...F3	now	star__B5F4	now	star__B5...F4	now	star__B5F5	now	star__B5...F5	now
				0		0		100		100		100		100		100		100		100		100		100		100		100		100		100		100		100		100		100		100		100		100		100		100		100		100		100		100		100		100		100		100		100		100		100		100		100		100		100		100		100		100		100		100		100		100		100		100		100		100		100		100		100		100		100		100		100		100		100		100		100		100		100		100		100		100		100		100		100		100		100		100		100		100
0	Apriori	IdBkSyl1>>IdBk	20	20																																																																																																																																																		
2	aIu	Aiu	2	22	2	2			-2	98	-2	98	-2	98	2	102	2	102	2	102	2	102																															-2	98															-2	98													-2	98	-2	98																																																																
5	Eao	eao	2	24	2	4					-2	96	-2	96			2	104	2	104	2	104																																											-2	98	-2	98	-2	96											-2	98	-2	96	-2	96																																																																
6	ieA	iea			2	6			2	100	2	98	2	98							-2	102																																													-2	96	-2	94													-2	94	-2	94																																																																
6	Apriori	IdBkSyl1>>IdBk	2	26																																																																																																																																																			
7	eOe	Eoe	2	28	2	8	2	102	2	102	2	100	2	100			-2	102	-2	102	-2	100																																																																																											-2	98			-2	98									-2	98	-2	98	-2	98	-2	98									-2	98	-2	98	-2	98	-2	98
9	OOA	ooa	2	30	2	10	2	104	2	104	2	102	2	102					-2	100	-2	98																																																																																																																																
10	uEi	yei	2	32	2	12			-2	102	-2	100	-2	100			2	104	2	102	2	100																																																																																													2	102	2	100													2	100	2	100													2	100	2	100
12	yee	uee	2	34	2	14			2	104	2	102	2	102							-2	98																																																																																																																									-2	96	-2	96	-2	98	-2	98
14	oia	Oia	2	36	2	16	-2	102	-2	102	-2	100	-2	100					2	104	2	100															-2	98															-2	96															-2	92																																																													2	102	2	102													2	100	2	100
15	yoA	uoa	2	38	2	18			2	104	2	102	2	102							-2	98																									2	102	2	102	2	102	2	98									2	102	2	100	2	98	2	94									2	102	2	100	2	96	2	96																																					2	102	2	102	2	100	2	100	2	104	2	104					2	102	2	102	2	98	2	98	2	102	2	102
16	EoE	Eoe			2	20					-2	100	-2	100			2	106	2	106	2	100																																																																																											-2	96			-2	98									-2	98	-2	98	-2	102	-2	102									-2	96	-2	96	-2	100	-2	100
16	Apriori	IdBkSyl1>>IdBk	2	40																																																																																																																																																			
17	OAO	Oao			2	22	2	104	2	106	2	102	2	102					-2	104	-2	98											-2	98	-2	98	-2	96											-2	100	-2	100	-2	96											-2	98	-2	96	-2	92											-2	98	-2	94	-2	94																																																																
17	Apriori	IdBkSyl1>>IdBk	2	42																																																																																																																																																			
19	oaI	Oai	2	44	2	24	-2	102	-2	104	-2	100	-2	100	2	104	2	108	2	106	2	100													-2	96	-2	94													-2	98	-2	94													-2	94	-2	90													-2	92	-2	92																																																													-2	98	-2	98
20	Oa	oa	2	46	2	26	2	104	2	106	2	102	2	102					-2	104	-2	98													2	98	2	96													2	100	2	96													2	96	2	92													2	94	2	94																																																																
21	eio	Eio	2	48	2	28					2	104	2	104			-2	106	-2	102	-2	96																																											2	100			2	94																																													-2	100	-2	96													-2	100	-2	100													-2	96	-2	96
25	aoo	Aoo	2	50	2	30			-2	104	-2	102	-2	102							2	98																									-2	100	-2	98	-2	98	-2	94									-2	100	-2	98	-2	94	-2	92									-2	100	-2	96	-2	92	-2	92																																																																
26	ua	ya	2	52	2	32			-2	102	-2	100	-2	100							2	100																													-2	96	-2	92													-2	92	-2	90													-2	90	-2	90																																																																
28	aea	Aea	2	54	2	34			-2	100	-2	98	-2	98							2	102																															-2	90																																																																																									2	98	2	98	2	98	2	98
30	iyA	iua			2	36			2	102	2	100	2	100							-2	100																																																													-2	88	-2	88																																																																
30	Apriori	IdBkSyl1>>IdBk	2	56																																																																																																																																																			
31	yiO	yio			2	38	2	106	2	104	2	102	2	102					-2	100	-2	98																											-2	96			-2	88											-2	96			-2	88									-2	98	-2	94	-2	86	-2	86																																																																
31	Apriori	IdBkSyl1>>IdBk	2	58																																																																																																																																																			
32	EEa	Eea			2	40					-2	100	-2	100			2	108	2	102	2	100																																													-2	90	-2	86													-2	84	-2	84																									-2	98	-2	94	-2	98	-2	94									-2	96	-2	96	-2	98	-2	98									-2	96	-2	96	-2	96	-2	96
32	Apriori	IdBkSyl1>>IdBk	2	60																																																																																																																																																			
33	ueu	yeu	2	62	2	42			-2	102	-2	98	-2	98							2	102																															-2	86																																																																																									2	98	2	98	2	98	2	98
34	ye	ue	2	64	2	44			2	104	2	100	2	100							-2	100																																																																																																																									-2	96	-2	96	-2	96	-2	96
35	aau	Aau	2	66	2	46			-2	102	-2	98	-2	98							2	102																													-2	94	-2	84													-2	88	-2	84													-2	82	-2	82																																																																
38	Aye	aue	2	68	2	48			2	104	2	100	2	100							-2	100																																																																																																																									-2	94	-2	94	-2	94	-2	94
39	aae	Aae	2	70	2	50			-2	102	-2	98	-2	98							2	102																													-2	92	-2	82													-2	86	-2	82													-2	80	-2	80																																																											2	96			2	96
43	iAe	iae			2	52			2	104	2	100	2	100							-2	100																																																													-2	78	-2	78																																																									-2	92	-2	94	-2	92	-2	94
43	Apriori	IdBkSyl1>>IdBk	2	72																																																																																																																																																			
45	uii	yii	2	74	2	54			-2	102	-2	98	-2	98							2	102																																																																																																																													2	94	2	96
46	yiO	uio	2	76	2	56	2	108	2	104	2	100	2	100					-2	100	-2	100																																																									-2	96	-2	92	-2	76	-2	76																																																													-2	92	-2	94
48	uae	yae	2	78	2	58			-2	102	-2	98	-2	98							2	102																													-2	90	-2	80													-2	84	-2	80													-2	74	-2	74																																																											2	96			2	96
49	oeA	Oea	2	80	2	60	-2	106											2	102																	-2	94															-2	78													-2	82	-2	78													-2	72	-2	72																																							2	104	2	98	2	98	2	100	2	100							2	104	2	94	2	98	2	94	2	98
51	eai	Eai	2	82	2	62					2	100	2	100			-2	106	-2	100	-2	100																																													2	84	2	80													2	74	2	74																															-2	92															-2	98															-2	96
54	ee	Ee	2	84	2	64					2	102	2	102			-2	104	-2	98	-2	98																																																																																									-2	96	-2	92	-2	96	-2	90									-2	96	-2	96	-2	98	-2	96									-2	92	-2	96	-2	92	-2	94
55	aai	Aai	2	86	2	66			-2	100	-2	100	-2	100							2	100																													-2	88	-2	76													-2	82	-2	78													-2	72	-2	72																																																															2	96
57	oai	Oai	2	88	2	68	-2	104	-2	98	-2	98	-2	98					2	100	2	102													-2	96	-2	92													-2	86	-2	74													-2	80	-2	76													-2	70	-2	70																																															2	98															2	98
58	aee	Aee	2	90	2	70			-2	96	-2	96	-2	96							2	104																																																																																																																									2	94	2	98	2	94	2	100
59	oyo	ouo			2	72			2	98	2	98	2	98							-2	102																									2	102	2	98	2	88	2	76									2	102	2	98	2	82	2	78									2	98	2	94	2	72	2	72																																					2	104	2	106	2	98	2	98	2	100	2	100					2	104	2	106	2	96	2	100	2	96	2	102
59	Apriori	IdBkSyl1>>IdBk	2	92																																																																																																																																																			
60	AAO	aao	2	94	2	74	2	106	2	100	2	100	2	100					-2	98	-2	100																																																																																																																																
62	ai	Ai	2	96	2	76			-2	98	-2	98	-2	98							2	102																																																																																																																													2	98	2	104
63	oua	Oua	2	98	2	78	-2	104	-2	96	-2	96	-2	96					2	100	2	104													-2	94	-2	90													-2	86	-2	74													-2	80	-2	76													-2	70	-2	70																																																																
64	yAA	uaa	2	100	2	80			2	98	2	98	2	98							-2	102																																																																																																																																
65	Oiy	oiu	2	102	2	82	2	106	2	100	2	100	2	100					-2	98	-2	100																																																													-2	68	-2	68																																													-2	98	-2	98													-2	96	-2	102
67	iyi	iui			2	84			2	102	2	102	2	102							-2	98																																																													-2	66	-2	66																																																													-2	94	-2	100
67	Apriori	IdBkSyl1>>IdBk	2	104																																																																																																																																																			
68	uEu	yeu	2	106	2	86			-2	100	-2	100	-2	100			2	106	2	100	2	100																															-2	72													-2	78	-2	74													-2	64	-2	64																																																																
69	OA	Oa			2	88			2	102	2	102	2	102							-2	98													-2	92	-2	88													-2	84	-2	70													-2	76	-2	72													-2	62	-2	62																																																																
69	Apriori	IdBkSyl1>>IdBk	2	108																																																																																																																																																			
85	AEu	Aeu			2	90					-2	100	-2	100			2	108	2	102	2	100																					2	102	2	102	2	104	2	100	2	86	2	72					2	102	2	102	2	104	2	100			2	74					2	102	2	102	2	100	2	96			2	64																																																																
85	Apriori	IdBkSyl1>>IdBk	2	110																																																																																																																																																			
88	Oye	Oue			2	92			2	104	2	102	2	102							-2	98													-2	90	-2	86													-2	84	-2	70													-2	74	-2	72													-2	60	-2	62																																																									-2	94	-2	98	-2	92	-2	98
88	Apriori	IdBkSyl1>>IdBk	2	112																																																																																																																																																			
94	ouI	oui			2	94							-2	100	2	106	2	110	2	104	2	100																																																																																																															-2	96													-2	90	-2	96
94	Apriori	IdBkSyl1>>IdBk	2	114																																																																																																																																																			
95	oeO	oeo			2	96	2	108	2	106	2	104	2	102					-2	102	-2	98																																									-2	102	-2	98	-2	72	-2	70									-2	98	-2	94	-2	58	-2	60																																			2	102			2	108											2	102			2	108								
95	Apriori	IdBkSyl1>>IdBk	2	116																																																																																																																																																			
268	OeO	Oeo			2	98	2	110	2	108	2	106	2	104					-2	100	-2	96											-2	96			-2	84											-2	98			-2	68									-2	100	-2	96	-2	70	-2	68									-2	96	-2	92	-2	56	-2	58																																																																
268	Apriori	IdBkSyl1>>IdBk	2	118																																																																																																																																																			
325	iuE	iue			2	100					-2	104	-2	102			2	112	2	102	2	98																																																							2	104			2	94			2	60																																																									-2	92	-2	96	-2	88	-2	94
325	Apriori	IdBkSyl1>>IdBk	2	120																																																																																																																																																			
1458	uEa	uea			2	102					-2	102	-2	100			2	114	2	104	2	100																																													-2	68	-2	66													-2	54	-2	58																																																									-2	90	-2	94	-2	86	-2	92
1458	Apriori	IdBkSyl1>>IdBk	2	122																																																																																																																																																			
1461	eyO	euo			2	104	2	112	2	110	2	104	2	102					-2	102	-2	98																																											-2	94	-2	66	-2	64											-2	92	-2	52	-2	56																																																																
1461	Apriori	IdBkSyl1>>IdBk	2	124																																																																																																																																																			
1601	euu	Euu	2	126	2	106					2	106	2	104			-2	112	-2	100	-2	96																																													2	68	2	66													2	54	2	58																																																																
1680	OI	Oi			2	108							-2	102	2	108	2	114	2	102	2	98	2	102	2	102	2	102	2	102	2	102	2	98	2	92	2	86	2	102	2	102	2	104	2	104	2	106	2	100	2	86	2	70	2	102	2	102	2	104	2	104	2	102	2	96	2	70	2	68	2	102	2	102	2	104	2	106	2	98	2	94	2	56	2	60																																																																
1680	Apriori	IdBkSyl1>>IdBk	2	128																																																																																																																																																			
5183	yO	yo			0.2	108.2	0.2	112.2	0.2	110.2	0.2	106.2	0.2	102.2					-0.2	101.8	-0.2	97.8																									-0.2	105.8	-0.2	99.8	-0.2	85.8	-0.2	69.8									-0.2	101.8	-0.2	95.8	-0.2	69.8	-0.2	67.8									-0.2	97.8	-0.2	93.8	-0.2	55.8	-0.2	59.8																																																																
5183	Apriori	IdBkSyl1>>IdBk	0.19999999999998863	128.2																																																																																																																																																			
5632	OEo	Oeo			0.2	108.4					-0.2	106.0	-0.2	102.0			0.2	114.2	0.2	102.0	0.2	98.0					0.2	102.2	0.2	102.2	0.2	102.2	0.2	98.2	0.2	92.2	0.2	86.2					0.2	104.2	0.2	104.2	0.2	106.0	0.2	100.0	0.2	86.0	0.2	70.0					0.2	104.2	0.2	104.2			0.2	96.0			0.2	68.0					0.2	104.2	0.2	106.2			0.2	94.0			0.2	60.0																																																																
5632	Apriori	IdBkSyl1>>IdBk	0.20000000000001705	128.4																																																																																																																																																			
5721	iuE	iue			0.2	108.60000000000001					-0.2	105.8	-0.2	101.8			0.2	114.4	0.2	102.2	0.2	98.2																																																							0.2	106.4			0.2	94.2			0.2	60.2																																																									-0.2	89.8	-0.2	93.8	-0.2	85.8	-0.2	91.8
5721	Apriori	IdBkSyl1>>IdBk	0.20000000000001705	128.60000000000002																																																																																																																																																			
6637	EE	Ee			0.2	108.80000000000001					-0.2	105.6	-0.2	101.6			0.2	114.60000000000001	0.2	102.4	0.2	98.4																																																																																									-0.2	95.8	-0.2	91.8	-0.2	95.8	-0.2	89.8									-0.2	97.8	-0.2	97.8	-0.2	97.8	-0.2	95.8									-0.2	89.6	-0.2	93.6	-0.2	85.6	-0.2	91.6
6637	Apriori	IdBkSyl1>>IdBk	0.19999999999998863	128.8																																																																																																																																																			
9835	uiE	uie			0.2	109.00000000000001					-0.2	105.39999999999999	-0.2	101.39999999999999			0.2	114.80000000000001	0.2	102.60000000000001	0.2	98.60000000000001																																																					0.2	104.4	0.2	106.60000000000001	0.2	98.0	0.2	94.4	0.2	56.0	0.2	60.400000000000006																																																											-0.2	93.39999999999999				
9835	Apriori	IdBkSyl1>>IdBk	0.19999999999998863	129.0																																																																																																																																																			
9930	yEa	yea			0.2	109.20000000000002					-0.2	105.19999999999999	-0.2	101.19999999999999			0.2	115.00000000000001	0.2	102.80000000000001	0.2	98.80000000000001																					0.2	104.4	0.2	104.4	0.2	106.2	0.2	100.2	0.2	86.2	0.2	70.2					0.2	104.4	0.2	104.4	0.2	102.0	0.2	96.2			0.2	68.2					0.2	104.60000000000001	0.2	106.80000000000001	0.2	98.2	0.2	94.60000000000001			0.2	60.60000000000001																																																																
9930	Apriori	IdBkSyl1>>IdBk	0.20000000000001705	129.20000000000002																																																																																																																																																			
12417	AO	Ao			0.02	109.22000000000001	0.02	112.22	0.02	110.22	0.02	105.21999999999998	0.02	101.21999999999998					-0.02	102.78000000000002	-0.02	98.78000000000002																									-0.02	106.18	-0.02	100.18	-0.02	86.18	-0.02	70.18									-0.02	101.98	-0.02	96.18	-0.02	69.78	-0.02	68.18									-0.02	98.18	-0.02	94.58000000000001	-0.02	55.98	-0.02	60.580000000000005																																																																
12417	Apriori	IdBkSyl1>>IdBk	0.020000000000010232	129.22000000000003																																																																																																																																																			
